Time	Node	PitItems
1	1	Rtr2	110
2	1	Rtr2	55
3	1	Rtr2	447
4	1	Rtr2	843
5	1	Rtr2	814
6	1	Rtr2	810
7	1	Rtr2	420
8	1	Rtr2	19
9	1	Rtr2	13
10	1	Rtr2	9
11	1	Rtr2	12
12	1	Rtr2	9
13	1	Rtr2	11
14	1	Rtr2	10
15	1	Rtr2	5
16	1	Rtr2	9
17	1	Rtr2	8
18	1	Rtr2	12
19	1	Rtr2	9
20	1	Rtr2	4
21	1	Rtr2	9
22	1	Rtr2	10
23	1	Rtr2	9
24	1	Rtr2	407
25	1	Rtr2	809
26	1	Rtr2	813
27	1	Rtr2	817
28	1	Rtr2	414
29	1	Rtr2	11
30	1	Rtr2	9
31	1	Rtr2	6
32	1	Rtr2	7
33	1	Rtr2	8
34	1	Rtr2	9
35	1	Rtr2	9
36	1	Rtr2	6
37	1	Rtr2	6
38	1	Rtr2	7
39	1	Rtr2	6
40	1	Rtr2	8
41	1	Rtr2	11
42	1	Rtr2	5
43	1	Rtr2	11
44	1	Rtr2	9
45	1	Rtr2	417
46	1	Rtr2	821
47	1	Rtr2	823
48	1	Rtr2	825
49	1	Rtr2	422
50	1	Rtr2	11
51	1	Rtr2	6
52	1	Rtr2	8
53	1	Rtr2	11
54	1	Rtr2	12
55	1	Rtr2	10
56	1	Rtr2	121
57	1	Rtr2	79
58	1	Rtr2	76
59	1	Rtr2	73
60	1	Rtr2	9
61	1	Rtr2	9
62	1	Rtr2	9
63	1	Rtr2	7
64	1	Rtr2	11
65	1	Rtr2	10
66	1	Rtr2	415
67	1	Rtr2	831
68	1	Rtr2	834
69	1	Rtr2	835
70	1	Rtr2	425
71	1	Rtr2	16
72	1	Rtr2	9
73	1	Rtr2	9
74	1	Rtr2	10
75	1	Rtr2	13
76	1	Rtr2	9
77	1	Rtr2	8
78	1	Rtr2	7
79	1	Rtr2	10
80	1	Rtr2	10
81	1	Rtr2	7
82	1	Rtr2	10
83	1	Rtr2	7
84	1	Rtr2	10
85	1	Rtr2	8
86	1	Rtr2	11
87	1	Rtr2	421
88	1	Rtr2	834
89	1	Rtr2	843
90	1	Rtr2	842
91	1	Rtr2	431
92	1	Rtr2	14
93	1	Rtr2	8
94	1	Rtr2	9
95	1	Rtr2	11
96	1	Rtr2	8
97	1	Rtr2	8
98	1	Rtr2	8
99	1	Rtr2	11
100	1	Rtr2	10
101	1	Rtr2	6
102	1	Rtr2	10
103	1	Rtr2	11
104	1	Rtr2	7
105	1	Rtr2	7
106	1	Rtr2	10
107	1	Rtr2	9
108	1	Rtr2	422
109	1	Rtr2	843
110	1	Rtr2	848
111	1	Rtr2	935
112	1	Rtr2	487
113	1	Rtr2	67
114	1	Rtr2	60
115	1	Rtr2	11
116	1	Rtr2	7
117	1	Rtr2	9
118	1	Rtr2	11
119	1	Rtr2	8
120	1	Rtr2	9
121	1	Rtr2	10
122	1	Rtr2	11
123	1	Rtr2	11
124	1	Rtr2	8
125	1	Rtr2	10
126	1	Rtr2	13
127	1	Rtr2	10
128	1	Rtr2	10
129	1	Rtr2	433
130	1	Rtr2	852
131	1	Rtr2	858
132	1	Rtr2	856
133	1	Rtr2	433
134	1	Rtr2	18
135	1	Rtr2	9
136	1	Rtr2	10
137	1	Rtr2	11
138	1	Rtr2	12
139	1	Rtr2	8
140	1	Rtr2	10
141	1	Rtr2	10
142	1	Rtr2	8
143	1	Rtr2	6
144	1	Rtr2	12
145	1	Rtr2	10
146	1	Rtr2	9
147	1	Rtr2	13
148	1	Rtr2	13
149	1	Rtr2	10
150	1	Rtr2	436
151	1	Rtr2	866
152	1	Rtr2	867
153	1	Rtr2	868
154	1	Rtr2	444
155	1	Rtr2	20
156	1	Rtr2	15
157	1	Rtr2	13
158	1	Rtr2	6
159	1	Rtr2	12
160	1	Rtr2	10
161	1	Rtr2	127
162	1	Rtr2	86
163	1	Rtr2	82
164	1	Rtr2	81
165	1	Rtr2	14
166	1	Rtr2	12
167	1	Rtr2	8
168	1	Rtr2	12
169	1	Rtr2	10
170	1	Rtr2	8
171	1	Rtr2	438
172	1	Rtr2	868
173	1	Rtr2	877
174	1	Rtr2	877
175	1	Rtr2	445
176	1	Rtr2	19
177	1	Rtr2	12
178	1	Rtr2	11
179	1	Rtr2	12
180	1	Rtr2	12
181	1	Rtr2	16
182	1	Rtr2	10
183	1	Rtr2	13
184	1	Rtr2	8
185	1	Rtr2	12
186	1	Rtr2	6
187	1	Rtr2	8
188	1	Rtr2	14
189	1	Rtr2	12
190	1	Rtr2	6
191	1	Rtr2	9
192	1	Rtr2	443
193	1	Rtr2	878
194	1	Rtr2	882
195	1	Rtr2	881
196	1	Rtr2	453
197	1	Rtr2	14
198	1	Rtr2	9
199	1	Rtr2	9
200	1	Rtr2	9
201	1	Rtr2	8
202	1	Rtr2	10
203	1	Rtr2	8
204	1	Rtr2	10
205	1	Rtr2	11
206	1	Rtr2	12
207	1	Rtr2	10
208	1	Rtr2	10
209	1	Rtr2	9
210	1	Rtr2	8
211	1	Rtr2	12
212	1	Rtr2	10
213	1	Rtr2	449
214	1	Rtr2	886
215	1	Rtr2	891
216	1	Rtr2	887
217	1	Rtr2	455
218	1	Rtr2	16
219	1	Rtr2	12
220	1	Rtr2	13
221	1	Rtr2	118
222	1	Rtr2	78
223	1	Rtr2	75
224	1	Rtr2	68
225	1	Rtr2	11
226	1	Rtr2	11
227	1	Rtr2	9
228	1	Rtr2	11
229	1	Rtr2	7
230	1	Rtr2	12
231	1	Rtr2	9
232	1	Rtr2	14
233	1	Rtr2	12
234	1	Rtr2	451
235	1	Rtr2	896
236	1	Rtr2	900
237	1	Rtr2	899
238	1	Rtr2	460
239	1	Rtr2	17
240	1	Rtr2	10
241	1	Rtr2	13
242	1	Rtr2	12
243	1	Rtr2	12
244	1	Rtr2	10
245	1	Rtr2	10
246	1	Rtr2	12
247	1	Rtr2	14
248	1	Rtr2	14
249	1	Rtr2	12
250	1	Rtr2	12
251	1	Rtr2	9
252	1	Rtr2	9
253	1	Rtr2	17
254	1	Rtr2	12
255	1	Rtr2	459
256	1	Rtr2	905
257	1	Rtr2	906
258	1	Rtr2	906
259	1	Rtr2	464
260	1	Rtr2	16
261	1	Rtr2	13
262	1	Rtr2	8
263	1	Rtr2	12
264	1	Rtr2	12
265	1	Rtr2	9
266	1	Rtr2	124
267	1	Rtr2	78
268	1	Rtr2	77
269	1	Rtr2	78
270	1	Rtr2	13
271	1	Rtr2	16
272	1	Rtr2	16
273	1	Rtr2	14
274	1	Rtr2	11
275	1	Rtr2	6
276	1	Rtr2	457
277	1	Rtr2	907
278	1	Rtr2	922
279	1	Rtr2	918
280	1	Rtr2	470
281	1	Rtr2	17
282	1	Rtr2	12
283	1	Rtr2	14
284	1	Rtr2	14
285	1	Rtr2	14
286	1	Rtr2	11
287	1	Rtr2	15
288	1	Rtr2	13
289	1	Rtr2	11
290	1	Rtr2	12
291	1	Rtr2	13
292	1	Rtr2	12
293	1	Rtr2	14
294	1	Rtr2	12
295	1	Rtr2	12
296	1	Rtr2	9
297	1	Rtr2	466
298	1	Rtr2	920
299	1	Rtr2	924
300	1	Rtr2	925
301	1	Rtr2	477
302	1	Rtr2	16
303	1	Rtr2	468
304	1	Rtr2	929
305	1	Rtr2	935
306	1	Rtr2	931
307	1	Rtr2	479
308	1	Rtr2	18
309	1	Rtr2	13
310	1	Rtr2	12
311	1	Rtr2	11
312	1	Rtr2	12
313	1	Rtr2	14
314	1	Rtr2	11
315	1	Rtr2	14
316	1	Rtr2	16
317	1	Rtr2	13
318	1	Rtr2	16
319	1	Rtr2	13
320	1	Rtr2	17
321	1	Rtr2	130
322	1	Rtr2	90
323	1	Rtr2	80
324	1	Rtr2	543
325	1	Rtr2	941
326	1	Rtr2	937
327	1	Rtr2	938
328	1	Rtr2	477
329	1	Rtr2	21
330	1	Rtr2	15
331	1	Rtr2	14
332	1	Rtr2	9
333	1	Rtr2	15
334	1	Rtr2	9
335	1	Rtr2	10
336	1	Rtr2	11
337	1	Rtr2	14
338	1	Rtr2	15
339	1	Rtr2	16
340	1	Rtr2	16
341	1	Rtr2	12
342	1	Rtr2	14
343	1	Rtr2	13
344	1	Rtr2	12
345	1	Rtr2	477
346	1	Rtr2	944
347	1	Rtr2	945
348	1	Rtr2	952
349	1	Rtr2	489
350	1	Rtr2	20
351	1	Rtr2	11
352	1	Rtr2	11
353	1	Rtr2	8
354	1	Rtr2	13
355	1	Rtr2	12
356	1	Rtr2	15
357	1	Rtr2	12
358	1	Rtr2	13
359	1	Rtr2	11
360	1	Rtr2	12
361	1	Rtr2	14
362	1	Rtr2	14
363	1	Rtr2	14
364	1	Rtr2	19
365	1	Rtr2	13
366	1	Rtr2	487
367	1	Rtr2	961
368	1	Rtr2	958
369	1	Rtr2	956
370	1	Rtr2	486
371	1	Rtr2	18
372	1	Rtr2	15
373	1	Rtr2	14
374	1	Rtr2	9
375	1	Rtr2	11
376	1	Rtr2	141
377	1	Rtr2	98
378	1	Rtr2	95
379	1	Rtr2	90
380	1	Rtr2	12
381	1	Rtr2	14
382	1	Rtr2	13
383	1	Rtr2	16
384	1	Rtr2	10
385	1	Rtr2	9
386	1	Rtr2	13
387	1	Rtr2	488
388	1	Rtr2	965
389	1	Rtr2	970
390	1	Rtr2	977
391	1	Rtr2	501
392	1	Rtr2	26
393	1	Rtr2	19
394	1	Rtr2	21
395	1	Rtr2	14
396	1	Rtr2	18
397	1	Rtr2	13
398	1	Rtr2	15
399	1	Rtr2	14
400	1	Rtr2	16
401	1	Rtr2	9
402	1	Rtr2	9
403	1	Rtr2	17
404	1	Rtr2	18
405	1	Rtr2	19
406	1	Rtr2	11
407	1	Rtr2	18
408	1	Rtr2	493
409	1	Rtr2	968
410	1	Rtr2	980
411	1	Rtr2	981
412	1	Rtr2	505
413	1	Rtr2	17
414	1	Rtr2	12
415	1	Rtr2	11
416	1	Rtr2	17
417	1	Rtr2	16
418	1	Rtr2	19
419	1	Rtr2	12
420	1	Rtr2	13
421	1	Rtr2	16
422	1	Rtr2	19
423	1	Rtr2	13
424	1	Rtr2	17
425	1	Rtr2	15
426	1	Rtr2	16
427	1	Rtr2	10
428	1	Rtr2	15
429	1	Rtr2	500
430	1	Rtr2	987
431	1	Rtr2	988
432	1	Rtr2	992
433	1	Rtr2	633
434	1	Rtr2	91
435	1	Rtr2	80
436	1	Rtr2	80
437	1	Rtr2	17
438	1	Rtr2	15
439	1	Rtr2	15
440	1	Rtr2	12
441	1	Rtr2	15
442	1	Rtr2	14
443	1	Rtr2	19
444	1	Rtr2	15
445	1	Rtr2	15
446	1	Rtr2	15
447	1	Rtr2	15
448	1	Rtr2	14
449	1	Rtr2	13
450	1	Rtr2	501
451	1	Rtr2	986
452	1	Rtr2	996
453	1	Rtr2	996
454	1	Rtr2	506
455	1	Rtr2	19
456	1	Rtr2	17
457	1	Rtr2	15
458	1	Rtr2	10
459	1	Rtr2	18
460	1	Rtr2	14
461	1	Rtr2	18
462	1	Rtr2	17
463	1	Rtr2	15
464	1	Rtr2	19
465	1	Rtr2	12
466	1	Rtr2	13
467	1	Rtr2	19
468	1	Rtr2	14
469	1	Rtr2	16
470	1	Rtr2	9
471	1	Rtr2	501
472	1	Rtr2	1001
473	1	Rtr2	1003
474	1	Rtr2	996
475	1	Rtr2	518
476	1	Rtr2	19
477	1	Rtr2	15
478	1	Rtr2	12
479	1	Rtr2	12
480	1	Rtr2	18
481	1	Rtr2	18
482	1	Rtr2	16
483	1	Rtr2	13
484	1	Rtr2	21
485	1	Rtr2	16
486	1	Rtr2	16
487	1	Rtr2	16
488	1	Rtr2	17
489	1	Rtr2	17
490	1	Rtr2	14
491	1	Rtr2	155
492	1	Rtr2	601
493	1	Rtr2	1089
494	1	Rtr2	1095
495	1	Rtr2	1017
496	1	Rtr2	527
497	1	Rtr2	33
498	1	Rtr2	16
499	1	Rtr2	16
500	1	Rtr2	14
501	1	Rtr2	16
502	1	Rtr2	17
503	1	Rtr2	17
504	1	Rtr2	15
505	1	Rtr2	16
506	1	Rtr2	12
507	1	Rtr2	10
508	1	Rtr2	15
509	1	Rtr2	16
510	1	Rtr2	16
511	1	Rtr2	22
512	1	Rtr2	19
513	1	Rtr2	511
514	1	Rtr2	1017
515	1	Rtr2	1028
516	1	Rtr2	1030
517	1	Rtr2	527
518	1	Rtr2	27
519	1	Rtr2	11
520	1	Rtr2	13
521	1	Rtr2	20
522	1	Rtr2	20
523	1	Rtr2	16
524	1	Rtr2	16
525	1	Rtr2	11
526	1	Rtr2	12
527	1	Rtr2	21
528	1	Rtr2	18
529	1	Rtr2	22
530	1	Rtr2	24
531	1	Rtr2	14
532	1	Rtr2	23
533	1	Rtr2	19
534	1	Rtr2	517
535	1	Rtr2	1025
536	1	Rtr2	1030
537	1	Rtr2	1038
538	1	Rtr2	529
539	1	Rtr2	25
540	1	Rtr2	12
541	1	Rtr2	20
542	1	Rtr2	18
543	1	Rtr2	18
544	1	Rtr2	18
545	1	Rtr2	20
546	1	Rtr2	19
547	1	Rtr2	152
548	1	Rtr2	107
549	1	Rtr2	103
550	1	Rtr2	105
551	1	Rtr2	22
552	1	Rtr2	22
553	1	Rtr2	19
554	1	Rtr2	12
555	1	Rtr2	527
556	1	Rtr2	1035
557	1	Rtr2	1039
558	1	Rtr2	1039
559	1	Rtr2	528
560	1	Rtr2	35
561	1	Rtr2	21
562	1	Rtr2	15
563	1	Rtr2	15
564	1	Rtr2	176
565	1	Rtr2	169
566	1	Rtr2	147
567	1	Rtr2	149
568	1	Rtr2	20
569	1	Rtr2	21
570	1	Rtr2	18
571	1	Rtr2	14
572	1	Rtr2	23
573	1	Rtr2	20
574	1	Rtr2	26
575	1	Rtr2	20
576	1	Rtr2	526
577	1	Rtr2	1034
578	1	Rtr2	1045
579	1	Rtr2	1048
580	1	Rtr2	548
581	1	Rtr2	38
582	1	Rtr2	30
583	1	Rtr2	21
584	1	Rtr2	18
585	1	Rtr2	22
586	1	Rtr2	21
587	1	Rtr2	20
588	1	Rtr2	17
589	1	Rtr2	13
590	1	Rtr2	18
591	1	Rtr2	18
592	1	Rtr2	28
593	1	Rtr2	21
594	1	Rtr2	17
595	1	Rtr2	19
596	1	Rtr2	22
597	1	Rtr2	538
598	1	Rtr2	1059
599	1	Rtr2	1054
600	1	Rtr2	1063
601	1	Rtr2	555
602	1	Rtr2	34
603	1	Rtr2	538
604	1	Rtr2	1065
605	1	Rtr2	1078
606	1	Rtr2	1078
607	1	Rtr2	559
608	1	Rtr2	33
609	1	Rtr2	28
610	1	Rtr2	29
611	1	Rtr2	26
612	1	Rtr2	19
613	1	Rtr2	21
614	1	Rtr2	29
615	1	Rtr2	28
616	1	Rtr2	21
617	1	Rtr2	21
618	1	Rtr2	20
619	1	Rtr2	21
620	1	Rtr2	23
621	1	Rtr2	23
622	1	Rtr2	31
623	1	Rtr2	193
624	1	Rtr2	660
625	1	Rtr2	1194
626	1	Rtr2	1189
627	1	Rtr2	1093
628	1	Rtr2	554
629	1	Rtr2	27
630	1	Rtr2	24
631	1	Rtr2	25
632	1	Rtr2	18
633	1	Rtr2	21
634	1	Rtr2	27
635	1	Rtr2	29
636	1	Rtr2	13
637	1	Rtr2	22
638	1	Rtr2	21
639	1	Rtr2	18
640	1	Rtr2	18
641	1	Rtr2	31
642	1	Rtr2	34
643	1	Rtr2	27
644	1	Rtr2	24
645	1	Rtr2	546
646	1	Rtr2	1078
647	1	Rtr2	1086
648	1	Rtr2	1079
649	1	Rtr2	560
650	1	Rtr2	32
651	1	Rtr2	23
652	1	Rtr2	21
653	1	Rtr2	23
654	1	Rtr2	18
655	1	Rtr2	26
656	1	Rtr2	22
657	1	Rtr2	21
658	1	Rtr2	17
659	1	Rtr2	22
660	1	Rtr2	23
661	1	Rtr2	20
662	1	Rtr2	21
663	1	Rtr2	28
664	1	Rtr2	31
665	1	Rtr2	25
666	1	Rtr2	554
667	1	Rtr2	1087
668	1	Rtr2	1091
669	1	Rtr2	1088
670	1	Rtr2	572
671	1	Rtr2	34
672	1	Rtr2	35
673	1	Rtr2	24
674	1	Rtr2	24
675	1	Rtr2	23
676	1	Rtr2	18
677	1	Rtr2	17
678	1	Rtr2	23
679	1	Rtr2	151
680	1	Rtr2	155
681	1	Rtr2	137
682	1	Rtr2	140
683	1	Rtr2	30
684	1	Rtr2	22
685	1	Rtr2	26
686	1	Rtr2	32
687	1	Rtr2	547
688	1	Rtr2	1083
689	1	Rtr2	1099
690	1	Rtr2	1112
691	1	Rtr2	572
692	1	Rtr2	53
693	1	Rtr2	37
694	1	Rtr2	23
695	1	Rtr2	28
696	1	Rtr2	23
697	1	Rtr2	20
698	1	Rtr2	23
699	1	Rtr2	26
700	1	Rtr2	31
701	1	Rtr2	30
702	1	Rtr2	43
703	1	Rtr2	27
704	1	Rtr2	25
705	1	Rtr2	34
706	1	Rtr2	26
707	1	Rtr2	21
708	1	Rtr2	561
709	1	Rtr2	1104
710	1	Rtr2	1114
711	1	Rtr2	1119
712	1	Rtr2	588
713	1	Rtr2	46
714	1	Rtr2	28
715	1	Rtr2	31
716	1	Rtr2	39
717	1	Rtr2	37
718	1	Rtr2	20
719	1	Rtr2	20
720	1	Rtr2	28
721	1	Rtr2	32
722	1	Rtr2	15
723	1	Rtr2	18
724	1	Rtr2	23
725	1	Rtr2	21
726	1	Rtr2	24
727	1	Rtr2	20
728	1	Rtr2	25
729	1	Rtr2	570
730	1	Rtr2	1134
731	1	Rtr2	1134
732	1	Rtr2	1128
733	1	Rtr2	583
734	1	Rtr2	44
735	1	Rtr2	35
736	1	Rtr2	33
737	1	Rtr2	43
738	1	Rtr2	29
739	1	Rtr2	25
740	1	Rtr2	21
741	1	Rtr2	22
742	1	Rtr2	174
743	1	Rtr2	146
744	1	Rtr2	127
745	1	Rtr2	130
746	1	Rtr2	36
747	1	Rtr2	34
748	1	Rtr2	27
749	1	Rtr2	20
750	1	Rtr2	573
751	1	Rtr2	1130
752	1	Rtr2	1128
753	1	Rtr2	1133
754	1	Rtr2	612
755	1	Rtr2	67
756	1	Rtr2	56
757	1	Rtr2	49
758	1	Rtr2	25
759	1	Rtr2	30
760	1	Rtr2	29
761	1	Rtr2	37
762	1	Rtr2	21
763	1	Rtr2	21
764	1	Rtr2	21
765	1	Rtr2	28
766	1	Rtr2	34
767	1	Rtr2	12
768	1	Rtr2	27
769	1	Rtr2	30
770	1	Rtr2	188
771	1	Rtr2	689
772	1	Rtr2	1228
773	1	Rtr2	1234
774	1	Rtr2	1129
775	1	Rtr2	591
776	1	Rtr2	46
777	1	Rtr2	46
778	1	Rtr2	34
779	1	Rtr2	27
780	1	Rtr2	36
781	1	Rtr2	27
782	1	Rtr2	17
783	1	Rtr2	22
784	1	Rtr2	21
785	1	Rtr2	41
786	1	Rtr2	36
787	1	Rtr2	43
788	1	Rtr2	34
789	1	Rtr2	25
790	1	Rtr2	35
791	1	Rtr2	35
792	1	Rtr2	593
793	1	Rtr2	1143
794	1	Rtr2	1146
795	1	Rtr2	1158
796	1	Rtr2	609
797	1	Rtr2	68
798	1	Rtr2	41
799	1	Rtr2	23
800	1	Rtr2	30
801	1	Rtr2	43
802	1	Rtr2	26
803	1	Rtr2	33
804	1	Rtr2	29
805	1	Rtr2	31
806	1	Rtr2	42
807	1	Rtr2	41
808	1	Rtr2	25
809	1	Rtr2	16
810	1	Rtr2	39
811	1	Rtr2	34
812	1	Rtr2	33
813	1	Rtr2	587
814	1	Rtr2	1148
815	1	Rtr2	1166
816	1	Rtr2	1167
817	1	Rtr2	626
818	1	Rtr2	59
819	1	Rtr2	47
820	1	Rtr2	57
821	1	Rtr2	60
822	1	Rtr2	50
823	1	Rtr2	38
824	1	Rtr2	38
825	1	Rtr2	46
826	1	Rtr2	54
827	1	Rtr2	47
828	1	Rtr2	45
829	1	Rtr2	24
830	1	Rtr2	31
831	1	Rtr2	43
832	1	Rtr2	39
833	1	Rtr2	23
834	1	Rtr2	582
835	1	Rtr2	1154
836	1	Rtr2	1179
837	1	Rtr2	1174
838	1	Rtr2	626
839	1	Rtr2	174
840	1	Rtr2	157
841	1	Rtr2	172
842	1	Rtr2	172
843	1	Rtr2	53
844	1	Rtr2	46
845	1	Rtr2	43
846	1	Rtr2	53
847	1	Rtr2	41
848	1	Rtr2	30
849	1	Rtr2	29
850	1	Rtr2	42
851	1	Rtr2	34
852	1	Rtr2	23
853	1	Rtr2	24
854	1	Rtr2	34
855	1	Rtr2	606
856	1	Rtr2	1175
857	1	Rtr2	1180
858	1	Rtr2	1175
859	1	Rtr2	613
860	1	Rtr2	64
861	1	Rtr2	48
862	1	Rtr2	58
863	1	Rtr2	55
864	1	Rtr2	46
865	1	Rtr2	59
866	1	Rtr2	52
867	1	Rtr2	48
868	1	Rtr2	49
869	1	Rtr2	30
870	1	Rtr2	45
871	1	Rtr2	44
872	1	Rtr2	35
873	1	Rtr2	31
874	1	Rtr2	28
875	1	Rtr2	46
876	1	Rtr2	608
877	1	Rtr2	1180
878	1	Rtr2	1183
879	1	Rtr2	1178
880	1	Rtr2	633
881	1	Rtr2	68
882	1	Rtr2	70
883	1	Rtr2	40
884	1	Rtr2	37
885	1	Rtr2	64
886	1	Rtr2	46
887	1	Rtr2	52
888	1	Rtr2	41
889	1	Rtr2	45
890	1	Rtr2	68
891	1	Rtr2	193
892	1	Rtr2	159
893	1	Rtr2	142
894	1	Rtr2	137
895	1	Rtr2	75
896	1	Rtr2	61
897	1	Rtr2	627
898	1	Rtr2	1189
899	1	Rtr2	1183
900	1	Rtr2	1202
901	1	Rtr2	643
902	1	Rtr2	84
903	1	Rtr2	613
904	1	Rtr2	1191
905	1	Rtr2	1219
906	1	Rtr2	1223
907	1	Rtr2	649
908	1	Rtr2	61
909	1	Rtr2	58
910	1	Rtr2	69
911	1	Rtr2	73
912	1	Rtr2	82
913	1	Rtr2	49
914	1	Rtr2	39
915	1	Rtr2	61
916	1	Rtr2	63
917	1	Rtr2	55
918	1	Rtr2	36
919	1	Rtr2	26
920	1	Rtr2	45
921	1	Rtr2	60
922	1	Rtr2	44
923	1	Rtr2	40
924	1	Rtr2	610
925	1	Rtr2	1211
926	1	Rtr2	1215
927	1	Rtr2	1213
928	1	Rtr2	639
929	1	Rtr2	67
930	1	Rtr2	82
931	1	Rtr2	78
932	1	Rtr2	66
933	1	Rtr2	42
934	1	Rtr2	39
935	1	Rtr2	57
936	1	Rtr2	62
937	1	Rtr2	193
938	1	Rtr2	157
939	1	Rtr2	143
940	1	Rtr2	154
941	1	Rtr2	67
942	1	Rtr2	74
943	1	Rtr2	43
944	1	Rtr2	37
945	1	Rtr2	629
946	1	Rtr2	1220
947	1	Rtr2	1228
948	1	Rtr2	1216
949	1	Rtr2	631
950	1	Rtr2	68
951	1	Rtr2	55
952	1	Rtr2	40
953	1	Rtr2	35
954	1	Rtr2	35
955	1	Rtr2	49
956	1	Rtr2	48
957	1	Rtr2	41
958	1	Rtr2	51
959	1	Rtr2	26
960	1	Rtr2	43
961	1	Rtr2	37
962	1	Rtr2	42
963	1	Rtr2	33
964	1	Rtr2	46
965	1	Rtr2	64
966	1	Rtr2	640
967	1	Rtr2	1228
968	1	Rtr2	1218
969	1	Rtr2	1219
970	1	Rtr2	671
971	1	Rtr2	65
972	1	Rtr2	56
973	1	Rtr2	41
974	1	Rtr2	47
975	1	Rtr2	60
976	1	Rtr2	55
977	1	Rtr2	50
978	1	Rtr2	39
979	1	Rtr2	33
980	1	Rtr2	60
981	1	Rtr2	46
982	1	Rtr2	42
983	1	Rtr2	41
984	1	Rtr2	42
985	1	Rtr2	71
986	1	Rtr2	64
987	1	Rtr2	658
988	1	Rtr2	1217
989	1	Rtr2	1230
990	1	Rtr2	1250
991	1	Rtr2	677
992	1	Rtr2	94
993	1	Rtr2	189
994	1	Rtr2	152
995	1	Rtr2	178
996	1	Rtr2	178
997	1	Rtr2	77
998	1	Rtr2	37
999	1	Rtr2	39
1000	1	Rtr2	75
1001	1	Rtr2	212
1002	1	Rtr2	183
1003	1	Rtr2	747
1004	1	Rtr2	1342
1005	1	Rtr2	1268
1006	1	Rtr2	1265
1007	1	Rtr2	680
1008	1	Rtr2	68
1009	1	Rtr2	58
1010	1	Rtr2	80
1011	1	Rtr2	91
1012	1	Rtr2	87
1013	1	Rtr2	51
1014	1	Rtr2	26
1015	1	Rtr2	61
1016	1	Rtr2	46
1017	1	Rtr2	53
1018	1	Rtr2	49
1019	1	Rtr2	41
1020	1	Rtr2	82
1021	1	Rtr2	76
1022	1	Rtr2	58
1023	1	Rtr2	60
1024	1	Rtr2	640
1025	1	Rtr2	1276
1026	1	Rtr2	1273
1027	1	Rtr2	1269
1028	1	Rtr2	668
1029	1	Rtr2	61
1030	1	Rtr2	88
1031	1	Rtr2	86
1032	1	Rtr2	70
1033	1	Rtr2	41
1034	1	Rtr2	48
1035	1	Rtr2	56
1036	1	Rtr2	77
1037	1	Rtr2	66
1038	1	Rtr2	50
1039	1	Rtr2	46
1040	1	Rtr2	67
1041	1	Rtr2	78
1042	1	Rtr2	66
1043	1	Rtr2	47
1044	1	Rtr2	47
1045	1	Rtr2	667
1046	1	Rtr2	1267
1047	1	Rtr2	1273
1048	1	Rtr2	1265
1049	1	Rtr2	675
1050	1	Rtr2	96
1051	1	Rtr2	106
1052	1	Rtr2	94
1053	1	Rtr2	52
1054	1	Rtr2	29
1055	1	Rtr2	56
1056	1	Rtr2	209
1057	1	Rtr2	175
1058	1	Rtr2	184
1059	1	Rtr2	177
1060	1	Rtr2	106
1061	1	Rtr2	109
1062	1	Rtr2	85
1063	1	Rtr2	54
1064	1	Rtr2	47
1065	1	Rtr2	73
1066	1	Rtr2	672
1067	1	Rtr2	1279
1068	1	Rtr2	1266
1069	1	Rtr2	1272
1070	1	Rtr2	708
1071	1	Rtr2	110
1072	1	Rtr2	89
1073	1	Rtr2	60
1074	1	Rtr2	62
1075	1	Rtr2	93
1076	1	Rtr2	87
1077	1	Rtr2	94
1078	1	Rtr2	60
1079	1	Rtr2	63
1080	1	Rtr2	85
1081	1	Rtr2	72
1082	1	Rtr2	66
1083	1	Rtr2	51
1084	1	Rtr2	55
1085	1	Rtr2	88
1086	1	Rtr2	95
1087	1	Rtr2	692
1088	1	Rtr2	1268
1089	1	Rtr2	1285
1090	1	Rtr2	1304
1091	1	Rtr2	709
1092	1	Rtr2	86
1093	1	Rtr2	78
1094	1	Rtr2	39
1095	1	Rtr2	68
1096	1	Rtr2	75
1097	1	Rtr2	57
1098	1	Rtr2	58
1099	1	Rtr2	51
1100	1	Rtr2	69
1101	1	Rtr2	73
1102	1	Rtr2	69
1103	1	Rtr2	49
1104	1	Rtr2	41
1105	1	Rtr2	74
1106	1	Rtr2	83
1107	1	Rtr2	71
1108	1	Rtr2	662
1109	1	Rtr2	1284
1110	1	Rtr2	1317
1111	1	Rtr2	1434
1112	1	Rtr2	789
1113	1	Rtr2	164
1114	1	Rtr2	153
1115	1	Rtr2	111
1116	1	Rtr2	115
1117	1	Rtr2	99
1118	1	Rtr2	67
1119	1	Rtr2	76
1120	1	Rtr2	94
1121	1	Rtr2	116
1122	1	Rtr2	113
1123	1	Rtr2	59
1124	1	Rtr2	66
1125	1	Rtr2	101
1126	1	Rtr2	99
1127	1	Rtr2	107
1128	1	Rtr2	71
1129	1	Rtr2	666
1130	1	Rtr2	1319
1131	1	Rtr2	1320
1132	1	Rtr2	1321
1133	1	Rtr2	700
1134	1	Rtr2	60
1135	1	Rtr2	81
1136	1	Rtr2	81
1137	1	Rtr2	86
1138	1	Rtr2	56
1139	1	Rtr2	58
1140	1	Rtr2	76
1141	1	Rtr2	86
1142	1	Rtr2	71
1143	1	Rtr2	54
1144	1	Rtr2	58
1145	1	Rtr2	90
1146	1	Rtr2	88
1147	1	Rtr2	70
1148	1	Rtr2	62
1149	1	Rtr2	34
1150	1	Rtr2	692
1151	1	Rtr2	1308
1152	1	Rtr2	1313
1153	1	Rtr2	1308
1154	1	Rtr2	709
1155	1	Rtr2	115
1156	1	Rtr2	114
1157	1	Rtr2	102
1158	1	Rtr2	69
1159	1	Rtr2	70
1160	1	Rtr2	92
1161	1	Rtr2	247
1162	1	Rtr2	223
1163	1	Rtr2	186
1164	1	Rtr2	173
1165	1	Rtr2	102
1166	1	Rtr2	88
1167	1	Rtr2	81
1168	1	Rtr2	63
1169	1	Rtr2	63
1170	1	Rtr2	107
1171	1	Rtr2	709
1172	1	Rtr2	1344
1173	1	Rtr2	1318
1174	1	Rtr2	1317
1175	1	Rtr2	736
1176	1	Rtr2	124
1177	1	Rtr2	96
1178	1	Rtr2	53
1179	1	Rtr2	60
1180	1	Rtr2	77
1181	1	Rtr2	64
1182	1	Rtr2	68
1183	1	Rtr2	46
1184	1	Rtr2	39
1185	1	Rtr2	82
1186	1	Rtr2	65
1187	1	Rtr2	59
1188	1	Rtr2	64
1189	1	Rtr2	65
1190	1	Rtr2	97
1191	1	Rtr2	112
1192	1	Rtr2	723
1193	1	Rtr2	1325
1194	1	Rtr2	1319
1195	1	Rtr2	1346
1196	1	Rtr2	737
1197	1	Rtr2	132
1198	1	Rtr2	93
1199	1	Rtr2	87
1200	1	Rtr2	126
1201	1	Rtr2	112
1202	1	Rtr2	116
1203	1	Rtr2	65
1204	1	Rtr2	69
1205	1	Rtr2	109
1206	1	Rtr2	109
1207	1	Rtr2	98
1208	1	Rtr2	41
1209	1	Rtr2	55
1210	1	Rtr2	61
1211	1	Rtr2	85
1212	1	Rtr2	74
1213	1	Rtr2	703
1214	1	Rtr2	1334
1215	1	Rtr2	1371
1216	1	Rtr2	1366
1217	1	Rtr2	736
1218	1	Rtr2	79
1219	1	Rtr2	65
1220	1	Rtr2	102
1221	1	Rtr2	240
1222	1	Rtr2	206
1223	1	Rtr2	164
1224	1	Rtr2	167
1225	1	Rtr2	123
1226	1	Rtr2	110
1227	1	Rtr2	107
1228	1	Rtr2	60
1229	1	Rtr2	54
1230	1	Rtr2	99
1231	1	Rtr2	93
1232	1	Rtr2	101
1233	1	Rtr2	67
1234	1	Rtr2	691
1235	1	Rtr2	1369
1236	1	Rtr2	1370
1237	1	Rtr2	1368
1238	1	Rtr2	729
1239	1	Rtr2	77
1240	1	Rtr2	103
1241	1	Rtr2	115
1242	1	Rtr2	98
1243	1	Rtr2	61
1244	1	Rtr2	42
1245	1	Rtr2	85
1246	1	Rtr2	89
1247	1	Rtr2	69
1248	1	Rtr2	45
1249	1	Rtr2	48
1250	1	Rtr2	77
1251	1	Rtr2	87
1252	1	Rtr2	82
1253	1	Rtr2	59
1254	1	Rtr2	60
1255	1	Rtr2	726
1256	1	Rtr2	1371
1257	1	Rtr2	1380
1258	1	Rtr2	1356
1259	1	Rtr2	726
1260	1	Rtr2	109
1261	1	Rtr2	111
1262	1	Rtr2	97
1263	1	Rtr2	53
1264	1	Rtr2	48
1265	1	Rtr2	87
1266	1	Rtr2	227
1267	1	Rtr2	209
1268	1	Rtr2	193
1269	1	Rtr2	165
1270	1	Rtr2	102
1271	1	Rtr2	103
1272	1	Rtr2	107
1273	1	Rtr2	55
1274	1	Rtr2	66
1275	1	Rtr2	92
1276	1	Rtr2	738
1277	1	Rtr2	1384
1278	1	Rtr2	1365
1279	1	Rtr2	1365
1280	1	Rtr2	761
1281	1	Rtr2	104
1282	1	Rtr2	105
1283	1	Rtr2	66
1284	1	Rtr2	65
1285	1	Rtr2	116
1286	1	Rtr2	103
1287	1	Rtr2	88
1288	1	Rtr2	77
1289	1	Rtr2	57
1290	1	Rtr2	90
1291	1	Rtr2	87
1292	1	Rtr2	70
1293	1	Rtr2	52
1294	1	Rtr2	48
1295	1	Rtr2	96
1296	1	Rtr2	89
1297	1	Rtr2	720
1298	1	Rtr2	1358
1299	1	Rtr2	1364
1300	1	Rtr2	1409
1301	1	Rtr2	761
1302	1	Rtr2	108
1303	1	Rtr2	734
1304	1	Rtr2	1376
1305	1	Rtr2	1416
1306	1	Rtr2	1421
1307	1	Rtr2	786
1308	1	Rtr2	100
1309	1	Rtr2	59
1310	1	Rtr2	106
1311	1	Rtr2	102
1312	1	Rtr2	95
1313	1	Rtr2	50
1314	1	Rtr2	67
1315	1	Rtr2	88
1316	1	Rtr2	97
1317	1	Rtr2	65
1318	1	Rtr2	49
1319	1	Rtr2	60
1320	1	Rtr2	109
1321	1	Rtr2	244
1322	1	Rtr2	211
1323	1	Rtr2	184
1324	1	Rtr2	829
1325	1	Rtr2	1441
1326	1	Rtr2	1433
1327	1	Rtr2	1440
1328	1	Rtr2	753
1329	1	Rtr2	95
1330	1	Rtr2	125
1331	1	Rtr2	137
1332	1	Rtr2	123
1333	1	Rtr2	84
1334	1	Rtr2	55
1335	1	Rtr2	103
1336	1	Rtr2	109
1337	1	Rtr2	90
1338	1	Rtr2	79
1339	1	Rtr2	66
1340	1	Rtr2	103
1341	1	Rtr2	98
1342	1	Rtr2	82
1343	1	Rtr2	67
1344	1	Rtr2	44
1345	1	Rtr2	735
1346	1	Rtr2	1398
1347	1	Rtr2	1393
1348	1	Rtr2	1396
1349	1	Rtr2	766
1350	1	Rtr2	154
1351	1	Rtr2	144
1352	1	Rtr2	122
1353	1	Rtr2	56
1354	1	Rtr2	67
1355	1	Rtr2	117
1356	1	Rtr2	127
1357	1	Rtr2	104
1358	1	Rtr2	60
1359	1	Rtr2	68
1360	1	Rtr2	116
1361	1	Rtr2	109
1362	1	Rtr2	79
1363	1	Rtr2	59
1364	1	Rtr2	62
1365	1	Rtr2	111
1366	1	Rtr2	753
1367	1	Rtr2	1430
1368	1	Rtr2	1405
1369	1	Rtr2	1399
1370	1	Rtr2	784
1371	1	Rtr2	136
1372	1	Rtr2	110
1373	1	Rtr2	93
1374	1	Rtr2	75
1375	1	Rtr2	133
1376	1	Rtr2	269
1377	1	Rtr2	235
1378	1	Rtr2	208
1379	1	Rtr2	183
1380	1	Rtr2	108
1381	1	Rtr2	128
1382	1	Rtr2	82
1383	1	Rtr2	75
1384	1	Rtr2	51
1385	1	Rtr2	87
1386	1	Rtr2	106
1387	1	Rtr2	755
1388	1	Rtr2	1414
1389	1	Rtr2	1424
1390	1	Rtr2	1475
1391	1	Rtr2	815
1392	1	Rtr2	163
1393	1	Rtr2	62
1394	1	Rtr2	62
1395	1	Rtr2	98
1396	1	Rtr2	98
1397	1	Rtr2	79
1398	1	Rtr2	52
1399	1	Rtr2	65
1400	1	Rtr2	96
1401	1	Rtr2	113
1402	1	Rtr2	91
1403	1	Rtr2	67
1404	1	Rtr2	42
1405	1	Rtr2	91
1406	1	Rtr2	87
1407	1	Rtr2	77
1408	1	Rtr2	739
1409	1	Rtr2	1418
1410	1	Rtr2	1467
1411	1	Rtr2	1461
1412	1	Rtr2	799
1413	1	Rtr2	97
1414	1	Rtr2	85
1415	1	Rtr2	139
1416	1	Rtr2	130
1417	1	Rtr2	123
1418	1	Rtr2	48
1419	1	Rtr2	38
1420	1	Rtr2	78
1421	1	Rtr2	92
1422	1	Rtr2	83
1423	1	Rtr2	65
1424	1	Rtr2	54
1425	1	Rtr2	105
1426	1	Rtr2	96
1427	1	Rtr2	81
1428	1	Rtr2	58
1429	1	Rtr2	732
1430	1	Rtr2	1464
1431	1	Rtr2	1469
1432	1	Rtr2	1464
1433	1	Rtr2	931
1434	1	Rtr2	233
1435	1	Rtr2	301
1436	1	Rtr2	268
1437	1	Rtr2	143
1438	1	Rtr2	73
1439	1	Rtr2	63
1440	1	Rtr2	104
1441	1	Rtr2	73
1442	1	Rtr2	85
1443	1	Rtr2	64
1444	1	Rtr2	77
1445	1	Rtr2	126
1446	1	Rtr2	123
1447	1	Rtr2	128
1448	1	Rtr2	81
1449	1	Rtr2	77
1450	1	Rtr2	801
1451	1	Rtr2	1477
1452	1	Rtr2	1484
1453	1	Rtr2	1443
1454	1	Rtr2	783
1455	1	Rtr2	148
1456	1	Rtr2	131
1457	1	Rtr2	128
1458	1	Rtr2	74
1459	1	Rtr2	69
1460	1	Rtr2	114
1461	1	Rtr2	117
1462	1	Rtr2	127
1463	1	Rtr2	84
1464	1	Rtr2	62
1465	1	Rtr2	112
1466	1	Rtr2	121
1467	1	Rtr2	119
1468	1	Rtr2	81
1469	1	Rtr2	58
1470	1	Rtr2	118
1471	1	Rtr2	793
1472	1	Rtr2	1483
1473	1	Rtr2	1482
1474	1	Rtr2	1445
1475	1	Rtr2	827
1476	1	Rtr2	149
1477	1	Rtr2	122
1478	1	Rtr2	86
1479	1	Rtr2	74
1480	1	Rtr2	143
1481	1	Rtr2	128
1482	1	Rtr2	134
1483	1	Rtr2	61
1484	1	Rtr2	70
1485	1	Rtr2	127
1486	1	Rtr2	150
1487	1	Rtr2	141
1488	1	Rtr2	85
1489	1	Rtr2	83
1490	1	Rtr2	107
1491	1	Rtr2	275
1492	1	Rtr2	925
1493	1	Rtr2	1582
1494	1	Rtr2	1579
1495	1	Rtr2	1507
1496	1	Rtr2	845
1497	1	Rtr2	140
1498	1	Rtr2	86
1499	1	Rtr2	71
1500	1	Rtr2	131
1501	1	Rtr2	126
1502	1	Rtr2	138
1503	1	Rtr2	78
1504	1	Rtr2	81
1505	1	Rtr2	127
1506	1	Rtr2	146
1507	1	Rtr2	121
1508	1	Rtr2	86
1509	1	Rtr2	76
1510	1	Rtr2	137
1511	1	Rtr2	129
1512	1	Rtr2	105
1513	1	Rtr2	761
1514	1	Rtr2	1459
1515	1	Rtr2	1522
1516	1	Rtr2	1505
1517	1	Rtr2	849
1518	1	Rtr2	113
1519	1	Rtr2	70
1520	1	Rtr2	115
1521	1	Rtr2	112
1522	1	Rtr2	93
1523	1	Rtr2	69
1524	1	Rtr2	54
1525	1	Rtr2	90
1526	1	Rtr2	82
1527	1	Rtr2	92
1528	1	Rtr2	55
1529	1	Rtr2	67
1530	1	Rtr2	106
1531	1	Rtr2	91
1532	1	Rtr2	79
1533	1	Rtr2	65
1534	1	Rtr2	757
1535	1	Rtr2	1518
1536	1	Rtr2	1516
1537	1	Rtr2	1518
1538	1	Rtr2	807
1539	1	Rtr2	124
1540	1	Rtr2	178
1541	1	Rtr2	159
1542	1	Rtr2	156
1543	1	Rtr2	79
1544	1	Rtr2	66
1545	1	Rtr2	125
1546	1	Rtr2	125
1547	1	Rtr2	275
1548	1	Rtr2	210
1549	1	Rtr2	223
1550	1	Rtr2	291
1551	1	Rtr2	177
1552	1	Rtr2	155
1553	1	Rtr2	67
1554	1	Rtr2	79
1555	1	Rtr2	817
1556	1	Rtr2	1515
1557	1	Rtr2	1520
1558	1	Rtr2	1481
1559	1	Rtr2	798
1560	1	Rtr2	136
1561	1	Rtr2	138
1562	1	Rtr2	117
1563	1	Rtr2	65
1564	1	Rtr2	224
1565	1	Rtr2	276
1566	1	Rtr2	265
1567	1	Rtr2	257
1568	1	Rtr2	89
1569	1	Rtr2	81
1570	1	Rtr2	143
1571	1	Rtr2	126
1572	1	Rtr2	133
1573	1	Rtr2	75
1574	1	Rtr2	78
1575	1	Rtr2	143
1576	1	Rtr2	829
1577	1	Rtr2	1534
1578	1	Rtr2	1507
1579	1	Rtr2	1501
1580	1	Rtr2	870
1581	1	Rtr2	153
1582	1	Rtr2	134
1583	1	Rtr2	71
1584	1	Rtr2	59
1585	1	Rtr2	125
1586	1	Rtr2	127
1587	1	Rtr2	114
1588	1	Rtr2	90
1589	1	Rtr2	56
1590	1	Rtr2	122
1591	1	Rtr2	112
1592	1	Rtr2	107
1593	1	Rtr2	71
1594	1	Rtr2	79
1595	1	Rtr2	136
1596	1	Rtr2	135
1597	1	Rtr2	835
1598	1	Rtr2	1503
1599	1	Rtr2	1501
1600	1	Rtr2	1557
1601	1	Rtr2	849
1602	1	Rtr2	149
1603	1	Rtr2	812
1604	1	Rtr2	1506
1605	1	Rtr2	1562
1606	1	Rtr2	1562
1607	1	Rtr2	865
1608	1	Rtr2	102
1609	1	Rtr2	85
1610	1	Rtr2	144
1611	1	Rtr2	144
1612	1	Rtr2	120
1613	1	Rtr2	74
1614	1	Rtr2	83
1615	1	Rtr2	137
1616	1	Rtr2	134
1617	1	Rtr2	110
1618	1	Rtr2	87
1619	1	Rtr2	67
1620	1	Rtr2	107
1621	1	Rtr2	111
1622	1	Rtr2	107
1623	1	Rtr2	267
1624	1	Rtr2	924
1625	1	Rtr2	1687
1626	1	Rtr2	1700
1627	1	Rtr2	1575
1628	1	Rtr2	820
1629	1	Rtr2	120
1630	1	Rtr2	173
1631	1	Rtr2	181
1632	1	Rtr2	160
1633	1	Rtr2	85
1634	1	Rtr2	85
1635	1	Rtr2	178
1636	1	Rtr2	147
1637	1	Rtr2	152
1638	1	Rtr2	86
1639	1	Rtr2	88
1640	1	Rtr2	171
1641	1	Rtr2	170
1642	1	Rtr2	131
1643	1	Rtr2	110
1644	1	Rtr2	94
1645	1	Rtr2	855
1646	1	Rtr2	1581
1647	1	Rtr2	1585
1648	1	Rtr2	1529
1649	1	Rtr2	841
1650	1	Rtr2	175
1651	1	Rtr2	160
1652	1	Rtr2	134
1653	1	Rtr2	96
1654	1	Rtr2	82
1655	1	Rtr2	152
1656	1	Rtr2	173
1657	1	Rtr2	134
1658	1	Rtr2	87
1659	1	Rtr2	69
1660	1	Rtr2	146
1661	1	Rtr2	136
1662	1	Rtr2	149
1663	1	Rtr2	95
1664	1	Rtr2	74
1665	1	Rtr2	143
1666	1	Rtr2	848
1667	1	Rtr2	1561
1668	1	Rtr2	1538
1669	1	Rtr2	1533
1670	1	Rtr2	882
1671	1	Rtr2	172
1672	1	Rtr2	146
1673	1	Rtr2	89
1674	1	Rtr2	75
1675	1	Rtr2	145
1676	1	Rtr2	144
1677	1	Rtr2	118
1678	1	Rtr2	94
1679	1	Rtr2	229
1680	1	Rtr2	275
1681	1	Rtr2	276
1682	1	Rtr2	275
1683	1	Rtr2	104
1684	1	Rtr2	92
1685	1	Rtr2	160
1686	1	Rtr2	162
1687	1	Rtr2	863
1688	1	Rtr2	1542
1689	1	Rtr2	1545
1690	1	Rtr2	1622
1691	1	Rtr2	904
1692	1	Rtr2	162
1693	1	Rtr2	95
1694	1	Rtr2	75
1695	1	Rtr2	127
1696	1	Rtr2	156
1697	1	Rtr2	139
1698	1	Rtr2	88
1699	1	Rtr2	60
1700	1	Rtr2	104
1701	1	Rtr2	95
1702	1	Rtr2	77
1703	1	Rtr2	79
1704	1	Rtr2	52
1705	1	Rtr2	100
1706	1	Rtr2	108
1707	1	Rtr2	82
1708	1	Rtr2	798
1709	1	Rtr2	1539
1710	1	Rtr2	1597
1711	1	Rtr2	1600
1712	1	Rtr2	894
1713	1	Rtr2	112
1714	1	Rtr2	76
1715	1	Rtr2	145
1716	1	Rtr2	130
1717	1	Rtr2	132
1718	1	Rtr2	78
1719	1	Rtr2	72
1720	1	Rtr2	139
1721	1	Rtr2	135
1722	1	Rtr2	112
1723	1	Rtr2	88
1724	1	Rtr2	64
1725	1	Rtr2	121
1726	1	Rtr2	111
1727	1	Rtr2	101
1728	1	Rtr2	96
1729	1	Rtr2	803
1730	1	Rtr2	1601
1731	1	Rtr2	1605
1732	1	Rtr2	1610
1733	1	Rtr2	858
1734	1	Rtr2	114
1735	1	Rtr2	172
1736	1	Rtr2	162
1737	1	Rtr2	145
1738	1	Rtr2	76
1739	1	Rtr2	76
1740	1	Rtr2	118
1741	1	Rtr2	133
1742	1	Rtr2	287
1743	1	Rtr2	244
1744	1	Rtr2	227
1745	1	Rtr2	284
1746	1	Rtr2	160
1747	1	Rtr2	163
1748	1	Rtr2	98
1749	1	Rtr2	88
1750	1	Rtr2	885
1751	1	Rtr2	1631
1752	1	Rtr2	1629
1753	1	Rtr2	1584
1754	1	Rtr2	877
1755	1	Rtr2	183
1756	1	Rtr2	184
1757	1	Rtr2	160
1758	1	Rtr2	82
1759	1	Rtr2	72
1760	1	Rtr2	149
1761	1	Rtr2	144
1762	1	Rtr2	139
1763	1	Rtr2	102
1764	1	Rtr2	89
1765	1	Rtr2	159
1766	1	Rtr2	175
1767	1	Rtr2	136
1768	1	Rtr2	92
1769	1	Rtr2	81
1770	1	Rtr2	327
1771	1	Rtr2	1009
1772	1	Rtr2	1760
1773	1	Rtr2	1722
1774	1	Rtr2	1591
1775	1	Rtr2	918
1776	1	Rtr2	151
1777	1	Rtr2	140
1778	1	Rtr2	77
1779	1	Rtr2	67
1780	1	Rtr2	127
1781	1	Rtr2	121
1782	1	Rtr2	109
1783	1	Rtr2	82
1784	1	Rtr2	77
1785	1	Rtr2	118
1786	1	Rtr2	139
1787	1	Rtr2	126
1788	1	Rtr2	80
1789	1	Rtr2	71
1790	1	Rtr2	126
1791	1	Rtr2	119
1792	1	Rtr2	859
1793	1	Rtr2	1580
1794	1	Rtr2	1619
1795	1	Rtr2	1677
1796	1	Rtr2	962
1797	1	Rtr2	200
1798	1	Rtr2	91
1799	1	Rtr2	87
1800	1	Rtr2	148
1801	1	Rtr2	140
1802	1	Rtr2	121
1803	1	Rtr2	75
1804	1	Rtr2	85
1805	1	Rtr2	161
1806	1	Rtr2	149
1807	1	Rtr2	131
1808	1	Rtr2	87
1809	1	Rtr2	76
1810	1	Rtr2	139
1811	1	Rtr2	149
1812	1	Rtr2	135
1813	1	Rtr2	846
1814	1	Rtr2	1608
1815	1	Rtr2	1670
1816	1	Rtr2	1665
1817	1	Rtr2	946
1818	1	Rtr2	119
1819	1	Rtr2	92
1820	1	Rtr2	151
1821	1	Rtr2	161
1822	1	Rtr2	156
1823	1	Rtr2	102
1824	1	Rtr2	80
1825	1	Rtr2	137
1826	1	Rtr2	133
1827	1	Rtr2	140
1828	1	Rtr2	87
1829	1	Rtr2	68
1830	1	Rtr2	136
1831	1	Rtr2	116
1832	1	Rtr2	107
1833	1	Rtr2	99
1834	1	Rtr2	827
1835	1	Rtr2	1667
1836	1	Rtr2	1677
1837	1	Rtr2	1662
1838	1	Rtr2	886
1839	1	Rtr2	278
1840	1	Rtr2	333
1841	1	Rtr2	333
1842	1	Rtr2	297
1843	1	Rtr2	92
1844	1	Rtr2	76
1845	1	Rtr2	168
1846	1	Rtr2	150
1847	1	Rtr2	146
1848	1	Rtr2	85
1849	1	Rtr2	92
1850	1	Rtr2	171
1851	1	Rtr2	185
1852	1	Rtr2	147
1853	1	Rtr2	106
1854	1	Rtr2	96
1855	1	Rtr2	895
1856	1	Rtr2	1669
1857	1	Rtr2	1681
1858	1	Rtr2	1627
1859	1	Rtr2	889
1860	1	Rtr2	188
1861	1	Rtr2	157
1862	1	Rtr2	138
1863	1	Rtr2	78
1864	1	Rtr2	90
1865	1	Rtr2	144
1866	1	Rtr2	133
1867	1	Rtr2	128
1868	1	Rtr2	78
1869	1	Rtr2	90
1870	1	Rtr2	170
1871	1	Rtr2	152
1872	1	Rtr2	123
1873	1	Rtr2	90
1874	1	Rtr2	79
1875	1	Rtr2	145
1876	1	Rtr2	918
1877	1	Rtr2	1667
1878	1	Rtr2	1644
1879	1	Rtr2	1632
1880	1	Rtr2	945
1881	1	Rtr2	195
1882	1	Rtr2	198
1883	1	Rtr2	141
1884	1	Rtr2	96
1885	1	Rtr2	178
1886	1	Rtr2	183
1887	1	Rtr2	163
1888	1	Rtr2	87
1889	1	Rtr2	90
1890	1	Rtr2	166
1891	1	Rtr2	282
1892	1	Rtr2	272
1893	1	Rtr2	205
1894	1	Rtr2	227
1895	1	Rtr2	222
1896	1	Rtr2	214
1897	1	Rtr2	943
1898	1	Rtr2	1633
1899	1	Rtr2	1644
1900	1	Rtr2	1714
1901	1	Rtr2	964
1902	1	Rtr2	187
1903	1	Rtr2	874
1904	1	Rtr2	1646
1905	1	Rtr2	1738
1906	1	Rtr2	1741
1907	1	Rtr2	962
1908	1	Rtr2	133
1909	1	Rtr2	125
1910	1	Rtr2	199
1911	1	Rtr2	210
1912	1	Rtr2	181
1913	1	Rtr2	89
1914	1	Rtr2	89
1915	1	Rtr2	139
1916	1	Rtr2	166
1917	1	Rtr2	129
1918	1	Rtr2	109
1919	1	Rtr2	84
1920	1	Rtr2	159
1921	1	Rtr2	132
1922	1	Rtr2	122
1923	1	Rtr2	84
1924	1	Rtr2	834
1925	1	Rtr2	1688
1926	1	Rtr2	1690
1927	1	Rtr2	1695
1928	1	Rtr2	908
1929	1	Rtr2	124
1930	1	Rtr2	187
1931	1	Rtr2	201
1932	1	Rtr2	163
1933	1	Rtr2	99
1934	1	Rtr2	98
1935	1	Rtr2	177
1936	1	Rtr2	158
1937	1	Rtr2	303
1938	1	Rtr2	235
1939	1	Rtr2	240
1940	1	Rtr2	288
1941	1	Rtr2	198
1942	1	Rtr2	178
1943	1	Rtr2	101
1944	1	Rtr2	101
1945	1	Rtr2	915
1946	1	Rtr2	1712
1947	1	Rtr2	1719
1948	1	Rtr2	1665
1949	1	Rtr2	905
1950	1	Rtr2	193
1951	1	Rtr2	176
1952	1	Rtr2	184
1953	1	Rtr2	99
1954	1	Rtr2	70
1955	1	Rtr2	151
1956	1	Rtr2	123
1957	1	Rtr2	107
1958	1	Rtr2	81
1959	1	Rtr2	72
1960	1	Rtr2	142
1961	1	Rtr2	126
1962	1	Rtr2	143
1963	1	Rtr2	96
1964	1	Rtr2	76
1965	1	Rtr2	152
1966	1	Rtr2	928
1967	1	Rtr2	1727
1968	1	Rtr2	1674
1969	1	Rtr2	1676
1970	1	Rtr2	991
1971	1	Rtr2	218
1972	1	Rtr2	174
1973	1	Rtr2	105
1974	1	Rtr2	102
1975	1	Rtr2	177
1976	1	Rtr2	174
1977	1	Rtr2	149
1978	1	Rtr2	101
1979	1	Rtr2	99
1980	1	Rtr2	189
1981	1	Rtr2	176
1982	1	Rtr2	193
1983	1	Rtr2	108
1984	1	Rtr2	115
1985	1	Rtr2	164
1986	1	Rtr2	169
1987	1	Rtr2	943
1988	1	Rtr2	1662
1989	1	Rtr2	1683
1990	1	Rtr2	1741
1991	1	Rtr2	969
1992	1	Rtr2	185
1993	1	Rtr2	289
1994	1	Rtr2	267
1995	1	Rtr2	357
1996	1	Rtr2	321
1997	1	Rtr2	177
1998	1	Rtr2	119
1999	1	Rtr2	156
