1	1	Rtr2	299
2	1	Rtr2	275
3	1	Rtr2	1021
4	1	Rtr2	1784
5	1	Rtr2	1791
6	1	Rtr2	1777
7	1	Rtr2	1020
8	1	Rtr2	146
9	1	Rtr2	121
10	1	Rtr2	215
11	1	Rtr2	223
12	1	Rtr2	209
13	1	Rtr2	116
14	1	Rtr2	112
15	1	Rtr2	175
16	1	Rtr2	174
17	1	Rtr2	190
18	1	Rtr2	135
19	1	Rtr2	89
20	1	Rtr2	168
21	1	Rtr2	187
22	1	Rtr2	169
23	1	Rtr2	116
24	1	Rtr2	893
25	1	Rtr2	1745
26	1	Rtr2	1758
27	1	Rtr2	1761
28	1	Rtr2	927
29	1	Rtr2	109
30	1	Rtr2	199
31	1	Rtr2	166
32	1	Rtr2	177
33	1	Rtr2	112
34	1	Rtr2	109
35	1	Rtr2	188
36	1	Rtr2	174
37	1	Rtr2	159
38	1	Rtr2	100
39	1	Rtr2	72
40	1	Rtr2	142
41	1	Rtr2	145
42	1	Rtr2	155
43	1	Rtr2	103
44	1	Rtr2	99
45	1	Rtr2	956
46	1	Rtr2	1749
47	1	Rtr2	1745
48	1	Rtr2	1688
49	1	Rtr2	914
50	1	Rtr2	182
51	1	Rtr2	213
52	1	Rtr2	178
53	1	Rtr2	86
54	1	Rtr2	114
55	1	Rtr2	166
56	1	Rtr2	271
57	1	Rtr2	265
58	1	Rtr2	180
59	1	Rtr2	186
60	1	Rtr2	178
61	1	Rtr2	179
62	1	Rtr2	185
63	1	Rtr2	110
64	1	Rtr2	89
65	1	Rtr2	165
66	1	Rtr2	947
67	1	Rtr2	1716
68	1	Rtr2	1682
69	1	Rtr2	1689
70	1	Rtr2	974
71	1	Rtr2	191
72	1	Rtr2	172
73	1	Rtr2	79
74	1	Rtr2	59
75	1	Rtr2	112
76	1	Rtr2	100
77	1	Rtr2	99
78	1	Rtr2	95
79	1	Rtr2	63
80	1	Rtr2	131
81	1	Rtr2	122
82	1	Rtr2	98
83	1	Rtr2	78
84	1	Rtr2	83
85	1	Rtr2	143
86	1	Rtr2	128
87	1	Rtr2	908
88	1	Rtr2	1669
89	1	Rtr2	1668
90	1	Rtr2	1729
91	1	Rtr2	966
92	1	Rtr2	192
93	1	Rtr2	117
94	1	Rtr2	98
95	1	Rtr2	159
96	1	Rtr2	154
97	1	Rtr2	139
98	1	Rtr2	111
99	1	Rtr2	90
100	1	Rtr2	163
101	1	Rtr2	148
102	1	Rtr2	154
103	1	Rtr2	90
104	1	Rtr2	78
105	1	Rtr2	137
106	1	Rtr2	147
107	1	Rtr2	135
108	1	Rtr2	865
109	1	Rtr2	1629
110	1	Rtr2	1728
111	1	Rtr2	1793
112	1	Rtr2	1008
113	1	Rtr2	194
114	1	Rtr2	180
115	1	Rtr2	173
116	1	Rtr2	176
117	1	Rtr2	163
118	1	Rtr2	93
119	1	Rtr2	82
120	1	Rtr2	160
121	1	Rtr2	167
122	1	Rtr2	170
123	1	Rtr2	120
124	1	Rtr2	76
125	1	Rtr2	142
126	1	Rtr2	132
127	1	Rtr2	119
128	1	Rtr2	88
129	1	Rtr2	850
130	1	Rtr2	1682
131	1	Rtr2	1691
132	1	Rtr2	1691
133	1	Rtr2	894
134	1	Rtr2	126
135	1	Rtr2	190
136	1	Rtr2	198
137	1	Rtr2	176
138	1	Rtr2	91
139	1	Rtr2	103
140	1	Rtr2	187
141	1	Rtr2	151
142	1	Rtr2	165
143	1	Rtr2	101
144	1	Rtr2	102
145	1	Rtr2	195
146	1	Rtr2	209
147	1	Rtr2	181
148	1	Rtr2	113
149	1	Rtr2	116
150	1	Rtr2	940
151	1	Rtr2	1700
152	1	Rtr2	1708
153	1	Rtr2	1625
154	1	Rtr2	911
155	1	Rtr2	210
156	1	Rtr2	192
157	1	Rtr2	175
158	1	Rtr2	100
159	1	Rtr2	88
160	1	Rtr2	168
161	1	Rtr2	253
162	1	Rtr2	220
163	1	Rtr2	200
164	1	Rtr2	201
165	1	Rtr2	207
166	1	Rtr2	217
167	1	Rtr2	219
168	1	Rtr2	127
169	1	Rtr2	90
170	1	Rtr2	155
171	1	Rtr2	911
172	1	Rtr2	1692
173	1	Rtr2	1641
174	1	Rtr2	1622
175	1	Rtr2	946
176	1	Rtr2	176
177	1	Rtr2	168
178	1	Rtr2	106
179	1	Rtr2	85
180	1	Rtr2	175
181	1	Rtr2	172
182	1	Rtr2	137
183	1	Rtr2	106
184	1	Rtr2	112
185	1	Rtr2	175
186	1	Rtr2	164
187	1	Rtr2	174
188	1	Rtr2	115
189	1	Rtr2	94
190	1	Rtr2	152
191	1	Rtr2	155
192	1	Rtr2	883
193	1	Rtr2	1611
194	1	Rtr2	1617
195	1	Rtr2	1686
196	1	Rtr2	942
197	1	Rtr2	175
198	1	Rtr2	104
199	1	Rtr2	132
200	1	Rtr2	199
201	1	Rtr2	176
202	1	Rtr2	158
203	1	Rtr2	87
204	1	Rtr2	76
205	1	Rtr2	155
206	1	Rtr2	142
207	1	Rtr2	123
208	1	Rtr2	81
209	1	Rtr2	69
210	1	Rtr2	117
211	1	Rtr2	138
212	1	Rtr2	110
213	1	Rtr2	834
214	1	Rtr2	1597
215	1	Rtr2	1651
216	1	Rtr2	1657
217	1	Rtr2	921
218	1	Rtr2	104
219	1	Rtr2	118
220	1	Rtr2	184
221	1	Rtr2	287
222	1	Rtr2	269
223	1	Rtr2	192
224	1	Rtr2	186
225	1	Rtr2	185
226	1	Rtr2	176
227	1	Rtr2	164
228	1	Rtr2	105
229	1	Rtr2	96
230	1	Rtr2	131
231	1	Rtr2	133
232	1	Rtr2	137
233	1	Rtr2	85
234	1	Rtr2	822
235	1	Rtr2	1635
236	1	Rtr2	1643
237	1	Rtr2	1649
238	1	Rtr2	847
239	1	Rtr2	107
240	1	Rtr2	162
241	1	Rtr2	177
242	1	Rtr2	147
243	1	Rtr2	69
244	1	Rtr2	63
245	1	Rtr2	110
246	1	Rtr2	121
247	1	Rtr2	99
248	1	Rtr2	68
249	1	Rtr2	60
250	1	Rtr2	105
251	1	Rtr2	102
252	1	Rtr2	104
253	1	Rtr2	76
254	1	Rtr2	53
255	1	Rtr2	841
256	1	Rtr2	1602
257	1	Rtr2	1591
258	1	Rtr2	1585
259	1	Rtr2	849
260	1	Rtr2	182
261	1	Rtr2	166
262	1	Rtr2	152
263	1	Rtr2	93
264	1	Rtr2	78
265	1	Rtr2	144
266	1	Rtr2	250
267	1	Rtr2	218
268	1	Rtr2	180
269	1	Rtr2	177
270	1	Rtr2	176
271	1	Rtr2	194
272	1	Rtr2	198
273	1	Rtr2	129
274	1	Rtr2	106
275	1	Rtr2	146
276	1	Rtr2	883
277	1	Rtr2	1627
278	1	Rtr2	1585
279	1	Rtr2	1575
280	1	Rtr2	919
281	1	Rtr2	175
282	1	Rtr2	140
283	1	Rtr2	75
284	1	Rtr2	85
285	1	Rtr2	148
286	1	Rtr2	132
287	1	Rtr2	110
288	1	Rtr2	69
289	1	Rtr2	64
290	1	Rtr2	102
291	1	Rtr2	118
292	1	Rtr2	98
293	1	Rtr2	87
294	1	Rtr2	82
295	1	Rtr2	139
296	1	Rtr2	122
297	1	Rtr2	853
298	1	Rtr2	1542
299	1	Rtr2	1569
300	1	Rtr2	1627
301	1	Rtr2	906
302	1	Rtr2	176
303	1	Rtr2	818
304	1	Rtr2	1560
305	1	Rtr2	1616
306	1	Rtr2	1616
307	1	Rtr2	910
308	1	Rtr2	125
309	1	Rtr2	90
310	1	Rtr2	157
311	1	Rtr2	146
312	1	Rtr2	134
313	1	Rtr2	79
314	1	Rtr2	92
315	1	Rtr2	160
316	1	Rtr2	139
317	1	Rtr2	147
318	1	Rtr2	75
319	1	Rtr2	83
320	1	Rtr2	139
321	1	Rtr2	237
322	1	Rtr2	229
323	1	Rtr2	184
324	1	Rtr2	907
325	1	Rtr2	1619
326	1	Rtr2	1622
327	1	Rtr2	1614
328	1	Rtr2	833
329	1	Rtr2	120
330	1	Rtr2	178
331	1	Rtr2	153
332	1	Rtr2	175
333	1	Rtr2	84
334	1	Rtr2	92
335	1	Rtr2	156
336	1	Rtr2	150
337	1	Rtr2	134
338	1	Rtr2	74
339	1	Rtr2	99
340	1	Rtr2	154
341	1	Rtr2	177
342	1	Rtr2	146
343	1	Rtr2	104
344	1	Rtr2	105
345	1	Rtr2	868
346	1	Rtr2	1597
347	1	Rtr2	1588
348	1	Rtr2	1541
349	1	Rtr2	828
350	1	Rtr2	149
351	1	Rtr2	147
352	1	Rtr2	117
353	1	Rtr2	76
354	1	Rtr2	82
355	1	Rtr2	133
356	1	Rtr2	130
357	1	Rtr2	129
358	1	Rtr2	93
359	1	Rtr2	44
360	1	Rtr2	103
361	1	Rtr2	116
362	1	Rtr2	100
363	1	Rtr2	88
364	1	Rtr2	76
365	1	Rtr2	137
366	1	Rtr2	852
367	1	Rtr2	1561
368	1	Rtr2	1527
369	1	Rtr2	1516
370	1	Rtr2	869
371	1	Rtr2	149
372	1	Rtr2	142
373	1	Rtr2	93
374	1	Rtr2	82
375	1	Rtr2	138
376	1	Rtr2	246
377	1	Rtr2	225
378	1	Rtr2	179
379	1	Rtr2	178
380	1	Rtr2	164
381	1	Rtr2	155
382	1	Rtr2	134
383	1	Rtr2	82
384	1	Rtr2	97
385	1	Rtr2	145
386	1	Rtr2	144
387	1	Rtr2	845
388	1	Rtr2	1516
389	1	Rtr2	1525
390	1	Rtr2	1579
391	1	Rtr2	886
392	1	Rtr2	166
393	1	Rtr2	96
394	1	Rtr2	99
395	1	Rtr2	154
396	1	Rtr2	180
397	1	Rtr2	157
398	1	Rtr2	71
399	1	Rtr2	55
400	1	Rtr2	117
401	1	Rtr2	111
402	1	Rtr2	84
403	1	Rtr2	90
404	1	Rtr2	81
405	1	Rtr2	153
406	1	Rtr2	129
407	1	Rtr2	128
408	1	Rtr2	776
409	1	Rtr2	1498
410	1	Rtr2	1572
411	1	Rtr2	1568
412	1	Rtr2	861
413	1	Rtr2	103
414	1	Rtr2	71
415	1	Rtr2	127
416	1	Rtr2	152
417	1	Rtr2	129
418	1	Rtr2	88
419	1	Rtr2	93
420	1	Rtr2	153
421	1	Rtr2	150
422	1	Rtr2	157
423	1	Rtr2	99
424	1	Rtr2	72
425	1	Rtr2	135
426	1	Rtr2	107
427	1	Rtr2	128
428	1	Rtr2	97
429	1	Rtr2	789
430	1	Rtr2	1555
431	1	Rtr2	1552
432	1	Rtr2	1558
433	1	Rtr2	904
434	1	Rtr2	171
435	1	Rtr2	233
436	1	Rtr2	222
437	1	Rtr2	149
438	1	Rtr2	85
439	1	Rtr2	82
440	1	Rtr2	118
441	1	Rtr2	120
442	1	Rtr2	129
443	1	Rtr2	75
444	1	Rtr2	85
445	1	Rtr2	140
446	1	Rtr2	146
447	1	Rtr2	135
448	1	Rtr2	79
449	1	Rtr2	60
450	1	Rtr2	807
451	1	Rtr2	1521
452	1	Rtr2	1514
453	1	Rtr2	1491
454	1	Rtr2	800
455	1	Rtr2	155
456	1	Rtr2	130
457	1	Rtr2	125
458	1	Rtr2	80
459	1	Rtr2	55
460	1	Rtr2	103
461	1	Rtr2	101
462	1	Rtr2	93
463	1	Rtr2	61
464	1	Rtr2	72
465	1	Rtr2	114
466	1	Rtr2	115
467	1	Rtr2	106
468	1	Rtr2	60
469	1	Rtr2	64
470	1	Rtr2	105
471	1	Rtr2	807
472	1	Rtr2	1520
473	1	Rtr2	1482
474	1	Rtr2	1479
475	1	Rtr2	840
476	1	Rtr2	149
477	1	Rtr2	124
478	1	Rtr2	79
479	1	Rtr2	79
480	1	Rtr2	135
481	1	Rtr2	145
482	1	Rtr2	131
483	1	Rtr2	96
484	1	Rtr2	62
485	1	Rtr2	111
486	1	Rtr2	84
487	1	Rtr2	124
488	1	Rtr2	98
489	1	Rtr2	57
490	1	Rtr2	104
491	1	Rtr2	190
492	1	Rtr2	855
493	1	Rtr2	1537
494	1	Rtr2	1542
495	1	Rtr2	1516
496	1	Rtr2	862
497	1	Rtr2	153
498	1	Rtr2	102
499	1	Rtr2	74
500	1	Rtr2	130
501	1	Rtr2	127
502	1	Rtr2	128
503	1	Rtr2	61
504	1	Rtr2	59
505	1	Rtr2	113
506	1	Rtr2	97
507	1	Rtr2	99
508	1	Rtr2	69
509	1	Rtr2	68
510	1	Rtr2	133
511	1	Rtr2	143
512	1	Rtr2	113
513	1	Rtr2	768
514	1	Rtr2	1469
515	1	Rtr2	1525
516	1	Rtr2	1520
517	1	Rtr2	861
518	1	Rtr2	113
519	1	Rtr2	106
520	1	Rtr2	155
521	1	Rtr2	175
522	1	Rtr2	164
523	1	Rtr2	75
524	1	Rtr2	62
525	1	Rtr2	101
526	1	Rtr2	103
527	1	Rtr2	121
528	1	Rtr2	82
529	1	Rtr2	58
530	1	Rtr2	129
531	1	Rtr2	129
532	1	Rtr2	135
533	1	Rtr2	71
534	1	Rtr2	752
535	1	Rtr2	1484
536	1	Rtr2	1496
537	1	Rtr2	1488
538	1	Rtr2	787
539	1	Rtr2	87
540	1	Rtr2	117
541	1	Rtr2	127
542	1	Rtr2	122
543	1	Rtr2	82
544	1	Rtr2	64
545	1	Rtr2	119
546	1	Rtr2	109
547	1	Rtr2	228
548	1	Rtr2	168
549	1	Rtr2	154
550	1	Rtr2	208
551	1	Rtr2	136
552	1	Rtr2	115
553	1	Rtr2	67
554	1	Rtr2	39
555	1	Rtr2	776
556	1	Rtr2	1451
557	1	Rtr2	1468
558	1	Rtr2	1450
559	1	Rtr2	791
560	1	Rtr2	173
561	1	Rtr2	145
562	1	Rtr2	114
563	1	Rtr2	76
564	1	Rtr2	203
565	1	Rtr2	246
566	1	Rtr2	248
567	1	Rtr2	237
568	1	Rtr2	111
569	1	Rtr2	82
570	1	Rtr2	122
571	1	Rtr2	142
572	1	Rtr2	109
573	1	Rtr2	55
574	1	Rtr2	71
575	1	Rtr2	120
576	1	Rtr2	781
577	1	Rtr2	1467
578	1	Rtr2	1449
579	1	Rtr2	1456
580	1	Rtr2	841
581	1	Rtr2	142
582	1	Rtr2	128
583	1	Rtr2	75
584	1	Rtr2	76
585	1	Rtr2	111
586	1	Rtr2	136
587	1	Rtr2	114
588	1	Rtr2	59
589	1	Rtr2	50
590	1	Rtr2	73
591	1	Rtr2	85
592	1	Rtr2	93
593	1	Rtr2	72
594	1	Rtr2	71
595	1	Rtr2	112
596	1	Rtr2	89
597	1	Rtr2	772
598	1	Rtr2	1433
599	1	Rtr2	1455
600	1	Rtr2	1498
601	1	Rtr2	834
602	1	Rtr2	158
603	1	Rtr2	759
604	1	Rtr2	1427
605	1	Rtr2	1475
606	1	Rtr2	1474
607	1	Rtr2	817
608	1	Rtr2	96
609	1	Rtr2	96
610	1	Rtr2	149
611	1	Rtr2	130
612	1	Rtr2	120
613	1	Rtr2	86
614	1	Rtr2	61
615	1	Rtr2	98
616	1	Rtr2	94
617	1	Rtr2	88
618	1	Rtr2	72
619	1	Rtr2	51
620	1	Rtr2	78
621	1	Rtr2	90
622	1	Rtr2	91
623	1	Rtr2	215
624	1	Rtr2	839
625	1	Rtr2	1553
626	1	Rtr2	1546
627	1	Rtr2	1447
628	1	Rtr2	766
629	1	Rtr2	79
630	1	Rtr2	117
631	1	Rtr2	119
632	1	Rtr2	114
633	1	Rtr2	76
634	1	Rtr2	67
635	1	Rtr2	113
636	1	Rtr2	117
637	1	Rtr2	95
638	1	Rtr2	65
639	1	Rtr2	49
640	1	Rtr2	84
641	1	Rtr2	101
642	1	Rtr2	82
643	1	Rtr2	81
644	1	Rtr2	90
645	1	Rtr2	791
646	1	Rtr2	1460
647	1	Rtr2	1456
648	1	Rtr2	1401
649	1	Rtr2	739
650	1	Rtr2	119
651	1	Rtr2	98
652	1	Rtr2	89
653	1	Rtr2	56
654	1	Rtr2	55
655	1	Rtr2	94
656	1	Rtr2	96
657	1	Rtr2	93
658	1	Rtr2	50
659	1	Rtr2	35
660	1	Rtr2	86
661	1	Rtr2	98
662	1	Rtr2	71
663	1	Rtr2	70
664	1	Rtr2	81
665	1	Rtr2	102
666	1	Rtr2	749
667	1	Rtr2	1436
668	1	Rtr2	1400
669	1	Rtr2	1393
670	1	Rtr2	781
671	1	Rtr2	117
672	1	Rtr2	101
673	1	Rtr2	82
674	1	Rtr2	83
675	1	Rtr2	136
676	1	Rtr2	128
677	1	Rtr2	105
678	1	Rtr2	68
679	1	Rtr2	206
680	1	Rtr2	248
681	1	Rtr2	236
682	1	Rtr2	235
683	1	Rtr2	82
684	1	Rtr2	87
685	1	Rtr2	144
686	1	Rtr2	128
687	1	Rtr2	762
688	1	Rtr2	1361
689	1	Rtr2	1385
690	1	Rtr2	1426
691	1	Rtr2	781
692	1	Rtr2	151
693	1	Rtr2	95
694	1	Rtr2	82
695	1	Rtr2	116
696	1	Rtr2	119
697	1	Rtr2	106
698	1	Rtr2	75
699	1	Rtr2	53
700	1	Rtr2	93
701	1	Rtr2	105
702	1	Rtr2	103
703	1	Rtr2	61
704	1	Rtr2	58
705	1	Rtr2	85
706	1	Rtr2	96
707	1	Rtr2	80
708	1	Rtr2	715
709	1	Rtr2	1379
710	1	Rtr2	1418
711	1	Rtr2	1418
712	1	Rtr2	783
713	1	Rtr2	96
714	1	Rtr2	105
715	1	Rtr2	137
716	1	Rtr2	150
717	1	Rtr2	135
718	1	Rtr2	65
719	1	Rtr2	54
720	1	Rtr2	95
721	1	Rtr2	102
722	1	Rtr2	99
723	1	Rtr2	76
724	1	Rtr2	78
725	1	Rtr2	115
726	1	Rtr2	126
727	1	Rtr2	107
728	1	Rtr2	47
729	1	Rtr2	706
730	1	Rtr2	1392
731	1	Rtr2	1385
732	1	Rtr2	1382
733	1	Rtr2	742
734	1	Rtr2	86
735	1	Rtr2	106
736	1	Rtr2	101
737	1	Rtr2	103
738	1	Rtr2	62
739	1	Rtr2	50
740	1	Rtr2	76
741	1	Rtr2	60
742	1	Rtr2	215
743	1	Rtr2	172
744	1	Rtr2	171
745	1	Rtr2	217
746	1	Rtr2	124
747	1	Rtr2	115
748	1	Rtr2	71
749	1	Rtr2	61
750	1	Rtr2	739
751	1	Rtr2	1387
752	1	Rtr2	1392
753	1	Rtr2	1363
754	1	Rtr2	744
755	1	Rtr2	145
756	1	Rtr2	128
757	1	Rtr2	112
758	1	Rtr2	70
759	1	Rtr2	45
760	1	Rtr2	73
761	1	Rtr2	69
762	1	Rtr2	71
763	1	Rtr2	54
764	1	Rtr2	61
765	1	Rtr2	98
766	1	Rtr2	94
767	1	Rtr2	88
768	1	Rtr2	50
769	1	Rtr2	55
770	1	Rtr2	204
771	1	Rtr2	814
772	1	Rtr2	1448
773	1	Rtr2	1436
774	1	Rtr2	1350
775	1	Rtr2	756
776	1	Rtr2	114
777	1	Rtr2	116
778	1	Rtr2	54
779	1	Rtr2	74
780	1	Rtr2	109
781	1	Rtr2	99
782	1	Rtr2	86
783	1	Rtr2	51
784	1	Rtr2	64
785	1	Rtr2	100
786	1	Rtr2	106
787	1	Rtr2	96
788	1	Rtr2	64
789	1	Rtr2	46
790	1	Rtr2	83
791	1	Rtr2	79
792	1	Rtr2	712
793	1	Rtr2	1342
794	1	Rtr2	1338
795	1	Rtr2	1362
796	1	Rtr2	748
797	1	Rtr2	120
798	1	Rtr2	66
799	1	Rtr2	43
800	1	Rtr2	76
801	1	Rtr2	88
802	1	Rtr2	88
803	1	Rtr2	67
804	1	Rtr2	70
805	1	Rtr2	111
806	1	Rtr2	114
807	1	Rtr2	117
808	1	Rtr2	59
809	1	Rtr2	48
810	1	Rtr2	77
811	1	Rtr2	75
812	1	Rtr2	77
813	1	Rtr2	685
814	1	Rtr2	1320
815	1	Rtr2	1350
816	1	Rtr2	1350
817	1	Rtr2	740
818	1	Rtr2	93
819	1	Rtr2	70
820	1	Rtr2	104
821	1	Rtr2	101
822	1	Rtr2	91
823	1	Rtr2	73
824	1	Rtr2	67
825	1	Rtr2	86
826	1	Rtr2	87
827	1	Rtr2	83
828	1	Rtr2	69
829	1	Rtr2	48
830	1	Rtr2	66
831	1	Rtr2	91
832	1	Rtr2	71
833	1	Rtr2	41
834	1	Rtr2	672
835	1	Rtr2	1333
836	1	Rtr2	1350
837	1	Rtr2	1355
838	1	Rtr2	721
839	1	Rtr2	209
840	1	Rtr2	206
841	1	Rtr2	223
842	1	Rtr2	226
843	1	Rtr2	79
844	1	Rtr2	73
845	1	Rtr2	79
846	1	Rtr2	98
847	1	Rtr2	94
848	1	Rtr2	43
849	1	Rtr2	63
850	1	Rtr2	87
851	1	Rtr2	86
852	1	Rtr2	77
853	1	Rtr2	36
854	1	Rtr2	42
855	1	Rtr2	688
856	1	Rtr2	1329
857	1	Rtr2	1328
858	1	Rtr2	1312
859	1	Rtr2	706
860	1	Rtr2	99
861	1	Rtr2	97
862	1	Rtr2	105
863	1	Rtr2	77
864	1	Rtr2	70
865	1	Rtr2	94
866	1	Rtr2	93
867	1	Rtr2	92
868	1	Rtr2	77
869	1	Rtr2	44
870	1	Rtr2	67
871	1	Rtr2	69
872	1	Rtr2	68
873	1	Rtr2	71
874	1	Rtr2	57
875	1	Rtr2	83
876	1	Rtr2	692
877	1	Rtr2	1334
878	1	Rtr2	1312
879	1	Rtr2	1310
880	1	Rtr2	723
881	1	Rtr2	96
882	1	Rtr2	111
883	1	Rtr2	70
884	1	Rtr2	56
885	1	Rtr2	100
886	1	Rtr2	75
887	1	Rtr2	88
888	1	Rtr2	57
889	1	Rtr2	57
890	1	Rtr2	107
891	1	Rtr2	225
892	1	Rtr2	176
893	1	Rtr2	162
894	1	Rtr2	157
895	1	Rtr2	117
896	1	Rtr2	100
897	1	Rtr2	707
898	1	Rtr2	1293
899	1	Rtr2	1292
900	1	Rtr2	1321
901	1	Rtr2	721
902	1	Rtr2	106
903	1	Rtr2	669
904	1	Rtr2	1279
905	1	Rtr2	1319
906	1	Rtr2	1319
907	1	Rtr2	708
908	1	Rtr2	72
909	1	Rtr2	55
910	1	Rtr2	81
911	1	Rtr2	88
912	1	Rtr2	95
913	1	Rtr2	62
914	1	Rtr2	45
915	1	Rtr2	74
916	1	Rtr2	71
917	1	Rtr2	77
918	1	Rtr2	38
919	1	Rtr2	44
920	1	Rtr2	71
921	1	Rtr2	80
922	1	Rtr2	56
923	1	Rtr2	55
924	1	Rtr2	655
925	1	Rtr2	1295
926	1	Rtr2	1294
927	1	Rtr2	1294
928	1	Rtr2	687
929	1	Rtr2	84
930	1	Rtr2	106
931	1	Rtr2	104
932	1	Rtr2	95
933	1	Rtr2	53
934	1	Rtr2	48
935	1	Rtr2	76
936	1	Rtr2	88
937	1	Rtr2	216
938	1	Rtr2	170
939	1	Rtr2	166
940	1	Rtr2	183
941	1	Rtr2	90
942	1	Rtr2	95
943	1	Rtr2	54
944	1	Rtr2	43
945	1	Rtr2	668
946	1	Rtr2	1278
947	1	Rtr2	1285
948	1	Rtr2	1268
949	1	Rtr2	663
950	1	Rtr2	90
951	1	Rtr2	76
952	1	Rtr2	62
953	1	Rtr2	55
954	1	Rtr2	40
955	1	Rtr2	58
956	1	Rtr2	50
957	1	Rtr2	43
958	1	Rtr2	52
959	1	Rtr2	24
960	1	Rtr2	50
961	1	Rtr2	56
962	1	Rtr2	66
963	1	Rtr2	68
964	1	Rtr2	63
965	1	Rtr2	87
966	1	Rtr2	682
967	1	Rtr2	1280
968	1	Rtr2	1256
969	1	Rtr2	1255
970	1	Rtr2	694
971	1	Rtr2	80
972	1	Rtr2	66
973	1	Rtr2	51
974	1	Rtr2	53
975	1	Rtr2	71
976	1	Rtr2	63
977	1	Rtr2	54
978	1	Rtr2	43
979	1	Rtr2	42
980	1	Rtr2	65
981	1	Rtr2	46
982	1	Rtr2	44
983	1	Rtr2	31
984	1	Rtr2	37
985	1	Rtr2	70
986	1	Rtr2	51
987	1	Rtr2	654
988	1	Rtr2	1236
989	1	Rtr2	1247
990	1	Rtr2	1269
991	1	Rtr2	683
992	1	Rtr2	91
993	1	Rtr2	180
994	1	Rtr2	145
995	1	Rtr2	173
996	1	Rtr2	169
997	1	Rtr2	92
998	1	Rtr2	44
999	1	Rtr2	47
1000	1	Rtr2	81
1001	1	Rtr2	218
1002	1	Rtr2	182
1003	1	Rtr2	744
1004	1	Rtr2	1346
1005	1	Rtr2	1272
1006	1	Rtr2	1264
1007	1	Rtr2	680
1008	1	Rtr2	63
1009	1	Rtr2	62
1010	1	Rtr2	74
1011	1	Rtr2	93
1012	1	Rtr2	87
1013	1	Rtr2	56
1014	1	Rtr2	42
1015	1	Rtr2	69
1016	1	Rtr2	58
1017	1	Rtr2	66
1018	1	Rtr2	45
1019	1	Rtr2	45
1020	1	Rtr2	80
1021	1	Rtr2	77
1022	1	Rtr2	61
1023	1	Rtr2	59
1024	1	Rtr2	625
1025	1	Rtr2	1245
1026	1	Rtr2	1252
1027	1	Rtr2	1247
1028	1	Rtr2	655
1029	1	Rtr2	57
1030	1	Rtr2	68
1031	1	Rtr2	71
1032	1	Rtr2	68
1033	1	Rtr2	30
1034	1	Rtr2	32
1035	1	Rtr2	38
1036	1	Rtr2	55
1037	1	Rtr2	40
1038	1	Rtr2	27
1039	1	Rtr2	52
1040	1	Rtr2	66
1041	1	Rtr2	77
1042	1	Rtr2	68
1043	1	Rtr2	27
1044	1	Rtr2	44
1045	1	Rtr2	642
1046	1	Rtr2	1222
1047	1	Rtr2	1230
1048	1	Rtr2	1225
1049	1	Rtr2	650
1050	1	Rtr2	80
1051	1	Rtr2	77
1052	1	Rtr2	81
1053	1	Rtr2	45
1054	1	Rtr2	29
1055	1	Rtr2	45
1056	1	Rtr2	200
1057	1	Rtr2	165
1058	1	Rtr2	167
1059	1	Rtr2	161
1060	1	Rtr2	87
1061	1	Rtr2	89
1062	1	Rtr2	78
1063	1	Rtr2	55
1064	1	Rtr2	33
1065	1	Rtr2	49
1066	1	Rtr2	634
1067	1	Rtr2	1217
1068	1	Rtr2	1212
1069	1	Rtr2	1219
1070	1	Rtr2	666
1071	1	Rtr2	83
1072	1	Rtr2	79
1073	1	Rtr2	49
1074	1	Rtr2	48
1075	1	Rtr2	65
1076	1	Rtr2	59
1077	1	Rtr2	66
1078	1	Rtr2	46
1079	1	Rtr2	37
1080	1	Rtr2	60
1081	1	Rtr2	58
1082	1	Rtr2	60
1083	1	Rtr2	48
1084	1	Rtr2	38
1085	1	Rtr2	65
1086	1	Rtr2	61
1087	1	Rtr2	640
1088	1	Rtr2	1201
1089	1	Rtr2	1211
1090	1	Rtr2	1225
1091	1	Rtr2	649
1092	1	Rtr2	73
1093	1	Rtr2	66
1094	1	Rtr2	34
1095	1	Rtr2	53
1096	1	Rtr2	53
1097	1	Rtr2	45
1098	1	Rtr2	33
1099	1	Rtr2	28
1100	1	Rtr2	44
1101	1	Rtr2	39
1102	1	Rtr2	36
1103	1	Rtr2	29
1104	1	Rtr2	28
1105	1	Rtr2	52
1106	1	Rtr2	63
1107	1	Rtr2	50
1108	1	Rtr2	616
1109	1	Rtr2	1192
1110	1	Rtr2	1217
1111	1	Rtr2	1340
1112	1	Rtr2	734
1113	1	Rtr2	131
1114	1	Rtr2	132
1115	1	Rtr2	70
1116	1	Rtr2	75
1117	1	Rtr2	67
1118	1	Rtr2	46
1119	1	Rtr2	45
1120	1	Rtr2	57
1121	1	Rtr2	73
1122	1	Rtr2	65
1123	1	Rtr2	37
1124	1	Rtr2	40
1125	1	Rtr2	62
1126	1	Rtr2	65
1127	1	Rtr2	59
1128	1	Rtr2	41
1129	1	Rtr2	607
1130	1	Rtr2	1207
1131	1	Rtr2	1203
1132	1	Rtr2	1207
1133	1	Rtr2	623
1134	1	Rtr2	52
1135	1	Rtr2	59
1136	1	Rtr2	54
1137	1	Rtr2	43
1138	1	Rtr2	30
1139	1	Rtr2	29
1140	1	Rtr2	44
1141	1	Rtr2	56
1142	1	Rtr2	52
1143	1	Rtr2	23
1144	1	Rtr2	33
1145	1	Rtr2	44
1146	1	Rtr2	51
1147	1	Rtr2	38
1148	1	Rtr2	44
1149	1	Rtr2	39
1150	1	Rtr2	615
1151	1	Rtr2	1179
1152	1	Rtr2	1184
1153	1	Rtr2	1181
1154	1	Rtr2	625
1155	1	Rtr2	68
1156	1	Rtr2	67
1157	1	Rtr2	45
1158	1	Rtr2	40
1159	1	Rtr2	36
1160	1	Rtr2	48
1161	1	Rtr2	188
1162	1	Rtr2	151
1163	1	Rtr2	127
1164	1	Rtr2	133
1165	1	Rtr2	65
1166	1	Rtr2	45
1167	1	Rtr2	39
1168	1	Rtr2	24
1169	1	Rtr2	33
1170	1	Rtr2	49
1171	1	Rtr2	607
1172	1	Rtr2	1173
1173	1	Rtr2	1172
1174	1	Rtr2	1174
1175	1	Rtr2	628
1176	1	Rtr2	72
1177	1	Rtr2	52
1178	1	Rtr2	29
1179	1	Rtr2	24
1180	1	Rtr2	40
1181	1	Rtr2	29
1182	1	Rtr2	33
1183	1	Rtr2	24
1184	1	Rtr2	25
1185	1	Rtr2	49
1186	1	Rtr2	25
1187	1	Rtr2	35
1188	1	Rtr2	30
1189	1	Rtr2	47
1190	1	Rtr2	58
1191	1	Rtr2	53
1192	1	Rtr2	607
1193	1	Rtr2	1162
1194	1	Rtr2	1159
1195	1	Rtr2	1175
1196	1	Rtr2	625
1197	1	Rtr2	75
1198	1	Rtr2	55
1199	1	Rtr2	44
1200	1	Rtr2	51
1201	1	Rtr2	33
1202	1	Rtr2	39
1203	1	Rtr2	26
1204	1	Rtr2	24
1205	1	Rtr2	36
1206	1	Rtr2	30
1207	1	Rtr2	22
1208	1	Rtr2	22
1209	1	Rtr2	32
1210	1	Rtr2	37
1211	1	Rtr2	47
1212	1	Rtr2	42
1213	1	Rtr2	587
1214	1	Rtr2	1149
1215	1	Rtr2	1170
1216	1	Rtr2	1173
1217	1	Rtr2	607
1218	1	Rtr2	45
1219	1	Rtr2	36
1220	1	Rtr2	46
1221	1	Rtr2	193
1222	1	Rtr2	145
1223	1	Rtr2	137
1224	1	Rtr2	129
1225	1	Rtr2	47
1226	1	Rtr2	52
1227	1	Rtr2	40
1228	1	Rtr2	24
1229	1	Rtr2	15
1230	1	Rtr2	32
1231	1	Rtr2	36
1232	1	Rtr2	33
1233	1	Rtr2	28
1234	1	Rtr2	576
1235	1	Rtr2	1154
1236	1	Rtr2	1156
1237	1	Rtr2	1149
1238	1	Rtr2	596
1239	1	Rtr2	43
1240	1	Rtr2	38
1241	1	Rtr2	54
1242	1	Rtr2	44
1243	1	Rtr2	22
1244	1	Rtr2	19
1245	1	Rtr2	27
1246	1	Rtr2	37
1247	1	Rtr2	24
1248	1	Rtr2	23
1249	1	Rtr2	34
1250	1	Rtr2	36
1251	1	Rtr2	41
1252	1	Rtr2	51
1253	1	Rtr2	25
1254	1	Rtr2	21
1255	1	Rtr2	586
1256	1	Rtr2	1128
1257	1	Rtr2	1140
1258	1	Rtr2	1131
1259	1	Rtr2	590
1260	1	Rtr2	40
1261	1	Rtr2	33
1262	1	Rtr2	31
1263	1	Rtr2	26
1264	1	Rtr2	24
1265	1	Rtr2	22
1266	1	Rtr2	218
1267	1	Rtr2	173
1268	1	Rtr2	160
1269	1	Rtr2	153
1270	1	Rtr2	31
1271	1	Rtr2	33
1272	1	Rtr2	25
1273	1	Rtr2	23
1274	1	Rtr2	27
1275	1	Rtr2	33
1276	1	Rtr2	581
1277	1	Rtr2	1117
1278	1	Rtr2	1126
1279	1	Rtr2	1125
1280	1	Rtr2	599
1281	1	Rtr2	50
1282	1	Rtr2	53
1283	1	Rtr2	27
1284	1	Rtr2	25
1285	1	Rtr2	34
1286	1	Rtr2	37
1287	1	Rtr2	26
1288	1	Rtr2	19
1289	1	Rtr2	28
1290	1	Rtr2	32
1291	1	Rtr2	30
1292	1	Rtr2	18
1293	1	Rtr2	18
1294	1	Rtr2	26
1295	1	Rtr2	26
1296	1	Rtr2	22
1297	1	Rtr2	567
1298	1	Rtr2	1096
1299	1	Rtr2	1112
1300	1	Rtr2	1127
1301	1	Rtr2	580
1302	1	Rtr2	30
1303	1	Rtr2	562
1304	1	Rtr2	1100
1305	1	Rtr2	1114
1306	1	Rtr2	1118
1307	1	Rtr2	582
1308	1	Rtr2	36
1309	1	Rtr2	27
1310	1	Rtr2	31
1311	1	Rtr2	31
1312	1	Rtr2	17
1313	1	Rtr2	25
1314	1	Rtr2	22
1315	1	Rtr2	21
1316	1	Rtr2	21
1317	1	Rtr2	24
1318	1	Rtr2	14
1319	1	Rtr2	16
1320	1	Rtr2	22
1321	1	Rtr2	189
1322	1	Rtr2	156
1323	1	Rtr2	137
1324	1	Rtr2	662
1325	1	Rtr2	1120
1326	1	Rtr2	1114
1327	1	Rtr2	1115
1328	1	Rtr2	572
1329	1	Rtr2	32
1330	1	Rtr2	32
1331	1	Rtr2	31
1332	1	Rtr2	27
1333	1	Rtr2	23
1334	1	Rtr2	22
1335	1	Rtr2	31
1336	1	Rtr2	36
1337	1	Rtr2	15
1338	1	Rtr2	35
1339	1	Rtr2	24
1340	1	Rtr2	26
1341	1	Rtr2	15
1342	1	Rtr2	23
1343	1	Rtr2	20
1344	1	Rtr2	16
1345	1	Rtr2	553
1346	1	Rtr2	1081
1347	1	Rtr2	1090
1348	1	Rtr2	1091
1349	1	Rtr2	570
1350	1	Rtr2	40
1351	1	Rtr2	35
1352	1	Rtr2	28
1353	1	Rtr2	22
1354	1	Rtr2	16
1355	1	Rtr2	28
1356	1	Rtr2	37
1357	1	Rtr2	37
1358	1	Rtr2	17
1359	1	Rtr2	15
1360	1	Rtr2	26
1361	1	Rtr2	28
1362	1	Rtr2	20
1363	1	Rtr2	17
1364	1	Rtr2	33
1365	1	Rtr2	39
1366	1	Rtr2	554
1367	1	Rtr2	1078
1368	1	Rtr2	1081
1369	1	Rtr2	1080
1370	1	Rtr2	567
1371	1	Rtr2	35
1372	1	Rtr2	26
1373	1	Rtr2	22
1374	1	Rtr2	22
1375	1	Rtr2	33
1376	1	Rtr2	163
1377	1	Rtr2	128
1378	1	Rtr2	124
1379	1	Rtr2	104
1380	1	Rtr2	18
1381	1	Rtr2	22
1382	1	Rtr2	18
1383	1	Rtr2	19
1384	1	Rtr2	19
1385	1	Rtr2	15
1386	1	Rtr2	18
1387	1	Rtr2	538
1388	1	Rtr2	1060
1389	1	Rtr2	1063
1390	1	Rtr2	1078
1391	1	Rtr2	557
1392	1	Rtr2	32
1393	1	Rtr2	21
1394	1	Rtr2	19
1395	1	Rtr2	25
1396	1	Rtr2	23
1397	1	Rtr2	18
1398	1	Rtr2	17
1399	1	Rtr2	19
1400	1	Rtr2	20
1401	1	Rtr2	20
1402	1	Rtr2	35
1403	1	Rtr2	20
1404	1	Rtr2	24
1405	1	Rtr2	22
1406	1	Rtr2	21
1407	1	Rtr2	20
1408	1	Rtr2	540
1409	1	Rtr2	1053
1410	1	Rtr2	1063
1411	1	Rtr2	1069
1412	1	Rtr2	544
1413	1	Rtr2	22
1414	1	Rtr2	22
1415	1	Rtr2	21
1416	1	Rtr2	28
1417	1	Rtr2	24
1418	1	Rtr2	18
1419	1	Rtr2	17
1420	1	Rtr2	22
1421	1	Rtr2	24
1422	1	Rtr2	21
1423	1	Rtr2	22
1424	1	Rtr2	21
1425	1	Rtr2	19
1426	1	Rtr2	24
1427	1	Rtr2	23
1428	1	Rtr2	23
1429	1	Rtr2	532
1430	1	Rtr2	1055
1431	1	Rtr2	1055
1432	1	Rtr2	1062
1433	1	Rtr2	721
1434	1	Rtr2	153
1435	1	Rtr2	150
1436	1	Rtr2	139
1437	1	Rtr2	22
1438	1	Rtr2	22
1439	1	Rtr2	19
1440	1	Rtr2	21
1441	1	Rtr2	21
1442	1	Rtr2	18
1443	1	Rtr2	17
1444	1	Rtr2	14
1445	1	Rtr2	18
1446	1	Rtr2	16
1447	1	Rtr2	13
1448	1	Rtr2	20
1449	1	Rtr2	20
1450	1	Rtr2	530
1451	1	Rtr2	1040
1452	1	Rtr2	1043
1453	1	Rtr2	1045
1454	1	Rtr2	545
1455	1	Rtr2	24
1456	1	Rtr2	17
1457	1	Rtr2	26
1458	1	Rtr2	15
1459	1	Rtr2	16
1460	1	Rtr2	20
1461	1	Rtr2	19
1462	1	Rtr2	16
1463	1	Rtr2	18
1464	1	Rtr2	14
1465	1	Rtr2	22
1466	1	Rtr2	15
1467	1	Rtr2	16
1468	1	Rtr2	14
1469	1	Rtr2	13
1470	1	Rtr2	18
1471	1	Rtr2	523
1472	1	Rtr2	1032
1473	1	Rtr2	1035
1474	1	Rtr2	1045
1475	1	Rtr2	546
1476	1	Rtr2	37
1477	1	Rtr2	28
1478	1	Rtr2	14
1479	1	Rtr2	20
1480	1	Rtr2	16
1481	1	Rtr2	14
1482	1	Rtr2	18
1483	1	Rtr2	15
1484	1	Rtr2	15
1485	1	Rtr2	16
1486	1	Rtr2	16
1487	1	Rtr2	17
1488	1	Rtr2	17
1489	1	Rtr2	14
1490	1	Rtr2	11
1491	1	Rtr2	167
1492	1	Rtr2	618
1493	1	Rtr2	1113
1494	1	Rtr2	1118
1495	1	Rtr2	1038
1496	1	Rtr2	528
1497	1	Rtr2	28
1498	1	Rtr2	23
1499	1	Rtr2	12
1500	1	Rtr2	14
1501	1	Rtr2	15
1502	1	Rtr2	15
1503	1	Rtr2	25
1504	1	Rtr2	15
1505	1	Rtr2	14
1506	1	Rtr2	16
1507	1	Rtr2	18
1508	1	Rtr2	13
1509	1	Rtr2	20
1510	1	Rtr2	19
1511	1	Rtr2	18
1512	1	Rtr2	18
1513	1	Rtr2	507
1514	1	Rtr2	1013
1515	1	Rtr2	1025
1516	1	Rtr2	1026
1517	1	Rtr2	532
1518	1	Rtr2	22
1519	1	Rtr2	12
1520	1	Rtr2	15
1521	1	Rtr2	18
1522	1	Rtr2	16
1523	1	Rtr2	17
1524	1	Rtr2	15
1525	1	Rtr2	14
1526	1	Rtr2	14
1527	1	Rtr2	14
1528	1	Rtr2	16
1529	1	Rtr2	9
1530	1	Rtr2	13
1531	1	Rtr2	21
1532	1	Rtr2	19
1533	1	Rtr2	15
1534	1	Rtr2	510
1535	1	Rtr2	1004
1536	1	Rtr2	1015
1537	1	Rtr2	1016
1538	1	Rtr2	519
1539	1	Rtr2	23
1540	1	Rtr2	22
1541	1	Rtr2	14
1542	1	Rtr2	16
1543	1	Rtr2	17
1544	1	Rtr2	18
1545	1	Rtr2	14
1546	1	Rtr2	13
1547	1	Rtr2	176
1548	1	Rtr2	114
1549	1	Rtr2	108
1550	1	Rtr2	105
1551	1	Rtr2	15
1552	1	Rtr2	16
1553	1	Rtr2	13
1554	1	Rtr2	11
1555	1	Rtr2	501
1556	1	Rtr2	1000
1557	1	Rtr2	1003
1558	1	Rtr2	1006
1559	1	Rtr2	514
1560	1	Rtr2	18
1561	1	Rtr2	14
1562	1	Rtr2	16
1563	1	Rtr2	16
1564	1	Rtr2	165
1565	1	Rtr2	147
1566	1	Rtr2	133
1567	1	Rtr2	134
1568	1	Rtr2	22
1569	1	Rtr2	16
1570	1	Rtr2	17
1571	1	Rtr2	17
1572	1	Rtr2	14
1573	1	Rtr2	17
1574	1	Rtr2	16
1575	1	Rtr2	17
1576	1	Rtr2	503
1577	1	Rtr2	986
1578	1	Rtr2	995
1579	1	Rtr2	990
1580	1	Rtr2	515
1581	1	Rtr2	27
1582	1	Rtr2	19
1583	1	Rtr2	16
1584	1	Rtr2	8
1585	1	Rtr2	14
1586	1	Rtr2	16
1587	1	Rtr2	17
1588	1	Rtr2	14
1589	1	Rtr2	11
1590	1	Rtr2	17
1591	1	Rtr2	23
1592	1	Rtr2	13
1593	1	Rtr2	14
1594	1	Rtr2	11
1595	1	Rtr2	15
1596	1	Rtr2	11
1597	1	Rtr2	496
1598	1	Rtr2	979
1599	1	Rtr2	980
1600	1	Rtr2	987
1601	1	Rtr2	501
1602	1	Rtr2	13
1603	1	Rtr2	489
1604	1	Rtr2	975
1605	1	Rtr2	979
1606	1	Rtr2	980
1607	1	Rtr2	507
1608	1	Rtr2	17
1609	1	Rtr2	11
1610	1	Rtr2	16
1611	1	Rtr2	14
1612	1	Rtr2	12
1613	1	Rtr2	13
1614	1	Rtr2	14
1615	1	Rtr2	11
1616	1	Rtr2	16
1617	1	Rtr2	18
1618	1	Rtr2	12
1619	1	Rtr2	12
1620	1	Rtr2	12
1621	1	Rtr2	13
1622	1	Rtr2	12
1623	1	Rtr2	164
1624	1	Rtr2	591
1625	1	Rtr2	1063
1626	1	Rtr2	1066
1627	1	Rtr2	978
1628	1	Rtr2	495
1629	1	Rtr2	17
1630	1	Rtr2	13
1631	1	Rtr2	15
1632	1	Rtr2	13
1633	1	Rtr2	10
1634	1	Rtr2	11
1635	1	Rtr2	18
1636	1	Rtr2	15
1637	1	Rtr2	12
1638	1	Rtr2	12
1639	1	Rtr2	16
1640	1	Rtr2	14
1641	1	Rtr2	16
1642	1	Rtr2	15
1643	1	Rtr2	13
1644	1	Rtr2	18
1645	1	Rtr2	480
1646	1	Rtr2	954
1647	1	Rtr2	961
1648	1	Rtr2	955
1649	1	Rtr2	493
1650	1	Rtr2	21
1651	1	Rtr2	13
1652	1	Rtr2	15
1653	1	Rtr2	13
1654	1	Rtr2	11
1655	1	Rtr2	12
1656	1	Rtr2	11
1657	1	Rtr2	15
1658	1	Rtr2	18
1659	1	Rtr2	9
1660	1	Rtr2	15
1661	1	Rtr2	15
1662	1	Rtr2	13
1663	1	Rtr2	12
1664	1	Rtr2	13
1665	1	Rtr2	17
1666	1	Rtr2	479
1667	1	Rtr2	947
1668	1	Rtr2	952
1669	1	Rtr2	949
1670	1	Rtr2	485
1671	1	Rtr2	17
1672	1	Rtr2	10
1673	1	Rtr2	13
1674	1	Rtr2	16
1675	1	Rtr2	15
1676	1	Rtr2	18
1677	1	Rtr2	14
1678	1	Rtr2	14
1679	1	Rtr2	144
1680	1	Rtr2	127
1681	1	Rtr2	113
1682	1	Rtr2	112
1683	1	Rtr2	15
1684	1	Rtr2	14
1685	1	Rtr2	14
1686	1	Rtr2	10
1687	1	Rtr2	472
1688	1	Rtr2	938
1689	1	Rtr2	940
1690	1	Rtr2	944
1691	1	Rtr2	483
1692	1	Rtr2	16
1693	1	Rtr2	10
1694	1	Rtr2	11
1695	1	Rtr2	13
1696	1	Rtr2	13
1697	1	Rtr2	12
1698	1	Rtr2	15
1699	1	Rtr2	11
1700	1	Rtr2	9
1701	1	Rtr2	15
1702	1	Rtr2	13
1703	1	Rtr2	8
1704	1	Rtr2	10
1705	1	Rtr2	15
1706	1	Rtr2	8
1707	1	Rtr2	13
1708	1	Rtr2	469
1709	1	Rtr2	925
1710	1	Rtr2	932
1711	1	Rtr2	931
1712	1	Rtr2	476
1713	1	Rtr2	16
1714	1	Rtr2	16
1715	1	Rtr2	13
1716	1	Rtr2	13
1717	1	Rtr2	11
1718	1	Rtr2	16
1719	1	Rtr2	13
1720	1	Rtr2	15
1721	1	Rtr2	10
1722	1	Rtr2	11
1723	1	Rtr2	12
1724	1	Rtr2	14
1725	1	Rtr2	12
1726	1	Rtr2	15
1727	1	Rtr2	12
1728	1	Rtr2	12
1729	1	Rtr2	462
1730	1	Rtr2	920
1731	1	Rtr2	927
1732	1	Rtr2	924
1733	1	Rtr2	471
1734	1	Rtr2	16
1735	1	Rtr2	13
1736	1	Rtr2	11
1737	1	Rtr2	15
1738	1	Rtr2	13
1739	1	Rtr2	14
1740	1	Rtr2	9
1741	1	Rtr2	12
1742	1	Rtr2	184
1743	1	Rtr2	124
1744	1	Rtr2	117
1745	1	Rtr2	115
1746	1	Rtr2	9
1747	1	Rtr2	5
1748	1	Rtr2	10
1749	1	Rtr2	9
1750	1	Rtr2	460
1751	1	Rtr2	911
1752	1	Rtr2	919
1753	1	Rtr2	918
1754	1	Rtr2	463
1755	1	Rtr2	17
1756	1	Rtr2	11
1757	1	Rtr2	10
1758	1	Rtr2	14
1759	1	Rtr2	12
1760	1	Rtr2	15
1761	1	Rtr2	11
1762	1	Rtr2	12
1763	1	Rtr2	14
1764	1	Rtr2	10
1765	1	Rtr2	15
1766	1	Rtr2	8
1767	1	Rtr2	15
1768	1	Rtr2	13
1769	1	Rtr2	10
1770	1	Rtr2	178
1771	1	Rtr2	562
1772	1	Rtr2	1007
1773	1	Rtr2	1011
1774	1	Rtr2	915
1775	1	Rtr2	463
1776	1	Rtr2	16
1777	1	Rtr2	10
1778	1	Rtr2	10
1779	1	Rtr2	9
1780	1	Rtr2	13
1781	1	Rtr2	17
1782	1	Rtr2	13
1783	1	Rtr2	11
1784	1	Rtr2	14
1785	1	Rtr2	12
1786	1	Rtr2	12
1787	1	Rtr2	14
1788	1	Rtr2	9
1789	1	Rtr2	15
1790	1	Rtr2	10
1791	1	Rtr2	11
1792	1	Rtr2	451
1793	1	Rtr2	892
1794	1	Rtr2	900
1795	1	Rtr2	897
1796	1	Rtr2	463
1797	1	Rtr2	13
1798	1	Rtr2	13
1799	1	Rtr2	9
1800	1	Rtr2	8
1801	1	Rtr2	6
1802	1	Rtr2	12
1803	1	Rtr2	9
1804	1	Rtr2	6
1805	1	Rtr2	13
1806	1	Rtr2	15
1807	1	Rtr2	13
1808	1	Rtr2	12
1809	1	Rtr2	10
1810	1	Rtr2	11
1811	1	Rtr2	11
1812	1	Rtr2	8
1813	1	Rtr2	446
1814	1	Rtr2	888
1815	1	Rtr2	890
1816	1	Rtr2	894
1817	1	Rtr2	453
1818	1	Rtr2	14
1819	1	Rtr2	8
1820	1	Rtr2	9
1821	1	Rtr2	9
1822	1	Rtr2	6
1823	1	Rtr2	13
1824	1	Rtr2	8
1825	1	Rtr2	11
1826	1	Rtr2	9
1827	1	Rtr2	10
1828	1	Rtr2	7
1829	1	Rtr2	12
1830	1	Rtr2	8
1831	1	Rtr2	11
1832	1	Rtr2	8
1833	1	Rtr2	7
1834	1	Rtr2	443
1835	1	Rtr2	879
1836	1	Rtr2	884
1837	1	Rtr2	882
1838	1	Rtr2	451
1839	1	Rtr2	168
1840	1	Rtr2	134
1841	1	Rtr2	136
1842	1	Rtr2	134
1843	1	Rtr2	16
1844	1	Rtr2	9
1845	1	Rtr2	13
1846	1	Rtr2	10
1847	1	Rtr2	11
1848	1	Rtr2	11
1849	1	Rtr2	13
1850	1	Rtr2	9
1851	1	Rtr2	9
1852	1	Rtr2	10
1853	1	Rtr2	10
1854	1	Rtr2	9
1855	1	Rtr2	437
1856	1	Rtr2	870
1857	1	Rtr2	874
1858	1	Rtr2	876
1859	1	Rtr2	445
1860	1	Rtr2	10
1861	1	Rtr2	7
1862	1	Rtr2	10
1863	1	Rtr2	8
1864	1	Rtr2	10
1865	1	Rtr2	6
1866	1	Rtr2	11
1867	1	Rtr2	8
1868	1	Rtr2	9
1869	1	Rtr2	8
1870	1	Rtr2	12
1871	1	Rtr2	9
1872	1	Rtr2	11
1873	1	Rtr2	11
1874	1	Rtr2	9
1875	1	Rtr2	9
1876	1	Rtr2	430
1877	1	Rtr2	862
1878	1	Rtr2	866
1879	1	Rtr2	871
1880	1	Rtr2	443
1881	1	Rtr2	19
1882	1	Rtr2	9
1883	1	Rtr2	10
1884	1	Rtr2	13
1885	1	Rtr2	12
1886	1	Rtr2	9
1887	1	Rtr2	9
1888	1	Rtr2	13
1889	1	Rtr2	10
1890	1	Rtr2	11
1891	1	Rtr2	170
1892	1	Rtr2	127
1893	1	Rtr2	126
1894	1	Rtr2	122
1895	1	Rtr2	14
1896	1	Rtr2	7
1897	1	Rtr2	430
1898	1	Rtr2	853
1899	1	Rtr2	859
1900	1	Rtr2	860
1901	1	Rtr2	440
1902	1	Rtr2	14
1903	1	Rtr2	426
1904	1	Rtr2	841
1905	1	Rtr2	849
1906	1	Rtr2	850
1907	1	Rtr2	433
1908	1	Rtr2	15
1909	1	Rtr2	8
1910	1	Rtr2	8
1911	1	Rtr2	13
1912	1	Rtr2	9
1913	1	Rtr2	12
1914	1	Rtr2	10
1915	1	Rtr2	9
1916	1	Rtr2	8
1917	1	Rtr2	9
1918	1	Rtr2	12
1919	1	Rtr2	9
1920	1	Rtr2	9
1921	1	Rtr2	9
1922	1	Rtr2	8
1923	1	Rtr2	9
1924	1	Rtr2	423
1925	1	Rtr2	836
1926	1	Rtr2	838
1927	1	Rtr2	838
1928	1	Rtr2	428
1929	1	Rtr2	14
1930	1	Rtr2	9
1931	1	Rtr2	11
1932	1	Rtr2	8
1933	1	Rtr2	14
1934	1	Rtr2	9
1935	1	Rtr2	6
1936	1	Rtr2	8
1937	1	Rtr2	162
1938	1	Rtr2	92
1939	1	Rtr2	95
1940	1	Rtr2	98
1941	1	Rtr2	10
1942	1	Rtr2	7
1943	1	Rtr2	7
1944	1	Rtr2	7
1945	1	Rtr2	417
1946	1	Rtr2	827
1947	1	Rtr2	834
1948	1	Rtr2	835
1949	1	Rtr2	425
1950	1	Rtr2	17
1951	1	Rtr2	12
1952	1	Rtr2	10
1953	1	Rtr2	10
1954	1	Rtr2	7
1955	1	Rtr2	10
1956	1	Rtr2	8
1957	1	Rtr2	9
1958	1	Rtr2	6
1959	1	Rtr2	10
1960	1	Rtr2	10
1961	1	Rtr2	6
1962	1	Rtr2	7
1963	1	Rtr2	9
1964	1	Rtr2	7
1965	1	Rtr2	6
1966	1	Rtr2	413
1967	1	Rtr2	821
1968	1	Rtr2	823
1969	1	Rtr2	822
1970	1	Rtr2	421
1971	1	Rtr2	13
1972	1	Rtr2	7
1973	1	Rtr2	11
1974	1	Rtr2	8
1975	1	Rtr2	10
1976	1	Rtr2	8
1977	1	Rtr2	6
1978	1	Rtr2	7
1979	1	Rtr2	10
1980	1	Rtr2	11
1981	1	Rtr2	8
1982	1	Rtr2	8
1983	1	Rtr2	6
1984	1	Rtr2	10
1985	1	Rtr2	10
1986	1	Rtr2	6
1987	1	Rtr2	404
1988	1	Rtr2	810
1989	1	Rtr2	818
1990	1	Rtr2	815
1991	1	Rtr2	418
1992	1	Rtr2	11
1993	1	Rtr2	169
1994	1	Rtr2	112
1995	1	Rtr2	112
1996	1	Rtr2	108
1997	1	Rtr2	7
1998	1	Rtr2	11
1999	1	Rtr2	8
