Time	Node	PitItems
	338
2	1	Rtr2	312
3	1	Rtr2	1056
4	1	Rtr2	1819
5	1	Rtr2	1792
6	1	Rtr2	1772
7	1	Rtr2	1028
8	1	Rtr2	132
9	1	Rtr2	128
10	1	Rtr2	242
11	1	Rtr2	247
12	1	Rtr2	218
13	1	Rtr2	116
14	1	Rtr2	126
15	1	Rtr2	193
16	1	Rtr2	195
17	1	Rtr2	192
18	1	Rtr2	103
19	1	Rtr2	77
20	1	Rtr2	149
21	1	Rtr2	177
22	1	Rtr2	153
23	1	Rtr2	138
24	1	Rtr2	904
25	1	Rtr2	1762
26	1	Rtr2	1780
27	1	Rtr2	1774
28	1	Rtr2	931
29	1	Rtr2	107
30	1	Rtr2	191
31	1	Rtr2	162
32	1	Rtr2	158
33	1	Rtr2	88
34	1	Rtr2	85
35	1	Rtr2	159
36	1	Rtr2	144
37	1	Rtr2	134
38	1	Rtr2	89
39	1	Rtr2	70
40	1	Rtr2	136
41	1	Rtr2	131
42	1	Rtr2	129
43	1	Rtr2	94
44	1	Rtr2	93
45	1	Rtr2	939
46	1	Rtr2	1752
47	1	Rtr2	1752
48	1	Rtr2	1703
49	1	Rtr2	930
50	1	Rtr2	202
51	1	Rtr2	184
52	1	Rtr2	171
53	1	Rtr2	77
54	1	Rtr2	95
55	1	Rtr2	143
56	1	Rtr2	322
57	1	Rtr2	304
58	1	Rtr2	280
59	1	Rtr2	259
60	1	Rtr2	187
61	1	Rtr2	204
62	1	Rtr2	202
63	1	Rtr2	119
64	1	Rtr2	97
65	1	Rtr2	174
66	1	Rtr2	979
67	1	Rtr2	1748
68	1	Rtr2	1723
69	1	Rtr2	1730
70	1	Rtr2	993
71	1	Rtr2	199
72	1	Rtr2	182
73	1	Rtr2	89
74	1	Rtr2	87
75	1	Rtr2	155
76	1	Rtr2	135
77	1	Rtr2	123
78	1	Rtr2	109
79	1	Rtr2	81
80	1	Rtr2	162
81	1	Rtr2	162
82	1	Rtr2	123
83	1	Rtr2	87
84	1	Rtr2	87
85	1	Rtr2	134
86	1	Rtr2	121
87	1	Rtr2	937
88	1	Rtr2	1714
89	1	Rtr2	1723
90	1	Rtr2	1792
91	1	Rtr2	1014
92	1	Rtr2	184
93	1	Rtr2	107
94	1	Rtr2	96
95	1	Rtr2	152
96	1	Rtr2	154
97	1	Rtr2	145
98	1	Rtr2	106
99	1	Rtr2	84
100	1	Rtr2	160
101	1	Rtr2	143
102	1	Rtr2	142
103	1	Rtr2	84
104	1	Rtr2	84
105	1	Rtr2	131
106	1	Rtr2	126
107	1	Rtr2	120
108	1	Rtr2	894
109	1	Rtr2	1712
110	1	Rtr2	1808
111	1	Rtr2	1951
112	1	Rtr2	1124
113	1	Rtr2	237
114	1	Rtr2	251
115	1	Rtr2	193
116	1	Rtr2	204
117	1	Rtr2	192
118	1	Rtr2	94
119	1	Rtr2	100
120	1	Rtr2	169
121	1	Rtr2	182
122	1	Rtr2	192
123	1	Rtr2	95
124	1	Rtr2	83
125	1	Rtr2	161
126	1	Rtr2	156
127	1	Rtr2	144
128	1	Rtr2	92
129	1	Rtr2	889
130	1	Rtr2	1757
131	1	Rtr2	1765
132	1	Rtr2	1769
133	1	Rtr2	933
134	1	Rtr2	119
135	1	Rtr2	183
136	1	Rtr2	193
137	1	Rtr2	159
138	1	Rtr2	85
139	1	Rtr2	117
140	1	Rtr2	186
141	1	Rtr2	165
142	1	Rtr2	176
143	1	Rtr2	115
144	1	Rtr2	109
145	1	Rtr2	184
146	1	Rtr2	186
147	1	Rtr2	188
148	1	Rtr2	109
149	1	Rtr2	86
150	1	Rtr2	953
151	1	Rtr2	1752
152	1	Rtr2	1757
153	1	Rtr2	1722
154	1	Rtr2	953
155	1	Rtr2	204
156	1	Rtr2	193
157	1	Rtr2	178
158	1	Rtr2	102
159	1	Rtr2	115
160	1	Rtr2	189
161	1	Rtr2	389
162	1	Rtr2	333
163	1	Rtr2	285
164	1	Rtr2	281
165	1	Rtr2	200
166	1	Rtr2	187
167	1	Rtr2	196
168	1	Rtr2	106
169	1	Rtr2	98
170	1	Rtr2	157
171	1	Rtr2	974
172	1	Rtr2	1783
173	1	Rtr2	1752
174	1	Rtr2	1747
175	1	Rtr2	1017
176	1	Rtr2	205
177	1	Rtr2	173
178	1	Rtr2	103
179	1	Rtr2	83
180	1	Rtr2	168
181	1	Rtr2	167
182	1	Rtr2	125
183	1	Rtr2	87
184	1	Rtr2	83
185	1	Rtr2	155
186	1	Rtr2	156
187	1	Rtr2	137
188	1	Rtr2	80
189	1	Rtr2	72
190	1	Rtr2	137
191	1	Rtr2	151
192	1	Rtr2	941
193	1	Rtr2	1730
194	1	Rtr2	1745
195	1	Rtr2	1805
196	1	Rtr2	991
197	1	Rtr2	187
198	1	Rtr2	106
199	1	Rtr2	93
200	1	Rtr2	149
201	1	Rtr2	130
202	1	Rtr2	118
203	1	Rtr2	76
204	1	Rtr2	53
205	1	Rtr2	124
206	1	Rtr2	125
207	1	Rtr2	111
208	1	Rtr2	88
209	1	Rtr2	62
210	1	Rtr2	116
211	1	Rtr2	119
212	1	Rtr2	101
213	1	Rtr2	906
214	1	Rtr2	1743
215	1	Rtr2	1807
216	1	Rtr2	1811
217	1	Rtr2	1001
218	1	Rtr2	114
219	1	Rtr2	111
220	1	Rtr2	175
221	1	Rtr2	375
222	1	Rtr2	343
223	1	Rtr2	266
224	1	Rtr2	259
225	1	Rtr2	179
226	1	Rtr2	174
227	1	Rtr2	186
228	1	Rtr2	96
229	1	Rtr2	82
230	1	Rtr2	135
231	1	Rtr2	159
232	1	Rtr2	155
233	1	Rtr2	105
234	1	Rtr2	906
235	1	Rtr2	1792
236	1	Rtr2	1803
237	1	Rtr2	1812
238	1	Rtr2	928
239	1	Rtr2	110
240	1	Rtr2	165
241	1	Rtr2	160
242	1	Rtr2	138
243	1	Rtr2	66
244	1	Rtr2	60
245	1	Rtr2	117
246	1	Rtr2	131
247	1	Rtr2	115
248	1	Rtr2	80
249	1	Rtr2	74
250	1	Rtr2	117
251	1	Rtr2	124
252	1	Rtr2	107
253	1	Rtr2	79
254	1	Rtr2	60
255	1	Rtr2	927
256	1	Rtr2	1774
257	1	Rtr2	1773
258	1	Rtr2	1753
259	1	Rtr2	939
260	1	Rtr2	188
261	1	Rtr2	167
262	1	Rtr2	159
263	1	Rtr2	88
264	1	Rtr2	86
265	1	Rtr2	146
266	1	Rtr2	327
267	1	Rtr2	289
268	1	Rtr2	246
269	1	Rtr2	244
270	1	Rtr2	174
271	1	Rtr2	191
272	1	Rtr2	194
273	1	Rtr2	101
274	1	Rtr2	109
275	1	Rtr2	156
276	1	Rtr2	967
277	1	Rtr2	1810
278	1	Rtr2	1780
279	1	Rtr2	1754
280	1	Rtr2	1011
281	1	Rtr2	191
282	1	Rtr2	160
283	1	Rtr2	97
284	1	Rtr2	106
285	1	Rtr2	181
286	1	Rtr2	162
287	1	Rtr2	148
288	1	Rtr2	104
289	1	Rtr2	98
290	1	Rtr2	133
291	1	Rtr2	150
292	1	Rtr2	139
293	1	Rtr2	91
294	1	Rtr2	96
295	1	Rtr2	164
296	1	Rtr2	146
297	1	Rtr2	974
298	1	Rtr2	1764
299	1	Rtr2	1771
300	1	Rtr2	1820
301	1	Rtr2	1012
302	1	Rtr2	171
303	1	Rtr2	931
304	1	Rtr2	1759
305	1	Rtr2	1815
306	1	Rtr2	1822
307	1	Rtr2	998
308	1	Rtr2	137
309	1	Rtr2	100
310	1	Rtr2	168
311	1	Rtr2	180
312	1	Rtr2	145
313	1	Rtr2	101
314	1	Rtr2	95
315	1	Rtr2	153
316	1	Rtr2	143
317	1	Rtr2	137
318	1	Rtr2	80
319	1	Rtr2	88
320	1	Rtr2	135
321	1	Rtr2	350
322	1	Rtr2	312
323	1	Rtr2	268
324	1	Rtr2	1098
325	1	Rtr2	1836
326	1	Rtr2	1834
327	1	Rtr2	1827
328	1	Rtr2	940
329	1	Rtr2	97
330	1	Rtr2	156
331	1	Rtr2	133
332	1	Rtr2	140
333	1	Rtr2	76
334	1	Rtr2	87
335	1	Rtr2	147
336	1	Rtr2	151
337	1	Rtr2	106
338	1	Rtr2	53
339	1	Rtr2	81
340	1	Rtr2	142
341	1	Rtr2	129
342	1	Rtr2	134
343	1	Rtr2	84
344	1	Rtr2	91
345	1	Rtr2	967
346	1	Rtr2	1822
347	1	Rtr2	1813
348	1	Rtr2	1781
349	1	Rtr2	947
350	1	Rtr2	150
351	1	Rtr2	138
352	1	Rtr2	110
353	1	Rtr2	60
354	1	Rtr2	82
355	1	Rtr2	126
356	1	Rtr2	124
357	1	Rtr2	120
358	1	Rtr2	79
359	1	Rtr2	42
360	1	Rtr2	85
361	1	Rtr2	87
362	1	Rtr2	80
363	1	Rtr2	89
364	1	Rtr2	51
365	1	Rtr2	124
366	1	Rtr2	974
367	1	Rtr2	1801
368	1	Rtr2	1780
369	1	Rtr2	1772
370	1	Rtr2	998
371	1	Rtr2	131
372	1	Rtr2	143
373	1	Rtr2	107
374	1	Rtr2	86
375	1	Rtr2	154
376	1	Rtr2	399
377	1	Rtr2	350
378	1	Rtr2	304
379	1	Rtr2	286
380	1	Rtr2	141
381	1	Rtr2	143
382	1	Rtr2	142
383	1	Rtr2	83
384	1	Rtr2	87
385	1	Rtr2	136
386	1	Rtr2	152
387	1	Rtr2	983
388	1	Rtr2	1781
389	1	Rtr2	1790
390	1	Rtr2	1835
391	1	Rtr2	1018
392	1	Rtr2	160
393	1	Rtr2	88
394	1	Rtr2	77
395	1	Rtr2	130
396	1	Rtr2	149
397	1	Rtr2	124
398	1	Rtr2	67
399	1	Rtr2	57
400	1	Rtr2	120
401	1	Rtr2	117
402	1	Rtr2	86
403	1	Rtr2	72
404	1	Rtr2	67
405	1	Rtr2	142
406	1	Rtr2	135
407	1	Rtr2	104
408	1	Rtr2	920
409	1	Rtr2	1775
410	1	Rtr2	1834
411	1	Rtr2	1838
412	1	Rtr2	998
413	1	Rtr2	115
414	1	Rtr2	73
415	1	Rtr2	135
416	1	Rtr2	115
417	1	Rtr2	115
418	1	Rtr2	70
419	1	Rtr2	79
420	1	Rtr2	137
421	1	Rtr2	130
422	1	Rtr2	116
423	1	Rtr2	91
424	1	Rtr2	84
425	1	Rtr2	151
426	1	Rtr2	135
427	1	Rtr2	138
428	1	Rtr2	90
429	1	Rtr2	932
430	1	Rtr2	1842
431	1	Rtr2	1845
432	1	Rtr2	1851
433	1	Rtr2	1143
434	1	Rtr2	236
435	1	Rtr2	289
436	1	Rtr2	271
437	1	Rtr2	129
438	1	Rtr2	75
439	1	Rtr2	72
440	1	Rtr2	129
441	1	Rtr2	117
442	1	Rtr2	137
443	1	Rtr2	99
444	1	Rtr2	75
445	1	Rtr2	125
446	1	Rtr2	132
447	1	Rtr2	148
448	1	Rtr2	87
449	1	Rtr2	65
450	1	Rtr2	968
451	1	Rtr2	1841
452	1	Rtr2	1838
453	1	Rtr2	1799
454	1	Rtr2	967
455	1	Rtr2	168
456	1	Rtr2	137
457	1	Rtr2	137
458	1	Rtr2	95
459	1	Rtr2	91
460	1	Rtr2	134
461	1	Rtr2	110
462	1	Rtr2	111
463	1	Rtr2	75
464	1	Rtr2	72
465	1	Rtr2	111
466	1	Rtr2	119
467	1	Rtr2	111
468	1	Rtr2	78
469	1	Rtr2	73
470	1	Rtr2	118
471	1	Rtr2	982
472	1	Rtr2	1854
473	1	Rtr2	1805
474	1	Rtr2	1802
475	1	Rtr2	1013
476	1	Rtr2	148
477	1	Rtr2	122
478	1	Rtr2	67
479	1	Rtr2	60
480	1	Rtr2	133
481	1	Rtr2	140
482	1	Rtr2	116
483	1	Rtr2	82
484	1	Rtr2	61
485	1	Rtr2	106
486	1	Rtr2	90
487	1	Rtr2	110
488	1	Rtr2	97
489	1	Rtr2	72
490	1	Rtr2	133
491	1	Rtr2	345
492	1	Rtr2	1155
493	1	Rtr2	1978
494	1	Rtr2	1973
495	1	Rtr2	1855
496	1	Rtr2	1023
497	1	Rtr2	135
498	1	Rtr2	71
499	1	Rtr2	57
500	1	Rtr2	116
501	1	Rtr2	89
502	1	Rtr2	86
503	1	Rtr2	54
504	1	Rtr2	61
505	1	Rtr2	101
506	1	Rtr2	65
507	1	Rtr2	71
508	1	Rtr2	67
509	1	Rtr2	47
510	1	Rtr2	98
511	1	Rtr2	97
512	1	Rtr2	63
513	1	Rtr2	932
514	1	Rtr2	1816
515	1	Rtr2	1866
516	1	Rtr2	1866
517	1	Rtr2	1026
518	1	Rtr2	111
519	1	Rtr2	115
520	1	Rtr2	159
521	1	Rtr2	168
522	1	Rtr2	157
523	1	Rtr2	60
524	1	Rtr2	58
525	1	Rtr2	106
526	1	Rtr2	103
527	1	Rtr2	117
528	1	Rtr2	96
529	1	Rtr2	67
530	1	Rtr2	124
531	1	Rtr2	117
532	1	Rtr2	130
533	1	Rtr2	83
534	1	Rtr2	943
535	1	Rtr2	1855
536	1	Rtr2	1869
537	1	Rtr2	1857
538	1	Rtr2	976
539	1	Rtr2	98
540	1	Rtr2	132
541	1	Rtr2	128
542	1	Rtr2	136
543	1	Rtr2	81
544	1	Rtr2	55
545	1	Rtr2	96
546	1	Rtr2	110
547	1	Rtr2	350
548	1	Rtr2	284
549	1	Rtr2	284
550	1	Rtr2	331
551	1	Rtr2	148
552	1	Rtr2	150
553	1	Rtr2	60
554	1	Rtr2	63
555	1	Rtr2	968
556	1	Rtr2	1842
557	1	Rtr2	1857
558	1	Rtr2	1826
559	1	Rtr2	975
560	1	Rtr2	158
561	1	Rtr2	132
562	1	Rtr2	119
563	1	Rtr2	85
564	1	Rtr2	314
565	1	Rtr2	334
566	1	Rtr2	337
567	1	Rtr2	318
568	1	Rtr2	94
569	1	Rtr2	87
570	1	Rtr2	123
571	1	Rtr2	145
572	1	Rtr2	124
573	1	Rtr2	77
574	1	Rtr2	87
575	1	Rtr2	117
576	1	Rtr2	970
577	1	Rtr2	1862
578	1	Rtr2	1838
579	1	Rtr2	1830
580	1	Rtr2	1012
581	1	Rtr2	141
582	1	Rtr2	113
583	1	Rtr2	76
584	1	Rtr2	72
585	1	Rtr2	106
586	1	Rtr2	115
587	1	Rtr2	109
588	1	Rtr2	47
589	1	Rtr2	56
590	1	Rtr2	76
591	1	Rtr2	91
592	1	Rtr2	94
593	1	Rtr2	66
594	1	Rtr2	79
595	1	Rtr2	123
596	1	Rtr2	121
597	1	Rtr2	988
598	1	Rtr2	1843
599	1	Rtr2	1851
600	1	Rtr2	1897
601	1	Rtr2	1027
602	1	Rtr2	155
603	1	Rtr2	953
604	1	Rtr2	1842
605	1	Rtr2	1896
606	1	Rtr2	1893
607	1	Rtr2	1043
608	1	Rtr2	108
609	1	Rtr2	86
610	1	Rtr2	145
611	1	Rtr2	130
612	1	Rtr2	121
613	1	Rtr2	69
614	1	Rtr2	50
615	1	Rtr2	101
616	1	Rtr2	99
617	1	Rtr2	81
618	1	Rtr2	47
619	1	Rtr2	65
620	1	Rtr2	93
621	1	Rtr2	100
622	1	Rtr2	89
623	1	Rtr2	314
624	1	Rtr2	1144
625	1	Rtr2	2073
626	1	Rtr2	2070
627	1	Rtr2	1883
628	1	Rtr2	979
629	1	Rtr2	85
630	1	Rtr2	120
631	1	Rtr2	111
632	1	Rtr2	125
633	1	Rtr2	78
634	1	Rtr2	62
635	1	Rtr2	102
636	1	Rtr2	104
637	1	Rtr2	97
638	1	Rtr2	60
639	1	Rtr2	51
640	1	Rtr2	91
641	1	Rtr2	121
642	1	Rtr2	89
643	1	Rtr2	75
644	1	Rtr2	99
645	1	Rtr2	1011
646	1	Rtr2	1905
647	1	Rtr2	1910
648	1	Rtr2	1850
649	1	Rtr2	973
650	1	Rtr2	125
651	1	Rtr2	107
652	1	Rtr2	92
653	1	Rtr2	52
654	1	Rtr2	61
655	1	Rtr2	93
656	1	Rtr2	94
657	1	Rtr2	78
658	1	Rtr2	49
659	1	Rtr2	51
660	1	Rtr2	84
661	1	Rtr2	92
662	1	Rtr2	74
663	1	Rtr2	83
664	1	Rtr2	63
665	1	Rtr2	99
666	1	Rtr2	982
667	1	Rtr2	1875
668	1	Rtr2	1858
669	1	Rtr2	1853
670	1	Rtr2	1013
671	1	Rtr2	112
672	1	Rtr2	96
673	1	Rtr2	70
674	1	Rtr2	49
675	1	Rtr2	79
676	1	Rtr2	76
677	1	Rtr2	58
678	1	Rtr2	52
679	1	Rtr2	270
680	1	Rtr2	313
681	1	Rtr2	296
682	1	Rtr2	288
683	1	Rtr2	55
684	1	Rtr2	76
685	1	Rtr2	126
686	1	Rtr2	114
687	1	Rtr2	996
688	1	Rtr2	1843
689	1	Rtr2	1861
690	1	Rtr2	1903
691	1	Rtr2	1015
692	1	Rtr2	144
693	1	Rtr2	90
694	1	Rtr2	75
695	1	Rtr2	120
696	1	Rtr2	123
697	1	Rtr2	106
698	1	Rtr2	72
699	1	Rtr2	62
700	1	Rtr2	103
701	1	Rtr2	108
702	1	Rtr2	112
703	1	Rtr2	58
704	1	Rtr2	52
705	1	Rtr2	94
706	1	Rtr2	93
707	1	Rtr2	90
708	1	Rtr2	969
709	1	Rtr2	1871
710	1	Rtr2	1915
711	1	Rtr2	1918
712	1	Rtr2	1039
713	1	Rtr2	97
714	1	Rtr2	92
715	1	Rtr2	124
716	1	Rtr2	134
717	1	Rtr2	118
718	1	Rtr2	51
719	1	Rtr2	61
720	1	Rtr2	91
721	1	Rtr2	102
722	1	Rtr2	91
723	1	Rtr2	66
724	1	Rtr2	68
725	1	Rtr2	107
726	1	Rtr2	107
727	1	Rtr2	79
728	1	Rtr2	63
729	1	Rtr2	945
730	1	Rtr2	1885
731	1	Rtr2	1890
732	1	Rtr2	1886
733	1	Rtr2	989
734	1	Rtr2	86
735	1	Rtr2	110
736	1	Rtr2	112
737	1	Rtr2	117
738	1	Rtr2	49
739	1	Rtr2	47
740	1	Rtr2	63
741	1	Rtr2	75
742	1	Rtr2	313
743	1	Rtr2	254
744	1	Rtr2	252
745	1	Rtr2	289
746	1	Rtr2	113
747	1	Rtr2	112
748	1	Rtr2	48
749	1	Rtr2	51
750	1	Rtr2	976
751	1	Rtr2	1893
752	1	Rtr2	1898
753	1	Rtr2	1885
754	1	Rtr2	1008
755	1	Rtr2	143
756	1	Rtr2	133
757	1	Rtr2	128
758	1	Rtr2	86
759	1	Rtr2	62
760	1	Rtr2	93
761	1	Rtr2	91
762	1	Rtr2	90
763	1	Rtr2	45
764	1	Rtr2	47
765	1	Rtr2	85
766	1	Rtr2	79
767	1	Rtr2	86
768	1	Rtr2	62
769	1	Rtr2	59
770	1	Rtr2	385
771	1	Rtr2	1232
772	1	Rtr2	2127
773	1	Rtr2	2108
774	1	Rtr2	1890
775	1	Rtr2	1034
776	1	Rtr2	113
777	1	Rtr2	106
778	1	Rtr2	60
779	1	Rtr2	75
780	1	Rtr2	108
781	1	Rtr2	96
782	1	Rtr2	91
783	1	Rtr2	49
784	1	Rtr2	51
785	1	Rtr2	96
786	1	Rtr2	89
787	1	Rtr2	91
788	1	Rtr2	57
789	1	Rtr2	41
790	1	Rtr2	66
791	1	Rtr2	60
792	1	Rtr2	973
793	1	Rtr2	1874
794	1	Rtr2	1883
795	1	Rtr2	1911
796	1	Rtr2	1025
797	1	Rtr2	120
798	1	Rtr2	64
799	1	Rtr2	50
800	1	Rtr2	83
801	1	Rtr2	92
802	1	Rtr2	76
803	1	Rtr2	51
804	1	Rtr2	58
805	1	Rtr2	102
806	1	Rtr2	100
807	1	Rtr2	84
808	1	Rtr2	50
809	1	Rtr2	44
810	1	Rtr2	66
811	1	Rtr2	69
812	1	Rtr2	59
813	1	Rtr2	960
814	1	Rtr2	1882
815	1	Rtr2	1917
816	1	Rtr2	1917
817	1	Rtr2	1026
818	1	Rtr2	94
819	1	Rtr2	67
820	1	Rtr2	100
821	1	Rtr2	99
822	1	Rtr2	80
823	1	Rtr2	68
824	1	Rtr2	64
825	1	Rtr2	88
826	1	Rtr2	100
827	1	Rtr2	98
828	1	Rtr2	69
829	1	Rtr2	51
830	1	Rtr2	72
831	1	Rtr2	92
832	1	Rtr2	81
833	1	Rtr2	48
834	1	Rtr2	949
835	1	Rtr2	1897
836	1	Rtr2	1926
837	1	Rtr2	1924
838	1	Rtr2	1011
839	1	Rtr2	367
840	1	Rtr2	341
841	1	Rtr2	348
842	1	Rtr2	338
843	1	Rtr2	87
844	1	Rtr2	62
845	1	Rtr2	80
846	1	Rtr2	94
847	1	Rtr2	98
848	1	Rtr2	35
849	1	Rtr2	52
850	1	Rtr2	82
851	1	Rtr2	86
852	1	Rtr2	66
853	1	Rtr2	58
854	1	Rtr2	65
855	1	Rtr2	990
856	1	Rtr2	1915
857	1	Rtr2	1924
858	1	Rtr2	1905
859	1	Rtr2	1000
860	1	Rtr2	107
861	1	Rtr2	104
862	1	Rtr2	110
863	1	Rtr2	80
864	1	Rtr2	72
865	1	Rtr2	100
866	1	Rtr2	95
867	1	Rtr2	82
868	1	Rtr2	74
869	1	Rtr2	37
870	1	Rtr2	64
871	1	Rtr2	58
872	1	Rtr2	33
873	1	Rtr2	47
874	1	Rtr2	36
875	1	Rtr2	64
876	1	Rtr2	975
877	1	Rtr2	1902
878	1	Rtr2	1908
879	1	Rtr2	1906
880	1	Rtr2	1020
881	1	Rtr2	96
882	1	Rtr2	97
883	1	Rtr2	66
884	1	Rtr2	45
885	1	Rtr2	90
886	1	Rtr2	70
887	1	Rtr2	80
888	1	Rtr2	62
889	1	Rtr2	66
890	1	Rtr2	106
891	1	Rtr2	343
892	1	Rtr2	283
893	1	Rtr2	267
894	1	Rtr2	250
895	1	Rtr2	113
896	1	Rtr2	97
897	1	Rtr2	1018
898	1	Rtr2	1902
899	1	Rtr2	1906
900	1	Rtr2	1938
901	1	Rtr2	1038
902	1	Rtr2	122
903	1	Rtr2	979
904	1	Rtr2	1908
905	1	Rtr2	1953
906	1	Rtr2	1953
907	1	Rtr2	1025
908	1	Rtr2	81
909	1	Rtr2	67
910	1	Rtr2	89
911	1	Rtr2	91
912	1	Rtr2	101
913	1	Rtr2	60
914	1	Rtr2	50
915	1	Rtr2	81
916	1	Rtr2	77
917	1	Rtr2	74
918	1	Rtr2	40
919	1	Rtr2	40
920	1	Rtr2	61
921	1	Rtr2	74
922	1	Rtr2	63
923	1	Rtr2	57
924	1	Rtr2	975
925	1	Rtr2	1936
926	1	Rtr2	1944
927	1	Rtr2	1942
928	1	Rtr2	1009
929	1	Rtr2	79
930	1	Rtr2	95
931	1	Rtr2	95
932	1	Rtr2	87
933	1	Rtr2	57
934	1	Rtr2	53
935	1	Rtr2	71
936	1	Rtr2	72
937	1	Rtr2	321
938	1	Rtr2	251
939	1	Rtr2	243
940	1	Rtr2	250
941	1	Rtr2	94
942	1	Rtr2	99
943	1	Rtr2	57
944	1	Rtr2	39
945	1	Rtr2	989
946	1	Rtr2	1932
947	1	Rtr2	1939
948	1	Rtr2	1932
949	1	Rtr2	997
950	1	Rtr2	94
951	1	Rtr2	80
952	1	Rtr2	76
953	1	Rtr2	55
954	1	Rtr2	51
955	1	Rtr2	74
956	1	Rtr2	81
957	1	Rtr2	65
958	1	Rtr2	59
959	1	Rtr2	34
960	1	Rtr2	47
961	1	Rtr2	49
962	1	Rtr2	56
963	1	Rtr2	57
964	1	Rtr2	50
965	1	Rtr2	75
966	1	Rtr2	999
967	1	Rtr2	1937
968	1	Rtr2	1925
969	1	Rtr2	1930
970	1	Rtr2	1041
971	1	Rtr2	85
972	1	Rtr2	71
973	1	Rtr2	52
974	1	Rtr2	50
975	1	Rtr2	64
976	1	Rtr2	66
977	1	Rtr2	62
978	1	Rtr2	41
979	1	Rtr2	37
980	1	Rtr2	69
981	1	Rtr2	57
982	1	Rtr2	55
983	1	Rtr2	49
984	1	Rtr2	50
985	1	Rtr2	74
986	1	Rtr2	75
987	1	Rtr2	1009
988	1	Rtr2	1921
989	1	Rtr2	1932
990	1	Rtr2	1959
991	1	Rtr2	1036
992	1	Rtr2	97
993	1	Rtr2	295
994	1	Rtr2	245
995	1	Rtr2	263
996	1	Rtr2	257
997	1	Rtr2	100
998	1	Rtr2	44
999	1	Rtr2	43
1000	1	Rtr2	80
1001	1	Rtr2	335
1002	1	Rtr2	274
1003	1	Rtr2	1184
1004	1	Rtr2	2124
1005	1	Rtr2	1972
1006	1	Rtr2	1968
1007	1	Rtr2	1025
1008	1	Rtr2	67
1009	1	Rtr2	51
1010	1	Rtr2	72
1011	1	Rtr2	86
1012	1	Rtr2	83
1013	1	Rtr2	42
1014	1	Rtr2	21
1015	1	Rtr2	55
1016	1	Rtr2	41
1017	1	Rtr2	53
1018	1	Rtr2	50
1019	1	Rtr2	44
1020	1	Rtr2	79
1021	1	Rtr2	76
1022	1	Rtr2	67
1023	1	Rtr2	55
1024	1	Rtr2	979
1025	1	Rtr2	1957
1026	1	Rtr2	1972
1027	1	Rtr2	1966
1028	1	Rtr2	1015
1029	1	Rtr2	54
1030	1	Rtr2	65
1031	1	Rtr2	59
1032	1	Rtr2	47
1033	1	Rtr2	34
1034	1	Rtr2	25
1035	1	Rtr2	36
1036	1	Rtr2	57
1037	1	Rtr2	32
1038	1	Rtr2	25
1039	1	Rtr2	42
1040	1	Rtr2	55
1041	1	Rtr2	68
1042	1	Rtr2	55
1043	1	Rtr2	35
1044	1	Rtr2	47
1045	1	Rtr2	1002
1046	1	Rtr2	1957
1047	1	Rtr2	1967
1048	1	Rtr2	1952
1049	1	Rtr2	1018
1050	1	Rtr2	85
1051	1	Rtr2	83
1052	1	Rtr2	86
1053	1	Rtr2	42
1054	1	Rtr2	23
1055	1	Rtr2	46
1056	1	Rtr2	359
1057	1	Rtr2	300
1058	1	Rtr2	284
1059	1	Rtr2	291
1060	1	Rtr2	102
1061	1	Rtr2	95
1062	1	Rtr2	83
1063	1	Rtr2	47
1064	1	Rtr2	34
1065	1	Rtr2	53
1066	1	Rtr2	997
1067	1	Rtr2	1951
1068	1	Rtr2	1953
1069	1	Rtr2	1961
1070	1	Rtr2	1041
1071	1	Rtr2	89
1072	1	Rtr2	77
1073	1	Rtr2	44
1074	1	Rtr2	43
1075	1	Rtr2	60
1076	1	Rtr2	60
1077	1	Rtr2	64
1078	1	Rtr2	46
1079	1	Rtr2	36
1080	1	Rtr2	59
1081	1	Rtr2	51
1082	1	Rtr2	58
1083	1	Rtr2	43
1084	1	Rtr2	28
1085	1	Rtr2	54
1086	1	Rtr2	55
1087	1	Rtr2	1011
1088	1	Rtr2	1953
1089	1	Rtr2	1964
1090	1	Rtr2	1983
1091	1	Rtr2	1036
1092	1	Rtr2	75
1093	1	Rtr2	71
1094	1	Rtr2	44
1095	1	Rtr2	64
1096	1	Rtr2	68
1097	1	Rtr2	56
1098	1	Rtr2	37
1099	1	Rtr2	29
1100	1	Rtr2	42
1101	1	Rtr2	46
1102	1	Rtr2	40
1103	1	Rtr2	35
1104	1	Rtr2	30
1105	1	Rtr2	51
1106	1	Rtr2	60
1107	1	Rtr2	50
1108	1	Rtr2	999
1109	1	Rtr2	1959
1110	1	Rtr2	1988
1111	1	Rtr2	2261
1112	1	Rtr2	1258
1113	1	Rtr2	261
1114	1	Rtr2	246
1115	1	Rtr2	64
1116	1	Rtr2	71
1117	1	Rtr2	67
1118	1	Rtr2	45
1119	1	Rtr2	51
1120	1	Rtr2	55
1121	1	Rtr2	67
1122	1	Rtr2	62
1123	1	Rtr2	41
1124	1	Rtr2	47
1125	1	Rtr2	68
1126	1	Rtr2	64
1127	1	Rtr2	68
1128	1	Rtr2	46
1129	1	Rtr2	1005
1130	1	Rtr2	1993
1131	1	Rtr2	1996
1132	1	Rtr2	2000
1133	1	Rtr2	1027
1134	1	Rtr2	63
1135	1	Rtr2	62
1136	1	Rtr2	63
1137	1	Rtr2	51
1138	1	Rtr2	31
1139	1	Rtr2	32
1140	1	Rtr2	43
1141	1	Rtr2	53
1142	1	Rtr2	41
1143	1	Rtr2	23
1144	1	Rtr2	31
1145	1	Rtr2	45
1146	1	Rtr2	52
1147	1	Rtr2	37
1148	1	Rtr2	44
1149	1	Rtr2	26
1150	1	Rtr2	1000
1151	1	Rtr2	1966
1152	1	Rtr2	1985
1153	1	Rtr2	1976
1154	1	Rtr2	1024
1155	1	Rtr2	77
1156	1	Rtr2	65
1157	1	Rtr2	47
1158	1	Rtr2	37
1159	1	Rtr2	46
1160	1	Rtr2	59
1161	1	Rtr2	344
1162	1	Rtr2	299
1163	1	Rtr2	259
1164	1	Rtr2	261
1165	1	Rtr2	62
1166	1	Rtr2	44
1167	1	Rtr2	37
1168	1	Rtr2	22
1169	1	Rtr2	39
1170	1	Rtr2	53
1171	1	Rtr2	1011
1172	1	Rtr2	1984
1173	1	Rtr2	1985
1174	1	Rtr2	1989
1175	1	Rtr2	1043
1176	1	Rtr2	88
1177	1	Rtr2	59
1178	1	Rtr2	25
1179	1	Rtr2	27
1180	1	Rtr2	37
1181	1	Rtr2	30
1182	1	Rtr2	35
1183	1	Rtr2	26
1184	1	Rtr2	28
1185	1	Rtr2	46
1186	1	Rtr2	25
1187	1	Rtr2	35
1188	1	Rtr2	34
1189	1	Rtr2	39
1190	1	Rtr2	59
1191	1	Rtr2	51
1192	1	Rtr2	1020
1193	1	Rtr2	1984
1194	1	Rtr2	1985
1195	1	Rtr2	2007
1196	1	Rtr2	1041
1197	1	Rtr2	77
1198	1	Rtr2	54
1199	1	Rtr2	49
1200	1	Rtr2	52
1201	1	Rtr2	44
1202	1	Rtr2	42
1203	1	Rtr2	35
1204	1	Rtr2	28
1205	1	Rtr2	31
1206	1	Rtr2	27
1207	1	Rtr2	24
1208	1	Rtr2	21
1209	1	Rtr2	37
1210	1	Rtr2	40
1211	1	Rtr2	48
1212	1	Rtr2	39
1213	1	Rtr2	1004
1214	1	Rtr2	1987
1215	1	Rtr2	2020
1216	1	Rtr2	2019
1217	1	Rtr2	1040
1218	1	Rtr2	54
1219	1	Rtr2	43
1220	1	Rtr2	47
1221	1	Rtr2	329
1222	1	Rtr2	265
1223	1	Rtr2	240
1224	1	Rtr2	232
1225	1	Rtr2	46
1226	1	Rtr2	47
1227	1	Rtr2	29
1228	1	Rtr2	27
1229	1	Rtr2	24
1230	1	Rtr2	31
1231	1	Rtr2	43
1232	1	Rtr2	43
1233	1	Rtr2	31
1234	1	Rtr2	1003
1235	1	Rtr2	2010
1236	1	Rtr2	2016
1237	1	Rtr2	2010
1238	1	Rtr2	1033
1239	1	Rtr2	51
1240	1	Rtr2	37
1241	1	Rtr2	56
1242	1	Rtr2	37
1243	1	Rtr2	27
1244	1	Rtr2	18
1245	1	Rtr2	28
1246	1	Rtr2	40
1247	1	Rtr2	22
1248	1	Rtr2	14
1249	1	Rtr2	30
1250	1	Rtr2	35
1251	1	Rtr2	41
1252	1	Rtr2	48
1253	1	Rtr2	22
1254	1	Rtr2	24
1255	1	Rtr2	1015
1256	1	Rtr2	1995
1257	1	Rtr2	2001
1258	1	Rtr2	2005
1259	1	Rtr2	1032
1260	1	Rtr2	48
1261	1	Rtr2	39
1262	1	Rtr2	32
1263	1	Rtr2	22
1264	1	Rtr2	26
1265	1	Rtr2	27
1266	1	Rtr2	319
1267	1	Rtr2	255
1268	1	Rtr2	235
1269	1	Rtr2	224
1270	1	Rtr2	28
1271	1	Rtr2	32
1272	1	Rtr2	25
1273	1	Rtr2	17
1274	1	Rtr2	27
1275	1	Rtr2	30
1276	1	Rtr2	1012
1277	1	Rtr2	1998
1278	1	Rtr2	2007
1279	1	Rtr2	2008
1280	1	Rtr2	1048
1281	1	Rtr2	57
1282	1	Rtr2	56
1283	1	Rtr2	25
1284	1	Rtr2	24
1285	1	Rtr2	32
1286	1	Rtr2	37
1287	1	Rtr2	30
1288	1	Rtr2	21
1289	1	Rtr2	21
1290	1	Rtr2	31
1291	1	Rtr2	29
1292	1	Rtr2	18
1293	1	Rtr2	21
1294	1	Rtr2	28
1295	1	Rtr2	27
1296	1	Rtr2	22
1297	1	Rtr2	1013
1298	1	Rtr2	1995
1299	1	Rtr2	2006
1300	1	Rtr2	2025
1301	1	Rtr2	1037
1302	1	Rtr2	36
1303	1	Rtr2	1014
1304	1	Rtr2	2013
1305	1	Rtr2	2031
1306	1	Rtr2	2037
1307	1	Rtr2	1046
1308	1	Rtr2	43
1309	1	Rtr2	26
1310	1	Rtr2	38
1311	1	Rtr2	31
1312	1	Rtr2	23
1313	1	Rtr2	23
1314	1	Rtr2	22
1315	1	Rtr2	23
1316	1	Rtr2	23
1317	1	Rtr2	21
1318	1	Rtr2	18
1319	1	Rtr2	14
1320	1	Rtr2	21
1321	1	Rtr2	343
1322	1	Rtr2	302
1323	1	Rtr2	277
1324	1	Rtr2	1256
1325	1	Rtr2	2037
1326	1	Rtr2	2042
1327	1	Rtr2	2039
1328	1	Rtr2	1042
1329	1	Rtr2	34
1330	1	Rtr2	37
1331	1	Rtr2	33
1332	1	Rtr2	27
1333	1	Rtr2	24
1334	1	Rtr2	24
1335	1	Rtr2	33
1336	1	Rtr2	29
1337	1	Rtr2	15
1338	1	Rtr2	34
1339	1	Rtr2	23
1340	1	Rtr2	29
1341	1	Rtr2	18
1342	1	Rtr2	22
1343	1	Rtr2	22
1344	1	Rtr2	14
1345	1	Rtr2	1018
1346	1	Rtr2	2016
1347	1	Rtr2	2036
1348	1	Rtr2	2025
1349	1	Rtr2	1041
1350	1	Rtr2	43
1351	1	Rtr2	33
1352	1	Rtr2	27
1353	1	Rtr2	25
1354	1	Rtr2	18
1355	1	Rtr2	28
1356	1	Rtr2	37
1357	1	Rtr2	37
1358	1	Rtr2	15
1359	1	Rtr2	17
1360	1	Rtr2	27
1361	1	Rtr2	29
1362	1	Rtr2	20
1363	1	Rtr2	18
1364	1	Rtr2	30
1365	1	Rtr2	37
1366	1	Rtr2	1029
1367	1	Rtr2	2025
1368	1	Rtr2	2037
1369	1	Rtr2	2039
1370	1	Rtr2	1057
1371	1	Rtr2	52
1372	1	Rtr2	32
1373	1	Rtr2	22
1374	1	Rtr2	24
1375	1	Rtr2	34
1376	1	Rtr2	356
1377	1	Rtr2	298
1378	1	Rtr2	283
1379	1	Rtr2	261
1380	1	Rtr2	20
1381	1	Rtr2	24
1382	1	Rtr2	19
1383	1	Rtr2	18
1384	1	Rtr2	19
1385	1	Rtr2	14
1386	1	Rtr2	18
1387	1	Rtr2	1024
1388	1	Rtr2	2032
1389	1	Rtr2	2043
1390	1	Rtr2	2059
1391	1	Rtr2	1059
1392	1	Rtr2	51
1393	1	Rtr2	26
1394	1	Rtr2	17
1395	1	Rtr2	26
1396	1	Rtr2	25
1397	1	Rtr2	15
1398	1	Rtr2	18
1399	1	Rtr2	21
1400	1	Rtr2	20
1401	1	Rtr2	23
1402	1	Rtr2	36
1403	1	Rtr2	20
1404	1	Rtr2	22
1405	1	Rtr2	21
1406	1	Rtr2	22
1407	1	Rtr2	20
1408	1	Rtr2	1029
1409	1	Rtr2	2031
1410	1	Rtr2	2058
1411	1	Rtr2	2050
1412	1	Rtr2	1050
1413	1	Rtr2	27
1414	1	Rtr2	18
1415	1	Rtr2	21
1416	1	Rtr2	25
1417	1	Rtr2	23
1418	1	Rtr2	17
1419	1	Rtr2	15
1420	1	Rtr2	22
1421	1	Rtr2	23
1422	1	Rtr2	20
1423	1	Rtr2	23
1424	1	Rtr2	22
1425	1	Rtr2	19
1426	1	Rtr2	25
1427	1	Rtr2	22
1428	1	Rtr2	25
1429	1	Rtr2	1028
1430	1	Rtr2	2055
1431	1	Rtr2	2057
1432	1	Rtr2	2070
1433	1	Rtr2	1348
1434	1	Rtr2	275
1435	1	Rtr2	256
1436	1	Rtr2	238
1437	1	Rtr2	30
1438	1	Rtr2	24
1439	1	Rtr2	17
1440	1	Rtr2	21
1441	1	Rtr2	22
1442	1	Rtr2	17
1443	1	Rtr2	17
1444	1	Rtr2	16
1445	1	Rtr2	19
1446	1	Rtr2	15
1447	1	Rtr2	14
1448	1	Rtr2	21
1449	1	Rtr2	20
1450	1	Rtr2	1032
1451	1	Rtr2	2047
1452	1	Rtr2	2053
1453	1	Rtr2	2058
1454	1	Rtr2	1050
1455	1	Rtr2	27
1456	1	Rtr2	15
1457	1	Rtr2	24
1458	1	Rtr2	13
1459	1	Rtr2	17
1460	1	Rtr2	20
1461	1	Rtr2	20
1462	1	Rtr2	18
1463	1	Rtr2	17
1464	1	Rtr2	16
1465	1	Rtr2	22
1466	1	Rtr2	15
1467	1	Rtr2	16
1468	1	Rtr2	14
1469	1	Rtr2	13
1470	1	Rtr2	18
1471	1	Rtr2	1031
1472	1	Rtr2	2053
1473	1	Rtr2	2058
1474	1	Rtr2	2065
1475	1	Rtr2	1063
1476	1	Rtr2	42
1477	1	Rtr2	28
1478	1	Rtr2	14
1479	1	Rtr2	20
1480	1	Rtr2	16
1481	1	Rtr2	14
1482	1	Rtr2	18
1483	1	Rtr2	13
1484	1	Rtr2	13
1485	1	Rtr2	16
1486	1	Rtr2	16
1487	1	Rtr2	17
1488	1	Rtr2	17
1489	1	Rtr2	14
1490	1	Rtr2	11
1491	1	Rtr2	313
1492	1	Rtr2	1260
1493	1	Rtr2	2268
1494	1	Rtr2	2269
1495	1	Rtr2	2084
1496	1	Rtr2	1052
1497	1	Rtr2	36
1498	1	Rtr2	20
1499	1	Rtr2	17
1500	1	Rtr2	11
1501	1	Rtr2	17
1502	1	Rtr2	16
1503	1	Rtr2	27
1504	1	Rtr2	14
1505	1	Rtr2	15
1506	1	Rtr2	16
1507	1	Rtr2	18
1508	1	Rtr2	13
1509	1	Rtr2	20
1510	1	Rtr2	19
1511	1	Rtr2	18
1512	1	Rtr2	18
1513	1	Rtr2	1036
1514	1	Rtr2	2063
1515	1	Rtr2	2084
1516	1	Rtr2	2088
1517	1	Rtr2	1062
1518	1	Rtr2	27
1519	1	Rtr2	16
1520	1	Rtr2	15
1521	1	Rtr2	18
1522	1	Rtr2	15
1523	1	Rtr2	17
1524	1	Rtr2	15
1525	1	Rtr2	14
1526	1	Rtr2	14
1527	1	Rtr2	14
1528	1	Rtr2	16
1529	1	Rtr2	9
1530	1	Rtr2	13
1531	1	Rtr2	21
1532	1	Rtr2	19
1533	1	Rtr2	15
1534	1	Rtr2	1042
1535	1	Rtr2	2076
1536	1	Rtr2	2090
1537	1	Rtr2	2088
1538	1	Rtr2	1057
1539	1	Rtr2	30
1540	1	Rtr2	21
1541	1	Rtr2	14
1542	1	Rtr2	17
1543	1	Rtr2	17
1544	1	Rtr2	17
1545	1	Rtr2	13
1546	1	Rtr2	13
1547	1	Rtr2	301
1548	1	Rtr2	222
1549	1	Rtr2	213
1550	1	Rtr2	208
1551	1	Rtr2	21
1552	1	Rtr2	16
1553	1	Rtr2	14
1554	1	Rtr2	11
1555	1	Rtr2	1039
1556	1	Rtr2	2074
1557	1	Rtr2	2080
1558	1	Rtr2	2082
1559	1	Rtr2	1058
1560	1	Rtr2	23
1561	1	Rtr2	14
1562	1	Rtr2	16
1563	1	Rtr2	17
1564	1	Rtr2	288
1565	1	Rtr2	242
1566	1	Rtr2	227
1567	1	Rtr2	222
1568	1	Rtr2	25
1569	1	Rtr2	17
1570	1	Rtr2	17
1571	1	Rtr2	16
1572	1	Rtr2	14
1573	1	Rtr2	18
1574	1	Rtr2	16
1575	1	Rtr2	17
1576	1	Rtr2	1046
1577	1	Rtr2	2084
1578	1	Rtr2	2089
1579	1	Rtr2	2088
1580	1	Rtr2	1073
1581	1	Rtr2	38
1582	1	Rtr2	26
1583	1	Rtr2	16
1584	1	Rtr2	8
1585	1	Rtr2	14
1586	1	Rtr2	16
1587	1	Rtr2	17
1588	1	Rtr2	14
1589	1	Rtr2	11
1590	1	Rtr2	17
1591	1	Rtr2	23
1592	1	Rtr2	13
1593	1	Rtr2	14
1594	1	Rtr2	11
1595	1	Rtr2	15
1596	1	Rtr2	11
1597	1	Rtr2	1050
1598	1	Rtr2	2079
1599	1	Rtr2	2097
1600	1	Rtr2	2103
1601	1	Rtr2	1069
1602	1	Rtr2	38
1603	1	Rtr2	1043
1604	1	Rtr2	2089
1605	1	Rtr2	2107
1606	1	Rtr2	2107
1607	1	Rtr2	1073
1608	1	Rtr2	26
1609	1	Rtr2	17
1610	1	Rtr2	15
1611	1	Rtr2	15
1612	1	Rtr2	11
1613	1	Rtr2	13
1614	1	Rtr2	14
1615	1	Rtr2	11
1616	1	Rtr2	15
1617	1	Rtr2	17
1618	1	Rtr2	12
1619	1	Rtr2	12
1620	1	Rtr2	12
1621	1	Rtr2	13
1622	1	Rtr2	12
1623	1	Rtr2	352
1624	1	Rtr2	1317
1625	1	Rtr2	2358
1626	1	Rtr2	2363
1627	1	Rtr2	2118
1628	1	Rtr2	1069
1629	1	Rtr2	29
1630	1	Rtr2	15
1631	1	Rtr2	16
1632	1	Rtr2	13
1633	1	Rtr2	10
1634	1	Rtr2	11
1635	1	Rtr2	18
1636	1	Rtr2	15
1637	1	Rtr2	13
1638	1	Rtr2	12
1639	1	Rtr2	17
1640	1	Rtr2	14
1641	1	Rtr2	16
1642	1	Rtr2	15
1643	1	Rtr2	13
1644	1	Rtr2	18
1645	1	Rtr2	1045
1646	1	Rtr2	2086
1647	1	Rtr2	2116
1648	1	Rtr2	2110
1649	1	Rtr2	1083
1650	1	Rtr2	33
1651	1	Rtr2	13
1652	1	Rtr2	14
1653	1	Rtr2	13
1654	1	Rtr2	9
1655	1	Rtr2	12
1656	1	Rtr2	11
1657	1	Rtr2	13
1658	1	Rtr2	18
1659	1	Rtr2	8
1660	1	Rtr2	15
1661	1	Rtr2	15
1662	1	Rtr2	13
1663	1	Rtr2	12
1664	1	Rtr2	13
1665	1	Rtr2	17
1666	1	Rtr2	1059
1667	1	Rtr2	2107
1668	1	Rtr2	2118
1669	1	Rtr2	2112
1670	1	Rtr2	1076
1671	1	Rtr2	27
1672	1	Rtr2	15
1673	1	Rtr2	12
1674	1	Rtr2	17
1675	1	Rtr2	15
1676	1	Rtr2	17
1677	1	Rtr2	14
1678	1	Rtr2	14
1679	1	Rtr2	334
1680	1	Rtr2	284
1681	1	Rtr2	269
1682	1	Rtr2	265
1683	1	Rtr2	18
1684	1	Rtr2	14
1685	1	Rtr2	14
1686	1	Rtr2	9
1687	1	Rtr2	1055
1688	1	Rtr2	2110
1689	1	Rtr2	2121
1690	1	Rtr2	2130
1691	1	Rtr2	1081
1692	1	Rtr2	32
1693	1	Rtr2	12
1694	1	Rtr2	11
1695	1	Rtr2	13
1696	1	Rtr2	13
1697	1	Rtr2	11
1698	1	Rtr2	15
1699	1	Rtr2	10
1700	1	Rtr2	9
1701	1	Rtr2	15
1702	1	Rtr2	13
1703	1	Rtr2	8
1704	1	Rtr2	10
1705	1	Rtr2	15
1706	1	Rtr2	8
1707	1	Rtr2	13
1708	1	Rtr2	1062
1709	1	Rtr2	2113
1710	1	Rtr2	2130
1711	1	Rtr2	2135
1712	1	Rtr2	1086
1713	1	Rtr2	27
1714	1	Rtr2	11
1715	1	Rtr2	14
1716	1	Rtr2	13
1717	1	Rtr2	11
1718	1	Rtr2	16
1719	1	Rtr2	13
1720	1	Rtr2	15
1721	1	Rtr2	10
1722	1	Rtr2	11
1723	1	Rtr2	12
1724	1	Rtr2	14
1725	1	Rtr2	11
1726	1	Rtr2	15
1727	1	Rtr2	12
1728	1	Rtr2	12
1729	1	Rtr2	1061
1730	1	Rtr2	2120
1731	1	Rtr2	2130
1732	1	Rtr2	2132
1733	1	Rtr2	1079
1734	1	Rtr2	24
1735	1	Rtr2	14
1736	1	Rtr2	11
1737	1	Rtr2	15
1738	1	Rtr2	13
1739	1	Rtr2	15
1740	1	Rtr2	9
1741	1	Rtr2	12
1742	1	Rtr2	346
1743	1	Rtr2	257
1744	1	Rtr2	246
1745	1	Rtr2	241
1746	1	Rtr2	13
1747	1	Rtr2	5
1748	1	Rtr2	10
1749	1	Rtr2	8
1750	1	Rtr2	1064
1751	1	Rtr2	2124
1752	1	Rtr2	2139
1753	1	Rtr2	2135
1754	1	Rtr2	1087
1755	1	Rtr2	22
1756	1	Rtr2	11
1757	1	Rtr2	11
1758	1	Rtr2	14
1759	1	Rtr2	12
1760	1	Rtr2	16
1761	1	Rtr2	11
1762	1	Rtr2	12
1763	1	Rtr2	14
1764	1	Rtr2	10
1765	1	Rtr2	15
1766	1	Rtr2	8
1767	1	Rtr2	15
1768	1	Rtr2	13
1769	1	Rtr2	10
1770	1	Rtr2	312
1771	1	Rtr2	1287
1772	1	Rtr2	2347
1773	1	Rtr2	2354
1774	1	Rtr2	2146
1775	1	Rtr2	1089
1776	1	Rtr2	25
1777	1	Rtr2	13
1778	1	Rtr2	9
1779	1	Rtr2	8
1780	1	Rtr2	14
1781	1	Rtr2	15
1782	1	Rtr2	12
1783	1	Rtr2	11
1784	1	Rtr2	13
1785	1	Rtr2	12
1786	1	Rtr2	12
1787	1	Rtr2	14
1788	1	Rtr2	9
1789	1	Rtr2	15
1790	1	Rtr2	10
1791	1	Rtr2	11
1792	1	Rtr2	1069
1793	1	Rtr2	2134
1794	1	Rtr2	2148
1795	1	Rtr2	2149
1796	1	Rtr2	1094
1797	1	Rtr2	23
1798	1	Rtr2	12
1799	1	Rtr2	11
1800	1	Rtr2	8
1801	1	Rtr2	6
1802	1	Rtr2	12
1803	1	Rtr2	9
1804	1	Rtr2	6
1805	1	Rtr2	12
1806	1	Rtr2	15
1807	1	Rtr2	13
1808	1	Rtr2	12
1809	1	Rtr2	10
1810	1	Rtr2	11
1811	1	Rtr2	11
1812	1	Rtr2	8
1813	1	Rtr2	1072
1814	1	Rtr2	2144
1815	1	Rtr2	2156
1816	1	Rtr2	2158
1817	1	Rtr2	1098
1818	1	Rtr2	23
1819	1	Rtr2	10
1820	1	Rtr2	9
1821	1	Rtr2	9
1822	1	Rtr2	7
1823	1	Rtr2	12
1824	1	Rtr2	8
1825	1	Rtr2	11
1826	1	Rtr2	8
1827	1	Rtr2	10
1828	1	Rtr2	7
1829	1	Rtr2	12
1830	1	Rtr2	8
1831	1	Rtr2	11
1832	1	Rtr2	8
1833	1	Rtr2	7
1834	1	Rtr2	1075
1835	1	Rtr2	2150
1836	1	Rtr2	2161
1837	1	Rtr2	2165
1838	1	Rtr2	1094
1839	1	Rtr2	375
1840	1	Rtr2	297
1841	1	Rtr2	293
1842	1	Rtr2	288
1843	1	Rtr2	20
1844	1	Rtr2	9
1845	1	Rtr2	13
1846	1	Rtr2	9
1847	1	Rtr2	12
1848	1	Rtr2	11
1849	1	Rtr2	13
1850	1	Rtr2	9
1851	1	Rtr2	9
1852	1	Rtr2	10
1853	1	Rtr2	10
1854	1	Rtr2	9
1855	1	Rtr2	1076
1856	1	Rtr2	2153
1857	1	Rtr2	2166
1858	1	Rtr2	2162
1859	1	Rtr2	1095
1860	1	Rtr2	17
1861	1	Rtr2	7
1862	1	Rtr2	10
1863	1	Rtr2	8
1864	1	Rtr2	10
1865	1	Rtr2	6
1866	1	Rtr2	11
1867	1	Rtr2	8
1868	1	Rtr2	9
1869	1	Rtr2	8
1870	1	Rtr2	12
1871	1	Rtr2	9
1872	1	Rtr2	12
1873	1	Rtr2	11
1874	1	Rtr2	9
1875	1	Rtr2	9
1876	1	Rtr2	1076
1877	1	Rtr2	2156
1878	1	Rtr2	2177
1879	1	Rtr2	2169
1880	1	Rtr2	1101
1881	1	Rtr2	26
1882	1	Rtr2	9
1883	1	Rtr2	10
1884	1	Rtr2	13
1885	1	Rtr2	12
1886	1	Rtr2	9
1887	1	Rtr2	9
1888	1	Rtr2	13
1889	1	Rtr2	10
1890	1	Rtr2	11
1891	1	Rtr2	347
1892	1	Rtr2	289
1893	1	Rtr2	280
1894	1	Rtr2	271
1895	1	Rtr2	12
1896	1	Rtr2	7
1897	1	Rtr2	1082
1898	1	Rtr2	2162
1899	1	Rtr2	2174
1900	1	Rtr2	2182
1901	1	Rtr2	1106
1902	1	Rtr2	21
1903	1	Rtr2	1081
1904	1	Rtr2	2168
1905	1	Rtr2	2180
1906	1	Rtr2	2179
1907	1	Rtr2	1106
1908	1	Rtr2	20
1909	1	Rtr2	8
1910	1	Rtr2	9
1911	1	Rtr2	13
1912	1	Rtr2	10
1913	1	Rtr2	12
1914	1	Rtr2	10
1915	1	Rtr2	9
1916	1	Rtr2	8
1917	1	Rtr2	9
1918	1	Rtr2	12
1919	1	Rtr2	9
1920	1	Rtr2	9
1921	1	Rtr2	9
1922	1	Rtr2	8
1923	1	Rtr2	9
1924	1	Rtr2	1088
1925	1	Rtr2	2175
1926	1	Rtr2	2189
1927	1	Rtr2	2189
1928	1	Rtr2	1104
1929	1	Rtr2	19
1930	1	Rtr2	9
1931	1	Rtr2	11
1932	1	Rtr2	8
1933	1	Rtr2	14
1934	1	Rtr2	8
1935	1	Rtr2	6
1936	1	Rtr2	8
1937	1	Rtr2	384
1938	1	Rtr2	309
1939	1	Rtr2	292
1940	1	Rtr2	288
1941	1	Rtr2	15
1942	1	Rtr2	7
1943	1	Rtr2	7
1944	1	Rtr2	7
1945	1	Rtr2	1091
1946	1	Rtr2	2182
1947	1	Rtr2	2191
1948	1	Rtr2	2190
1949	1	Rtr2	1111
1950	1	Rtr2	24
1951	1	Rtr2	12
1952	1	Rtr2	10
1953	1	Rtr2	10
1954	1	Rtr2	6
1955	1	Rtr2	10
1956	1	Rtr2	8
1957	1	Rtr2	9
1958	1	Rtr2	6
1959	1	Rtr2	10
1960	1	Rtr2	9
1961	1	Rtr2	6
1962	1	Rtr2	6
1963	1	Rtr2	9
1964	1	Rtr2	7
1965	1	Rtr2	6
1966	1	Rtr2	1093
1967	1	Rtr2	2186
1968	1	Rtr2	2198
1969	1	Rtr2	2197
1970	1	Rtr2	1116
1971	1	Rtr2	22
1972	1	Rtr2	9
1973	1	Rtr2	11
1974	1	Rtr2	8
1975	1	Rtr2	10
1976	1	Rtr2	7
1977	1	Rtr2	7
1978	1	Rtr2	7
1979	1	Rtr2	9
1980	1	Rtr2	11
1981	1	Rtr2	8
1982	1	Rtr2	8
1983	1	Rtr2	6
1984	1	Rtr2	10
1985	1	Rtr2	10
1986	1	Rtr2	6
1987	1	Rtr2	1094
1988	1	Rtr2	2190
1989	1	Rtr2	2202
1990	1	Rtr2	2203
1991	1	Rtr2	1120
1992	1	Rtr2	19
1993	1	Rtr2	381
1994	1	Rtr2	299
1995	1	Rtr2	294
1996	1	Rtr2	287
1997	1	Rtr2	15
1998	1	Rtr2	11
1999	1	Rtr2	7
