Time	Node	PitItems
	194
2	1	Rtr2	203
3	1	Rtr2	966
4	1	Rtr2	1736
5	1	Rtr2	1744
6	1	Rtr2	1739
7	1	Rtr2	948
8	1	Rtr2	33
9	1	Rtr2	11
10	1	Rtr2	10
11	1	Rtr2	13
12	1	Rtr2	10
13	1	Rtr2	11
14	1	Rtr2	10
15	1	Rtr2	5
16	1	Rtr2	9
17	1	Rtr2	7
18	1	Rtr2	12
19	1	Rtr2	9
20	1	Rtr2	4
21	1	Rtr2	9
22	1	Rtr2	10
23	1	Rtr2	9
24	1	Rtr2	804
25	1	Rtr2	1603
26	1	Rtr2	1611
27	1	Rtr2	1615
28	1	Rtr2	817
29	1	Rtr2	15
30	1	Rtr2	9
31	1	Rtr2	6
32	1	Rtr2	7
33	1	Rtr2	8
34	1	Rtr2	9
35	1	Rtr2	9
36	1	Rtr2	6
37	1	Rtr2	6
38	1	Rtr2	7
39	1	Rtr2	6
40	1	Rtr2	8
41	1	Rtr2	11
42	1	Rtr2	5
43	1	Rtr2	11
44	1	Rtr2	9
45	1	Rtr2	809
46	1	Rtr2	1611
47	1	Rtr2	1622
48	1	Rtr2	1624
49	1	Rtr2	823
50	1	Rtr2	15
51	1	Rtr2	6
52	1	Rtr2	8
53	1	Rtr2	11
54	1	Rtr2	12
55	1	Rtr2	10
56	1	Rtr2	155
57	1	Rtr2	160
58	1	Rtr2	132
59	1	Rtr2	144
60	1	Rtr2	96
61	1	Rtr2	97
62	1	Rtr2	96
63	1	Rtr2	8
64	1	Rtr2	11
65	1	Rtr2	10
66	1	Rtr2	809
67	1	Rtr2	1622
68	1	Rtr2	1631
69	1	Rtr2	1632
70	1	Rtr2	827
71	1	Rtr2	20
72	1	Rtr2	10
73	1	Rtr2	9
74	1	Rtr2	10
75	1	Rtr2	13
76	1	Rtr2	9
77	1	Rtr2	8
78	1	Rtr2	7
79	1	Rtr2	10
80	1	Rtr2	10
81	1	Rtr2	7
82	1	Rtr2	10
83	1	Rtr2	7
84	1	Rtr2	10
85	1	Rtr2	8
86	1	Rtr2	11
87	1	Rtr2	813
88	1	Rtr2	1621
89	1	Rtr2	1633
90	1	Rtr2	1633
91	1	Rtr2	835
92	1	Rtr2	20
93	1	Rtr2	7
94	1	Rtr2	7
95	1	Rtr2	11
96	1	Rtr2	8
97	1	Rtr2	8
98	1	Rtr2	8
99	1	Rtr2	11
100	1	Rtr2	10
101	1	Rtr2	6
102	1	Rtr2	10
103	1	Rtr2	11
104	1	Rtr2	7
105	1	Rtr2	7
106	1	Rtr2	10
107	1	Rtr2	9
108	1	Rtr2	812
109	1	Rtr2	1632
110	1	Rtr2	1641
111	1	Rtr2	1801
112	1	Rtr2	1012
113	1	Rtr2	188
114	1	Rtr2	166
115	1	Rtr2	123
116	1	Rtr2	120
117	1	Rtr2	122
118	1	Rtr2	17
119	1	Rtr2	9
120	1	Rtr2	10
121	1	Rtr2	10
122	1	Rtr2	10
123	1	Rtr2	11
124	1	Rtr2	9
125	1	Rtr2	10
126	1	Rtr2	13
127	1	Rtr2	10
128	1	Rtr2	10
129	1	Rtr2	823
130	1	Rtr2	1640
131	1	Rtr2	1647
132	1	Rtr2	1647
133	1	Rtr2	837
134	1	Rtr2	19
135	1	Rtr2	9
136	1	Rtr2	10
137	1	Rtr2	12
138	1	Rtr2	12
139	1	Rtr2	8
140	1	Rtr2	10
141	1	Rtr2	10
142	1	Rtr2	8
143	1	Rtr2	6
144	1	Rtr2	12
145	1	Rtr2	10
146	1	Rtr2	9
147	1	Rtr2	13
148	1	Rtr2	13
149	1	Rtr2	10
150	1	Rtr2	827
151	1	Rtr2	1647
152	1	Rtr2	1656
153	1	Rtr2	1651
154	1	Rtr2	843
155	1	Rtr2	24
156	1	Rtr2	15
157	1	Rtr2	13
158	1	Rtr2	6
159	1	Rtr2	11
160	1	Rtr2	10
161	1	Rtr2	213
162	1	Rtr2	227
163	1	Rtr2	193
164	1	Rtr2	187
165	1	Rtr2	162
166	1	Rtr2	162
167	1	Rtr2	157
168	1	Rtr2	12
169	1	Rtr2	11
170	1	Rtr2	7
171	1	Rtr2	825
172	1	Rtr2	1649
173	1	Rtr2	1659
174	1	Rtr2	1662
175	1	Rtr2	844
176	1	Rtr2	27
177	1	Rtr2	15
178	1	Rtr2	11
179	1	Rtr2	12
180	1	Rtr2	12
181	1	Rtr2	16
182	1	Rtr2	11
183	1	Rtr2	13
184	1	Rtr2	8
185	1	Rtr2	12
186	1	Rtr2	6
187	1	Rtr2	8
188	1	Rtr2	14
189	1	Rtr2	12
190	1	Rtr2	6
191	1	Rtr2	9
192	1	Rtr2	832
193	1	Rtr2	1659
194	1	Rtr2	1664
195	1	Rtr2	1667
196	1	Rtr2	851
197	1	Rtr2	18
198	1	Rtr2	9
199	1	Rtr2	13
200	1	Rtr2	9
201	1	Rtr2	8
202	1	Rtr2	9
203	1	Rtr2	8
204	1	Rtr2	10
205	1	Rtr2	11
206	1	Rtr2	12
207	1	Rtr2	10
208	1	Rtr2	10
209	1	Rtr2	9
210	1	Rtr2	8
211	1	Rtr2	12
212	1	Rtr2	10
213	1	Rtr2	836
214	1	Rtr2	1662
215	1	Rtr2	1675
216	1	Rtr2	1671
217	1	Rtr2	850
218	1	Rtr2	20
219	1	Rtr2	12
220	1	Rtr2	13
221	1	Rtr2	218
222	1	Rtr2	200
223	1	Rtr2	197
224	1	Rtr2	172
225	1	Rtr2	143
226	1	Rtr2	142
227	1	Rtr2	138
228	1	Rtr2	13
229	1	Rtr2	7
230	1	Rtr2	10
231	1	Rtr2	8
232	1	Rtr2	13
233	1	Rtr2	13
234	1	Rtr2	835
235	1	Rtr2	1672
236	1	Rtr2	1684
237	1	Rtr2	1682
238	1	Rtr2	854
239	1	Rtr2	18
240	1	Rtr2	11
241	1	Rtr2	13
242	1	Rtr2	12
243	1	Rtr2	12
244	1	Rtr2	10
245	1	Rtr2	10
246	1	Rtr2	12
247	1	Rtr2	14
248	1	Rtr2	14
249	1	Rtr2	13
250	1	Rtr2	12
251	1	Rtr2	9
252	1	Rtr2	10
253	1	Rtr2	17
254	1	Rtr2	12
255	1	Rtr2	842
256	1	Rtr2	1678
257	1	Rtr2	1686
258	1	Rtr2	1684
259	1	Rtr2	857
260	1	Rtr2	21
261	1	Rtr2	13
262	1	Rtr2	8
263	1	Rtr2	11
264	1	Rtr2	12
265	1	Rtr2	9
266	1	Rtr2	178
267	1	Rtr2	165
268	1	Rtr2	163
269	1	Rtr2	156
270	1	Rtr2	130
271	1	Rtr2	134
272	1	Rtr2	129
273	1	Rtr2	17
274	1	Rtr2	12
275	1	Rtr2	9
276	1	Rtr2	843
277	1	Rtr2	1679
278	1	Rtr2	1696
279	1	Rtr2	1692
280	1	Rtr2	864
281	1	Rtr2	22
282	1	Rtr2	13
283	1	Rtr2	14
284	1	Rtr2	14
285	1	Rtr2	14
286	1	Rtr2	12
287	1	Rtr2	15
288	1	Rtr2	13
289	1	Rtr2	11
290	1	Rtr2	12
291	1	Rtr2	13
292	1	Rtr2	12
293	1	Rtr2	14
294	1	Rtr2	12
295	1	Rtr2	12
296	1	Rtr2	9
297	1	Rtr2	849
298	1	Rtr2	1692
299	1	Rtr2	1701
300	1	Rtr2	1705
301	1	Rtr2	872
302	1	Rtr2	26
303	1	Rtr2	855
304	1	Rtr2	1698
305	1	Rtr2	1708
306	1	Rtr2	1703
307	1	Rtr2	868
308	1	Rtr2	25
309	1	Rtr2	10
310	1	Rtr2	11
311	1	Rtr2	8
312	1	Rtr2	12
313	1	Rtr2	15
314	1	Rtr2	11
315	1	Rtr2	15
316	1	Rtr2	16
317	1	Rtr2	11
318	1	Rtr2	16
319	1	Rtr2	13
320	1	Rtr2	17
321	1	Rtr2	214
322	1	Rtr2	226
323	1	Rtr2	212
324	1	Rtr2	1031
325	1	Rtr2	1848
326	1	Rtr2	1862
327	1	Rtr2	1848
328	1	Rtr2	873
329	1	Rtr2	20
330	1	Rtr2	13
331	1	Rtr2	13
332	1	Rtr2	9
333	1	Rtr2	15
334	1	Rtr2	10
335	1	Rtr2	10
336	1	Rtr2	11
337	1	Rtr2	14
338	1	Rtr2	15
339	1	Rtr2	16
340	1	Rtr2	16
341	1	Rtr2	12
342	1	Rtr2	14
343	1	Rtr2	13
344	1	Rtr2	12
345	1	Rtr2	858
346	1	Rtr2	1713
347	1	Rtr2	1721
348	1	Rtr2	1720
349	1	Rtr2	869
350	1	Rtr2	22
351	1	Rtr2	12
352	1	Rtr2	11
353	1	Rtr2	9
354	1	Rtr2	15
355	1	Rtr2	12
356	1	Rtr2	15
357	1	Rtr2	11
358	1	Rtr2	13
359	1	Rtr2	11
360	1	Rtr2	12
361	1	Rtr2	14
362	1	Rtr2	14
363	1	Rtr2	14
364	1	Rtr2	19
365	1	Rtr2	13
366	1	Rtr2	867
367	1	Rtr2	1722
368	1	Rtr2	1724
369	1	Rtr2	1724
370	1	Rtr2	878
371	1	Rtr2	28
372	1	Rtr2	23
373	1	Rtr2	14
374	1	Rtr2	9
375	1	Rtr2	12
376	1	Rtr2	209
377	1	Rtr2	208
378	1	Rtr2	202
379	1	Rtr2	197
380	1	Rtr2	169
381	1	Rtr2	166
382	1	Rtr2	157
383	1	Rtr2	19
384	1	Rtr2	11
385	1	Rtr2	9
386	1	Rtr2	13
387	1	Rtr2	866
388	1	Rtr2	1726
389	1	Rtr2	1737
390	1	Rtr2	1749
391	1	Rtr2	894
392	1	Rtr2	25
393	1	Rtr2	13
394	1	Rtr2	13
395	1	Rtr2	14
396	1	Rtr2	18
397	1	Rtr2	14
398	1	Rtr2	16
399	1	Rtr2	14
400	1	Rtr2	16
401	1	Rtr2	9
402	1	Rtr2	9
403	1	Rtr2	18
404	1	Rtr2	18
405	1	Rtr2	19
406	1	Rtr2	11
407	1	Rtr2	18
408	1	Rtr2	872
409	1	Rtr2	1728
410	1	Rtr2	1744
411	1	Rtr2	1742
412	1	Rtr2	894
413	1	Rtr2	28
414	1	Rtr2	16
415	1	Rtr2	12
416	1	Rtr2	17
417	1	Rtr2	16
418	1	Rtr2	20
419	1	Rtr2	12
420	1	Rtr2	13
421	1	Rtr2	16
422	1	Rtr2	19
423	1	Rtr2	13
424	1	Rtr2	17
425	1	Rtr2	15
426	1	Rtr2	16
427	1	Rtr2	10
428	1	Rtr2	15
429	1	Rtr2	881
430	1	Rtr2	1748
431	1	Rtr2	1760
432	1	Rtr2	1760
433	1	Rtr2	1092
434	1	Rtr2	267
435	1	Rtr2	276
436	1	Rtr2	260
437	1	Rtr2	207
438	1	Rtr2	170
439	1	Rtr2	165
440	1	Rtr2	18
441	1	Rtr2	12
442	1	Rtr2	12
443	1	Rtr2	21
444	1	Rtr2	15
445	1	Rtr2	14
446	1	Rtr2	15
447	1	Rtr2	14
448	1	Rtr2	14
449	1	Rtr2	13
450	1	Rtr2	875
451	1	Rtr2	1742
452	1	Rtr2	1761
453	1	Rtr2	1755
454	1	Rtr2	890
455	1	Rtr2	23
456	1	Rtr2	17
457	1	Rtr2	16
458	1	Rtr2	10
459	1	Rtr2	20
460	1	Rtr2	14
461	1	Rtr2	18
462	1	Rtr2	17
463	1	Rtr2	15
464	1	Rtr2	19
465	1	Rtr2	12
466	1	Rtr2	13
467	1	Rtr2	19
468	1	Rtr2	14
469	1	Rtr2	16
470	1	Rtr2	9
471	1	Rtr2	876
472	1	Rtr2	1748
473	1	Rtr2	1758
474	1	Rtr2	1756
475	1	Rtr2	904
476	1	Rtr2	27
477	1	Rtr2	19
478	1	Rtr2	13
479	1	Rtr2	12
480	1	Rtr2	17
481	1	Rtr2	18
482	1	Rtr2	14
483	1	Rtr2	13
484	1	Rtr2	21
485	1	Rtr2	16
486	1	Rtr2	16
487	1	Rtr2	16
488	1	Rtr2	17
489	1	Rtr2	17
490	1	Rtr2	14
491	1	Rtr2	225
492	1	Rtr2	1066
493	1	Rtr2	1962
494	1	Rtr2	1956
495	1	Rtr2	1937
496	1	Rtr2	1067
497	1	Rtr2	191
498	1	Rtr2	21
499	1	Rtr2	16
500	1	Rtr2	13
501	1	Rtr2	16
502	1	Rtr2	17
503	1	Rtr2	18
504	1	Rtr2	16
505	1	Rtr2	16
506	1	Rtr2	12
507	1	Rtr2	10
508	1	Rtr2	15
509	1	Rtr2	16
510	1	Rtr2	16
511	1	Rtr2	22
512	1	Rtr2	19
513	1	Rtr2	887
514	1	Rtr2	1760
515	1	Rtr2	1780
516	1	Rtr2	1780
517	1	Rtr2	907
518	1	Rtr2	29
519	1	Rtr2	16
520	1	Rtr2	13
521	1	Rtr2	20
522	1	Rtr2	19
523	1	Rtr2	15
524	1	Rtr2	16
525	1	Rtr2	11
526	1	Rtr2	13
527	1	Rtr2	21
528	1	Rtr2	19
529	1	Rtr2	22
530	1	Rtr2	24
531	1	Rtr2	14
532	1	Rtr2	23
533	1	Rtr2	20
534	1	Rtr2	891
535	1	Rtr2	1774
536	1	Rtr2	1792
537	1	Rtr2	1794
538	1	Rtr2	904
539	1	Rtr2	27
540	1	Rtr2	12
541	1	Rtr2	18
542	1	Rtr2	17
543	1	Rtr2	17
544	1	Rtr2	18
545	1	Rtr2	20
546	1	Rtr2	19
547	1	Rtr2	242
548	1	Rtr2	267
549	1	Rtr2	267
550	1	Rtr2	304
551	1	Rtr2	243
552	1	Rtr2	220
553	1	Rtr2	191
554	1	Rtr2	19
555	1	Rtr2	897
556	1	Rtr2	1776
557	1	Rtr2	1790
558	1	Rtr2	1796
559	1	Rtr2	910
560	1	Rtr2	35
561	1	Rtr2	20
562	1	Rtr2	14
563	1	Rtr2	15
564	1	Rtr2	280
565	1	Rtr2	313
566	1	Rtr2	302
567	1	Rtr2	282
568	1	Rtr2	178
569	1	Rtr2	170
570	1	Rtr2	164
571	1	Rtr2	19
572	1	Rtr2	21
573	1	Rtr2	20
574	1	Rtr2	16
575	1	Rtr2	20
576	1	Rtr2	899
577	1	Rtr2	1778
578	1	Rtr2	1795
579	1	Rtr2	1791
580	1	Rtr2	925
581	1	Rtr2	43
582	1	Rtr2	29
583	1	Rtr2	24
584	1	Rtr2	18
585	1	Rtr2	19
586	1	Rtr2	21
587	1	Rtr2	17
588	1	Rtr2	17
589	1	Rtr2	14
590	1	Rtr2	18
591	1	Rtr2	18
592	1	Rtr2	27
593	1	Rtr2	20
594	1	Rtr2	18
595	1	Rtr2	19
596	1	Rtr2	23
597	1	Rtr2	903
598	1	Rtr2	1793
599	1	Rtr2	1796
600	1	Rtr2	1811
601	1	Rtr2	936
602	1	Rtr2	39
603	1	Rtr2	908
604	1	Rtr2	1797
605	1	Rtr2	1819
606	1	Rtr2	1816
607	1	Rtr2	930
608	1	Rtr2	39
609	1	Rtr2	30
610	1	Rtr2	28
611	1	Rtr2	26
612	1	Rtr2	22
613	1	Rtr2	21
614	1	Rtr2	32
615	1	Rtr2	30
616	1	Rtr2	23
617	1	Rtr2	24
618	1	Rtr2	19
619	1	Rtr2	19
620	1	Rtr2	25
621	1	Rtr2	22
622	1	Rtr2	26
623	1	Rtr2	295
624	1	Rtr2	1169
625	1	Rtr2	2084
626	1	Rtr2	2087
627	1	Rtr2	2046
628	1	Rtr2	1117
629	1	Rtr2	221
630	1	Rtr2	26
631	1	Rtr2	18
632	1	Rtr2	23
633	1	Rtr2	28
634	1	Rtr2	23
635	1	Rtr2	30
636	1	Rtr2	19
637	1	Rtr2	26
638	1	Rtr2	30
639	1	Rtr2	18
640	1	Rtr2	17
641	1	Rtr2	29
642	1	Rtr2	37
643	1	Rtr2	28
644	1	Rtr2	22
645	1	Rtr2	912
646	1	Rtr2	1811
647	1	Rtr2	1820
648	1	Rtr2	1821
649	1	Rtr2	931
650	1	Rtr2	30
651	1	Rtr2	18
652	1	Rtr2	21
653	1	Rtr2	23
654	1	Rtr2	19
655	1	Rtr2	24
656	1	Rtr2	20
657	1	Rtr2	17
658	1	Rtr2	18
659	1	Rtr2	20
660	1	Rtr2	22
661	1	Rtr2	20
662	1	Rtr2	25
663	1	Rtr2	28
664	1	Rtr2	26
665	1	Rtr2	21
666	1	Rtr2	916
667	1	Rtr2	1812
668	1	Rtr2	1830
669	1	Rtr2	1830
670	1	Rtr2	953
671	1	Rtr2	46
672	1	Rtr2	44
673	1	Rtr2	27
674	1	Rtr2	20
675	1	Rtr2	22
676	1	Rtr2	16
677	1	Rtr2	17
678	1	Rtr2	23
679	1	Rtr2	258
680	1	Rtr2	287
681	1	Rtr2	294
682	1	Rtr2	298
683	1	Rtr2	191
684	1	Rtr2	188
685	1	Rtr2	185
686	1	Rtr2	22
687	1	Rtr2	920
688	1	Rtr2	1816
689	1	Rtr2	1832
690	1	Rtr2	1849
691	1	Rtr2	945
692	1	Rtr2	59
693	1	Rtr2	40
694	1	Rtr2	33
695	1	Rtr2	32
696	1	Rtr2	26
697	1	Rtr2	24
698	1	Rtr2	25
699	1	Rtr2	24
700	1	Rtr2	30
701	1	Rtr2	26
702	1	Rtr2	47
703	1	Rtr2	32
704	1	Rtr2	24
705	1	Rtr2	33
706	1	Rtr2	27
707	1	Rtr2	24
708	1	Rtr2	925
709	1	Rtr2	1833
710	1	Rtr2	1846
711	1	Rtr2	1853
712	1	Rtr2	958
713	1	Rtr2	49
714	1	Rtr2	31
715	1	Rtr2	31
716	1	Rtr2	38
717	1	Rtr2	35
718	1	Rtr2	20
719	1	Rtr2	21
720	1	Rtr2	28
721	1	Rtr2	31
722	1	Rtr2	20
723	1	Rtr2	17
724	1	Rtr2	27
725	1	Rtr2	23
726	1	Rtr2	23
727	1	Rtr2	19
728	1	Rtr2	25
729	1	Rtr2	930
730	1	Rtr2	1863
731	1	Rtr2	1864
732	1	Rtr2	1861
733	1	Rtr2	953
734	1	Rtr2	49
735	1	Rtr2	36
736	1	Rtr2	36
737	1	Rtr2	41
738	1	Rtr2	26
739	1	Rtr2	24
740	1	Rtr2	21
741	1	Rtr2	19
742	1	Rtr2	247
743	1	Rtr2	257
744	1	Rtr2	274
745	1	Rtr2	301
746	1	Rtr2	256
747	1	Rtr2	230
748	1	Rtr2	175
749	1	Rtr2	20
750	1	Rtr2	933
751	1	Rtr2	1853
752	1	Rtr2	1857
753	1	Rtr2	1861
754	1	Rtr2	976
755	1	Rtr2	73
756	1	Rtr2	60
757	1	Rtr2	50
758	1	Rtr2	26
759	1	Rtr2	30
760	1	Rtr2	28
761	1	Rtr2	38
762	1	Rtr2	26
763	1	Rtr2	21
764	1	Rtr2	21
765	1	Rtr2	29
766	1	Rtr2	38
767	1	Rtr2	17
768	1	Rtr2	20
769	1	Rtr2	22
770	1	Rtr2	286
771	1	Rtr2	1180
772	1	Rtr2	2074
773	1	Rtr2	2099
774	1	Rtr2	2046
775	1	Rtr2	1145
776	1	Rtr2	219
777	1	Rtr2	42
778	1	Rtr2	20
779	1	Rtr2	24
780	1	Rtr2	44
781	1	Rtr2	24
782	1	Rtr2	22
783	1	Rtr2	24
784	1	Rtr2	24
785	1	Rtr2	34
786	1	Rtr2	32
787	1	Rtr2	32
788	1	Rtr2	17
789	1	Rtr2	25
790	1	Rtr2	35
791	1	Rtr2	26
792	1	Rtr2	949
793	1	Rtr2	1860
794	1	Rtr2	1866
795	1	Rtr2	1884
796	1	Rtr2	979
797	1	Rtr2	73
798	1	Rtr2	41
799	1	Rtr2	22
800	1	Rtr2	34
801	1	Rtr2	53
802	1	Rtr2	38
803	1	Rtr2	41
804	1	Rtr2	32
805	1	Rtr2	33
806	1	Rtr2	49
807	1	Rtr2	50
808	1	Rtr2	31
809	1	Rtr2	27
810	1	Rtr2	33
811	1	Rtr2	27
812	1	Rtr2	25
813	1	Rtr2	944
814	1	Rtr2	1862
815	1	Rtr2	1892
816	1	Rtr2	1890
817	1	Rtr2	986
818	1	Rtr2	65
819	1	Rtr2	39
820	1	Rtr2	53
821	1	Rtr2	52
822	1	Rtr2	47
823	1	Rtr2	38
824	1	Rtr2	34
825	1	Rtr2	47
826	1	Rtr2	49
827	1	Rtr2	36
828	1	Rtr2	45
829	1	Rtr2	22
830	1	Rtr2	27
831	1	Rtr2	42
832	1	Rtr2	34
833	1	Rtr2	30
834	1	Rtr2	937
835	1	Rtr2	1873
836	1	Rtr2	1905
837	1	Rtr2	1904
838	1	Rtr2	993
839	1	Rtr2	313
840	1	Rtr2	373
841	1	Rtr2	348
842	1	Rtr2	338
843	1	Rtr2	240
844	1	Rtr2	226
845	1	Rtr2	213
846	1	Rtr2	46
847	1	Rtr2	41
848	1	Rtr2	33
849	1	Rtr2	18
850	1	Rtr2	38
851	1	Rtr2	39
852	1	Rtr2	24
853	1	Rtr2	23
854	1	Rtr2	33
855	1	Rtr2	961
856	1	Rtr2	1884
857	1	Rtr2	1898
858	1	Rtr2	1894
859	1	Rtr2	981
860	1	Rtr2	71
861	1	Rtr2	56
862	1	Rtr2	68
863	1	Rtr2	56
864	1	Rtr2	40
865	1	Rtr2	59
866	1	Rtr2	47
867	1	Rtr2	38
868	1	Rtr2	50
869	1	Rtr2	23
870	1	Rtr2	41
871	1	Rtr2	36
872	1	Rtr2	32
873	1	Rtr2	36
874	1	Rtr2	26
875	1	Rtr2	44
876	1	Rtr2	962
877	1	Rtr2	1888
878	1	Rtr2	1898
879	1	Rtr2	1899
880	1	Rtr2	1001
881	1	Rtr2	83
882	1	Rtr2	74
883	1	Rtr2	45
884	1	Rtr2	41
885	1	Rtr2	70
886	1	Rtr2	58
887	1	Rtr2	55
888	1	Rtr2	40
889	1	Rtr2	41
890	1	Rtr2	70
891	1	Rtr2	313
892	1	Rtr2	312
893	1	Rtr2	280
894	1	Rtr2	268
895	1	Rtr2	257
896	1	Rtr2	241
897	1	Rtr2	1157
898	1	Rtr2	1901
899	1	Rtr2	1897
900	1	Rtr2	1917
901	1	Rtr2	1004
902	1	Rtr2	90
903	1	Rtr2	960
904	1	Rtr2	1899
905	1	Rtr2	1930
906	1	Rtr2	1933
907	1	Rtr2	1012
908	1	Rtr2	59
909	1	Rtr2	52
910	1	Rtr2	72
911	1	Rtr2	73
912	1	Rtr2	82
913	1	Rtr2	58
914	1	Rtr2	38
915	1	Rtr2	60
916	1	Rtr2	66
917	1	Rtr2	57
918	1	Rtr2	31
919	1	Rtr2	27
920	1	Rtr2	38
921	1	Rtr2	53
922	1	Rtr2	38
923	1	Rtr2	32
924	1	Rtr2	961
925	1	Rtr2	1918
926	1	Rtr2	1930
927	1	Rtr2	1924
928	1	Rtr2	1001
929	1	Rtr2	68
930	1	Rtr2	79
931	1	Rtr2	77
932	1	Rtr2	71
933	1	Rtr2	41
934	1	Rtr2	38
935	1	Rtr2	53
936	1	Rtr2	55
937	1	Rtr2	306
938	1	Rtr2	295
939	1	Rtr2	291
940	1	Rtr2	310
941	1	Rtr2	252
942	1	Rtr2	258
943	1	Rtr2	194
944	1	Rtr2	34
945	1	Rtr2	976
946	1	Rtr2	1922
947	1	Rtr2	1931
948	1	Rtr2	1926
949	1	Rtr2	983
950	1	Rtr2	71
951	1	Rtr2	67
952	1	Rtr2	52
953	1	Rtr2	52
954	1	Rtr2	40
955	1	Rtr2	56
956	1	Rtr2	57
957	1	Rtr2	46
958	1	Rtr2	61
959	1	Rtr2	33
960	1	Rtr2	43
961	1	Rtr2	40
962	1	Rtr2	46
963	1	Rtr2	52
964	1	Rtr2	50
965	1	Rtr2	70
966	1	Rtr2	998
967	1	Rtr2	1937
968	1	Rtr2	1925
969	1	Rtr2	1925
970	1	Rtr2	1030
971	1	Rtr2	78
972	1	Rtr2	69
973	1	Rtr2	47
974	1	Rtr2	50
975	1	Rtr2	65
976	1	Rtr2	65
977	1	Rtr2	57
978	1	Rtr2	43
979	1	Rtr2	44
980	1	Rtr2	67
981	1	Rtr2	59
982	1	Rtr2	49
983	1	Rtr2	38
984	1	Rtr2	40
985	1	Rtr2	67
986	1	Rtr2	62
987	1	Rtr2	999
988	1	Rtr2	1919
989	1	Rtr2	1932
990	1	Rtr2	1954
991	1	Rtr2	1034
992	1	Rtr2	89
993	1	Rtr2	316
994	1	Rtr2	336
995	1	Rtr2	352
996	1	Rtr2	363
997	1	Rtr2	316
998	1	Rtr2	257
999	1	Rtr2	235
1000	1	Rtr2	58
1001	1	Rtr2	275
1002	1	Rtr2	278
1003	1	Rtr2	1233
1004	1	Rtr2	2166
1005	1	Rtr2	2166
1006	1	Rtr2	2160
1007	1	Rtr2	1212
1008	1	Rtr2	47
1009	1	Rtr2	30
1010	1	Rtr2	44
1011	1	Rtr2	61
1012	1	Rtr2	64
1013	1	Rtr2	60
1014	1	Rtr2	29
1015	1	Rtr2	65
1016	1	Rtr2	52
1017	1	Rtr2	63
1018	1	Rtr2	62
1019	1	Rtr2	59
1020	1	Rtr2	87
1021	1	Rtr2	77
1022	1	Rtr2	62
1023	1	Rtr2	47
1024	1	Rtr2	982
1025	1	Rtr2	1956
1026	1	Rtr2	1966
1027	1	Rtr2	1963
1028	1	Rtr2	1018
1029	1	Rtr2	58
1030	1	Rtr2	79
1031	1	Rtr2	70
1032	1	Rtr2	58
1033	1	Rtr2	35
1034	1	Rtr2	40
1035	1	Rtr2	52
1036	1	Rtr2	71
1037	1	Rtr2	62
1038	1	Rtr2	32
1039	1	Rtr2	37
1040	1	Rtr2	56
1041	1	Rtr2	66
1042	1	Rtr2	50
1043	1	Rtr2	34
1044	1	Rtr2	34
1045	1	Rtr2	1001
1046	1	Rtr2	1953
1047	1	Rtr2	1966
1048	1	Rtr2	1958
1049	1	Rtr2	1019
1050	1	Rtr2	97
1051	1	Rtr2	102
1052	1	Rtr2	92
1053	1	Rtr2	39
1054	1	Rtr2	22
1055	1	Rtr2	54
1056	1	Rtr2	342
1057	1	Rtr2	359
1058	1	Rtr2	358
1059	1	Rtr2	329
1060	1	Rtr2	333
1061	1	Rtr2	330
1062	1	Rtr2	300
1063	1	Rtr2	33
1064	1	Rtr2	24
1065	1	Rtr2	52
1066	1	Rtr2	1001
1067	1	Rtr2	1957
1068	1	Rtr2	1961
1069	1	Rtr2	1968
1070	1	Rtr2	1055
1071	1	Rtr2	107
1072	1	Rtr2	83
1073	1	Rtr2	52
1074	1	Rtr2	53
1075	1	Rtr2	79
1076	1	Rtr2	76
1077	1	Rtr2	87
1078	1	Rtr2	59
1079	1	Rtr2	51
1080	1	Rtr2	80
1081	1	Rtr2	72
1082	1	Rtr2	79
1083	1	Rtr2	62
1084	1	Rtr2	56
1085	1	Rtr2	92
1086	1	Rtr2	93
1087	1	Rtr2	1038
1088	1	Rtr2	1966
1089	1	Rtr2	1976
1090	1	Rtr2	2000
1091	1	Rtr2	1058
1092	1	Rtr2	101
1093	1	Rtr2	74
1094	1	Rtr2	40
1095	1	Rtr2	69
1096	1	Rtr2	74
1097	1	Rtr2	63
1098	1	Rtr2	51
1099	1	Rtr2	41
1100	1	Rtr2	69
1101	1	Rtr2	65
1102	1	Rtr2	69
1103	1	Rtr2	50
1104	1	Rtr2	57
1105	1	Rtr2	89
1106	1	Rtr2	99
1107	1	Rtr2	89
1108	1	Rtr2	1005
1109	1	Rtr2	1969
1110	1	Rtr2	2011
1111	1	Rtr2	2306
1112	1	Rtr2	1333
1113	1	Rtr2	330
1114	1	Rtr2	312
1115	1	Rtr2	323
1116	1	Rtr2	323
1117	1	Rtr2	300
1118	1	Rtr2	43
1119	1	Rtr2	37
1120	1	Rtr2	48
1121	1	Rtr2	62
1122	1	Rtr2	57
1123	1	Rtr2	56
1124	1	Rtr2	62
1125	1	Rtr2	95
1126	1	Rtr2	94
1127	1	Rtr2	85
1128	1	Rtr2	53
1129	1	Rtr2	1013
1130	1	Rtr2	2011
1131	1	Rtr2	2021
1132	1	Rtr2	2021
1133	1	Rtr2	1046
1134	1	Rtr2	77
1135	1	Rtr2	99
1136	1	Rtr2	90
1137	1	Rtr2	82
1138	1	Rtr2	38
1139	1	Rtr2	34
1140	1	Rtr2	67
1141	1	Rtr2	82
1142	1	Rtr2	67
1143	1	Rtr2	62
1144	1	Rtr2	52
1145	1	Rtr2	95
1146	1	Rtr2	88
1147	1	Rtr2	71
1148	1	Rtr2	65
1149	1	Rtr2	47
1150	1	Rtr2	1031
1151	1	Rtr2	1999
1152	1	Rtr2	2009
1153	1	Rtr2	1996
1154	1	Rtr2	1056
1155	1	Rtr2	123
1156	1	Rtr2	116
1157	1	Rtr2	97
1158	1	Rtr2	74
1159	1	Rtr2	74
1160	1	Rtr2	94
1161	1	Rtr2	319
1162	1	Rtr2	357
1163	1	Rtr2	304
1164	1	Rtr2	323
1165	1	Rtr2	342
1166	1	Rtr2	306
1167	1	Rtr2	285
1168	1	Rtr2	49
1169	1	Rtr2	40
1170	1	Rtr2	76
1171	1	Rtr2	1029
1172	1	Rtr2	1993
1173	1	Rtr2	2001
1174	1	Rtr2	2004
1175	1	Rtr2	1091
1176	1	Rtr2	127
1177	1	Rtr2	89
1178	1	Rtr2	56
1179	1	Rtr2	62
1180	1	Rtr2	77
1181	1	Rtr2	78
1182	1	Rtr2	70
1183	1	Rtr2	46
1184	1	Rtr2	38
1185	1	Rtr2	74
1186	1	Rtr2	58
1187	1	Rtr2	58
1188	1	Rtr2	49
1189	1	Rtr2	64
1190	1	Rtr2	104
1191	1	Rtr2	111
1192	1	Rtr2	1060
1193	1	Rtr2	1998
1194	1	Rtr2	2005
1195	1	Rtr2	2034
1196	1	Rtr2	1094
1197	1	Rtr2	151
1198	1	Rtr2	91
1199	1	Rtr2	79
1200	1	Rtr2	108
1201	1	Rtr2	96
1202	1	Rtr2	89
1203	1	Rtr2	69
1204	1	Rtr2	69
1205	1	Rtr2	105
1206	1	Rtr2	99
1207	1	Rtr2	106
1208	1	Rtr2	43
1209	1	Rtr2	54
1210	1	Rtr2	83
1211	1	Rtr2	99
1212	1	Rtr2	78
1213	1	Rtr2	1023
1214	1	Rtr2	2012
1215	1	Rtr2	2061
1216	1	Rtr2	2059
1217	1	Rtr2	1087
1218	1	Rtr2	84
1219	1	Rtr2	69
1220	1	Rtr2	107
1221	1	Rtr2	397
1222	1	Rtr2	401
1223	1	Rtr2	354
1224	1	Rtr2	336
1225	1	Rtr2	350
1226	1	Rtr2	354
1227	1	Rtr2	306
1228	1	Rtr2	55
1229	1	Rtr2	20
1230	1	Rtr2	64
1231	1	Rtr2	68
1232	1	Rtr2	71
1233	1	Rtr2	67
1234	1	Rtr2	1015
1235	1	Rtr2	2036
1236	1	Rtr2	2046
1237	1	Rtr2	2042
1238	1	Rtr2	1072
1239	1	Rtr2	69
1240	1	Rtr2	99
1241	1	Rtr2	109
1242	1	Rtr2	97
1243	1	Rtr2	66
1244	1	Rtr2	67
1245	1	Rtr2	116
1246	1	Rtr2	118
1247	1	Rtr2	106
1248	1	Rtr2	54
1249	1	Rtr2	60
1250	1	Rtr2	92
1251	1	Rtr2	110
1252	1	Rtr2	100
1253	1	Rtr2	67
1254	1	Rtr2	69
1255	1	Rtr2	1056
1256	1	Rtr2	2043
1257	1	Rtr2	2053
1258	1	Rtr2	2030
1259	1	Rtr2	1065
1260	1	Rtr2	107
1261	1	Rtr2	107
1262	1	Rtr2	93
1263	1	Rtr2	66
1264	1	Rtr2	62
1265	1	Rtr2	97
1266	1	Rtr2	385
1267	1	Rtr2	415
1268	1	Rtr2	373
1269	1	Rtr2	356
1270	1	Rtr2	366
1271	1	Rtr2	345
1272	1	Rtr2	332
1273	1	Rtr2	41
1274	1	Rtr2	45
1275	1	Rtr2	66
1276	1	Rtr2	1041
1277	1	Rtr2	2028
1278	1	Rtr2	2028
1279	1	Rtr2	2034
1280	1	Rtr2	1109
1281	1	Rtr2	130
1282	1	Rtr2	112
1283	1	Rtr2	66
1284	1	Rtr2	72
1285	1	Rtr2	119
1286	1	Rtr2	121
1287	1	Rtr2	92
1288	1	Rtr2	77
1289	1	Rtr2	66
1290	1	Rtr2	109
1291	1	Rtr2	97
1292	1	Rtr2	95
1293	1	Rtr2	66
1294	1	Rtr2	60
1295	1	Rtr2	108
1296	1	Rtr2	94
1297	1	Rtr2	1062
1298	1	Rtr2	2025
1299	1	Rtr2	2040
1300	1	Rtr2	2087
1301	1	Rtr2	1104
1302	1	Rtr2	122
1303	1	Rtr2	1049
1304	1	Rtr2	2044
1305	1	Rtr2	2085
1306	1	Rtr2	2091
1307	1	Rtr2	1123
1308	1	Rtr2	99
1309	1	Rtr2	63
1310	1	Rtr2	115
1311	1	Rtr2	114
1312	1	Rtr2	110
1313	1	Rtr2	70
1314	1	Rtr2	61
1315	1	Rtr2	98
1316	1	Rtr2	124
1317	1	Rtr2	100
1318	1	Rtr2	70
1319	1	Rtr2	92
1320	1	Rtr2	128
1321	1	Rtr2	407
1322	1	Rtr2	461
1323	1	Rtr2	437
1324	1	Rtr2	1372
1325	1	Rtr2	2375
1326	1	Rtr2	2381
1327	1	Rtr2	2373
1328	1	Rtr2	1085
1329	1	Rtr2	77
1330	1	Rtr2	115
1331	1	Rtr2	111
1332	1	Rtr2	101
1333	1	Rtr2	76
1334	1	Rtr2	54
1335	1	Rtr2	110
1336	1	Rtr2	120
1337	1	Rtr2	104
1338	1	Rtr2	77
1339	1	Rtr2	86
1340	1	Rtr2	138
1341	1	Rtr2	132
1342	1	Rtr2	114
1343	1	Rtr2	75
1344	1	Rtr2	52
1345	1	Rtr2	1082
1346	1	Rtr2	2081
1347	1	Rtr2	2081
1348	1	Rtr2	2062
1349	1	Rtr2	1105
1350	1	Rtr2	160
1351	1	Rtr2	156
1352	1	Rtr2	132
1353	1	Rtr2	56
1354	1	Rtr2	59
1355	1	Rtr2	105
1356	1	Rtr2	121
1357	1	Rtr2	96
1358	1	Rtr2	73
1359	1	Rtr2	77
1360	1	Rtr2	131
1361	1	Rtr2	117
1362	1	Rtr2	107
1363	1	Rtr2	74
1364	1	Rtr2	70
1365	1	Rtr2	100
1366	1	Rtr2	1084
1367	1	Rtr2	2093
1368	1	Rtr2	2072
1369	1	Rtr2	2067
1370	1	Rtr2	1125
1371	1	Rtr2	148
1372	1	Rtr2	122
1373	1	Rtr2	94
1374	1	Rtr2	79
1375	1	Rtr2	138
1376	1	Rtr2	373
1377	1	Rtr2	378
1378	1	Rtr2	355
1379	1	Rtr2	363
1380	1	Rtr2	379
1381	1	Rtr2	372
1382	1	Rtr2	342
1383	1	Rtr2	68
1384	1	Rtr2	63
1385	1	Rtr2	96
1386	1	Rtr2	108
1387	1	Rtr2	1088
1388	1	Rtr2	2078
1389	1	Rtr2	2076
1390	1	Rtr2	2118
1391	1	Rtr2	1151
1392	1	Rtr2	166
1393	1	Rtr2	74
1394	1	Rtr2	64
1395	1	Rtr2	102
1396	1	Rtr2	112
1397	1	Rtr2	84
1398	1	Rtr2	69
1399	1	Rtr2	34
1400	1	Rtr2	77
1401	1	Rtr2	111
1402	1	Rtr2	78
1403	1	Rtr2	67
1404	1	Rtr2	70
1405	1	Rtr2	110
1406	1	Rtr2	114
1407	1	Rtr2	104
1408	1	Rtr2	1060
1409	1	Rtr2	2074
1410	1	Rtr2	2127
1411	1	Rtr2	2126
1412	1	Rtr2	1137
1413	1	Rtr2	88
1414	1	Rtr2	87
1415	1	Rtr2	152
1416	1	Rtr2	163
1417	1	Rtr2	140
1418	1	Rtr2	77
1419	1	Rtr2	70
1420	1	Rtr2	116
1421	1	Rtr2	140
1422	1	Rtr2	119
1423	1	Rtr2	97
1424	1	Rtr2	72
1425	1	Rtr2	142
1426	1	Rtr2	134
1427	1	Rtr2	131
1428	1	Rtr2	74
1429	1	Rtr2	1065
1430	1	Rtr2	2124
1431	1	Rtr2	2130
1432	1	Rtr2	2131
1433	1	Rtr2	1387
1434	1	Rtr2	388
1435	1	Rtr2	451
1436	1	Rtr2	441
1437	1	Rtr2	382
1438	1	Rtr2	306
1439	1	Rtr2	305
1440	1	Rtr2	126
1441	1	Rtr2	98
1442	1	Rtr2	104
1443	1	Rtr2	26
1444	1	Rtr2	56
1445	1	Rtr2	109
1446	1	Rtr2	97
1447	1	Rtr2	74
1448	1	Rtr2	64
1449	1	Rtr2	57
1450	1	Rtr2	1082
1451	1	Rtr2	2095
1452	1	Rtr2	2111
1453	1	Rtr2	2100
1454	1	Rtr2	1102
1455	1	Rtr2	152
1456	1	Rtr2	145
1457	1	Rtr2	148
1458	1	Rtr2	87
1459	1	Rtr2	83
1460	1	Rtr2	139
1461	1	Rtr2	148
1462	1	Rtr2	134
1463	1	Rtr2	81
1464	1	Rtr2	58
1465	1	Rtr2	103
1466	1	Rtr2	92
1467	1	Rtr2	113
1468	1	Rtr2	71
1469	1	Rtr2	65
1470	1	Rtr2	124
1471	1	Rtr2	1126
1472	1	Rtr2	2124
1473	1	Rtr2	2110
1474	1	Rtr2	2104
1475	1	Rtr2	1164
1476	1	Rtr2	142
1477	1	Rtr2	122
1478	1	Rtr2	74
1479	1	Rtr2	87
1480	1	Rtr2	156
1481	1	Rtr2	134
1482	1	Rtr2	126
1483	1	Rtr2	71
1484	1	Rtr2	80
1485	1	Rtr2	125
1486	1	Rtr2	147
1487	1	Rtr2	129
1488	1	Rtr2	80
1489	1	Rtr2	83
1490	1	Rtr2	112
1491	1	Rtr2	431
1492	1	Rtr2	1460
1493	1	Rtr2	2419
1494	1	Rtr2	2434
1495	1	Rtr2	2443
1496	1	Rtr2	1447
1497	1	Rtr2	404
1498	1	Rtr2	71
1499	1	Rtr2	46
1500	1	Rtr2	91
1501	1	Rtr2	89
1502	1	Rtr2	86
1503	1	Rtr2	53
1504	1	Rtr2	57
1505	1	Rtr2	118
1506	1	Rtr2	115
1507	1	Rtr2	89
1508	1	Rtr2	71
1509	1	Rtr2	60
1510	1	Rtr2	117
1511	1	Rtr2	129
1512	1	Rtr2	93
1513	1	Rtr2	1088
1514	1	Rtr2	2108
1515	1	Rtr2	2173
1516	1	Rtr2	2165
1517	1	Rtr2	1170
1518	1	Rtr2	116
1519	1	Rtr2	106
1520	1	Rtr2	136
1521	1	Rtr2	153
1522	1	Rtr2	143
1523	1	Rtr2	98
1524	1	Rtr2	69
1525	1	Rtr2	129
1526	1	Rtr2	113
1527	1	Rtr2	134
1528	1	Rtr2	67
1529	1	Rtr2	95
1530	1	Rtr2	150
1531	1	Rtr2	155
1532	1	Rtr2	129
1533	1	Rtr2	67
1534	1	Rtr2	1085
1535	1	Rtr2	2163
1536	1	Rtr2	2173
1537	1	Rtr2	2174
1538	1	Rtr2	1139
1539	1	Rtr2	91
1540	1	Rtr2	149
1541	1	Rtr2	110
1542	1	Rtr2	112
1543	1	Rtr2	89
1544	1	Rtr2	70
1545	1	Rtr2	118
1546	1	Rtr2	126
1547	1	Rtr2	420
1548	1	Rtr2	450
1549	1	Rtr2	405
1550	1	Rtr2	476
1551	1	Rtr2	405
1552	1	Rtr2	414
1553	1	Rtr2	309
1554	1	Rtr2	78
1555	1	Rtr2	1124
1556	1	Rtr2	2161
1557	1	Rtr2	2169
1558	1	Rtr2	2131
1559	1	Rtr2	1133
1560	1	Rtr2	158
1561	1	Rtr2	148
1562	1	Rtr2	129
1563	1	Rtr2	65
1564	1	Rtr2	399
1565	1	Rtr2	498
1566	1	Rtr2	476
1567	1	Rtr2	458
1568	1	Rtr2	355
1569	1	Rtr2	337
1570	1	Rtr2	379
1571	1	Rtr2	129
1572	1	Rtr2	120
1573	1	Rtr2	56
1574	1	Rtr2	75
1575	1	Rtr2	145
1576	1	Rtr2	1135
1577	1	Rtr2	2172
1578	1	Rtr2	2136
1579	1	Rtr2	2139
1580	1	Rtr2	1187
1581	1	Rtr2	149
1582	1	Rtr2	139
1583	1	Rtr2	88
1584	1	Rtr2	85
1585	1	Rtr2	133
1586	1	Rtr2	136
1587	1	Rtr2	131
1588	1	Rtr2	69
1589	1	Rtr2	56
1590	1	Rtr2	112
1591	1	Rtr2	109
1592	1	Rtr2	71
1593	1	Rtr2	56
1594	1	Rtr2	74
1595	1	Rtr2	108
1596	1	Rtr2	116
1597	1	Rtr2	1131
1598	1	Rtr2	2143
1599	1	Rtr2	2142
1600	1	Rtr2	2193
1601	1	Rtr2	1172
1602	1	Rtr2	156
1603	1	Rtr2	1108
1604	1	Rtr2	2142
1605	1	Rtr2	2199
1606	1	Rtr2	2207
1607	1	Rtr2	1196
1608	1	Rtr2	104
1609	1	Rtr2	99
1610	1	Rtr2	160
1611	1	Rtr2	152
1612	1	Rtr2	131
1613	1	Rtr2	56
1614	1	Rtr2	55
1615	1	Rtr2	113
1616	1	Rtr2	93
1617	1	Rtr2	82
1618	1	Rtr2	74
1619	1	Rtr2	69
1620	1	Rtr2	115
1621	1	Rtr2	113
1622	1	Rtr2	107
1623	1	Rtr2	369
1624	1	Rtr2	1407
1625	1	Rtr2	2533
1626	1	Rtr2	2530
1627	1	Rtr2	2470
1628	1	Rtr2	1383
1629	1	Rtr2	311
1630	1	Rtr2	136
1631	1	Rtr2	114
1632	1	Rtr2	94
1633	1	Rtr2	36
1634	1	Rtr2	56
1635	1	Rtr2	115
1636	1	Rtr2	80
1637	1	Rtr2	75
1638	1	Rtr2	71
1639	1	Rtr2	71
1640	1	Rtr2	143
1641	1	Rtr2	126
1642	1	Rtr2	102
1643	1	Rtr2	98
1644	1	Rtr2	81
1645	1	Rtr2	1140
1646	1	Rtr2	2188
1647	1	Rtr2	2201
1648	1	Rtr2	2157
1649	1	Rtr2	1163
1650	1	Rtr2	185
1651	1	Rtr2	145
1652	1	Rtr2	135
1653	1	Rtr2	69
1654	1	Rtr2	63
1655	1	Rtr2	96
1656	1	Rtr2	109
1657	1	Rtr2	92
1658	1	Rtr2	63
1659	1	Rtr2	60
1660	1	Rtr2	137
1661	1	Rtr2	115
1662	1	Rtr2	97
1663	1	Rtr2	100
1664	1	Rtr2	68
1665	1	Rtr2	135
1666	1	Rtr2	1155
1667	1	Rtr2	2192
1668	1	Rtr2	2173
1669	1	Rtr2	2168
1670	1	Rtr2	1203
1671	1	Rtr2	184
1672	1	Rtr2	174
1673	1	Rtr2	92
1674	1	Rtr2	109
1675	1	Rtr2	175
1676	1	Rtr2	172
1677	1	Rtr2	164
1678	1	Rtr2	93
1679	1	Rtr2	364
1680	1	Rtr2	487
1681	1	Rtr2	512
1682	1	Rtr2	471
1683	1	Rtr2	342
1684	1	Rtr2	345
1685	1	Rtr2	376
1686	1	Rtr2	140
1687	1	Rtr2	1168
1688	1	Rtr2	2164
1689	1	Rtr2	2180
1690	1	Rtr2	2258
1691	1	Rtr2	1216
1692	1	Rtr2	173
1693	1	Rtr2	84
1694	1	Rtr2	88
1695	1	Rtr2	144
1696	1	Rtr2	137
1697	1	Rtr2	147
1698	1	Rtr2	90
1699	1	Rtr2	69
1700	1	Rtr2	121
1701	1	Rtr2	106
1702	1	Rtr2	90
1703	1	Rtr2	75
1704	1	Rtr2	57
1705	1	Rtr2	102
1706	1	Rtr2	94
1707	1	Rtr2	90
1708	1	Rtr2	1115
1709	1	Rtr2	2182
1710	1	Rtr2	2249
1711	1	Rtr2	2252
1712	1	Rtr2	1236
1713	1	Rtr2	119
1714	1	Rtr2	95
1715	1	Rtr2	161
1716	1	Rtr2	183
1717	1	Rtr2	158
1718	1	Rtr2	83
1719	1	Rtr2	94
1720	1	Rtr2	158
1721	1	Rtr2	138
1722	1	Rtr2	127
1723	1	Rtr2	93
1724	1	Rtr2	70
1725	1	Rtr2	141
1726	1	Rtr2	140
1727	1	Rtr2	126
1728	1	Rtr2	95
1729	1	Rtr2	1130
1730	1	Rtr2	2247
1731	1	Rtr2	2253
1732	1	Rtr2	2253
1733	1	Rtr2	1186
1734	1	Rtr2	104
1735	1	Rtr2	156
1736	1	Rtr2	170
1737	1	Rtr2	156
1738	1	Rtr2	76
1739	1	Rtr2	61
1740	1	Rtr2	122
1741	1	Rtr2	116
1742	1	Rtr2	473
1743	1	Rtr2	487
1744	1	Rtr2	457
1745	1	Rtr2	509
1746	1	Rtr2	474
1747	1	Rtr2	460
1748	1	Rtr2	373
1749	1	Rtr2	70
1750	1	Rtr2	1168
1751	1	Rtr2	2231
1752	1	Rtr2	2233
1753	1	Rtr2	2204
1754	1	Rtr2	1181
1755	1	Rtr2	182
1756	1	Rtr2	175
1757	1	Rtr2	147
1758	1	Rtr2	74
1759	1	Rtr2	70
1760	1	Rtr2	132
1761	1	Rtr2	141
1762	1	Rtr2	117
1763	1	Rtr2	84
1764	1	Rtr2	77
1765	1	Rtr2	149
1766	1	Rtr2	171
1767	1	Rtr2	145
1768	1	Rtr2	77
1769	1	Rtr2	83
1770	1	Rtr2	418
1771	1	Rtr2	1503
1772	1	Rtr2	2554
1773	1	Rtr2	2525
1774	1	Rtr2	2465
1775	1	Rtr2	1457
1776	1	Rtr2	369
1777	1	Rtr2	148
1778	1	Rtr2	45
1779	1	Rtr2	66
1780	1	Rtr2	106
1781	1	Rtr2	84
1782	1	Rtr2	83
1783	1	Rtr2	63
1784	1	Rtr2	64
1785	1	Rtr2	106
1786	1	Rtr2	129
1787	1	Rtr2	132
1788	1	Rtr2	85
1789	1	Rtr2	86
1790	1	Rtr2	145
1791	1	Rtr2	129
1792	1	Rtr2	1179
1793	1	Rtr2	2200
1794	1	Rtr2	2219
1795	1	Rtr2	2277
1796	1	Rtr2	1258
1797	1	Rtr2	173
1798	1	Rtr2	104
1799	1	Rtr2	91
1800	1	Rtr2	168
1801	1	Rtr2	149
1802	1	Rtr2	133
1803	1	Rtr2	100
1804	1	Rtr2	90
1805	1	Rtr2	178
1806	1	Rtr2	157
1807	1	Rtr2	132
1808	1	Rtr2	80
1809	1	Rtr2	78
1810	1	Rtr2	153
1811	1	Rtr2	152
1812	1	Rtr2	153
1813	1	Rtr2	1146
1814	1	Rtr2	2229
1815	1	Rtr2	2289
1816	1	Rtr2	2291
1817	1	Rtr2	1251
1818	1	Rtr2	135
1819	1	Rtr2	111
1820	1	Rtr2	173
1821	1	Rtr2	159
1822	1	Rtr2	173
1823	1	Rtr2	95
1824	1	Rtr2	74
1825	1	Rtr2	118
1826	1	Rtr2	126
1827	1	Rtr2	148
1828	1	Rtr2	83
1829	1	Rtr2	70
1830	1	Rtr2	136
1831	1	Rtr2	113
1832	1	Rtr2	117
1833	1	Rtr2	115
1834	1	Rtr2	1130
1835	1	Rtr2	2265
1836	1	Rtr2	2273
1837	1	Rtr2	2276
1838	1	Rtr2	1194
1839	1	Rtr2	488
1840	1	Rtr2	577
1841	1	Rtr2	562
1842	1	Rtr2	562
1843	1	Rtr2	414
1844	1	Rtr2	405
1845	1	Rtr2	449
1846	1	Rtr2	144
1847	1	Rtr2	145
1848	1	Rtr2	83
1849	1	Rtr2	78
1850	1	Rtr2	159
1851	1	Rtr2	193
1852	1	Rtr2	149
1853	1	Rtr2	107
1854	1	Rtr2	97
1855	1	Rtr2	1195
1856	1	Rtr2	2280
1857	1	Rtr2	2288
1858	1	Rtr2	2243
1859	1	Rtr2	1187
1860	1	Rtr2	188
1861	1	Rtr2	171
1862	1	Rtr2	154
1863	1	Rtr2	98
1864	1	Rtr2	97
1865	1	Rtr2	165
1866	1	Rtr2	150
1867	1	Rtr2	140
1868	1	Rtr2	101
1869	1	Rtr2	104
1870	1	Rtr2	183
1871	1	Rtr2	172
1872	1	Rtr2	141
1873	1	Rtr2	105
1874	1	Rtr2	121
1875	1	Rtr2	184
1876	1	Rtr2	1261
1877	1	Rtr2	2320
1878	1	Rtr2	2245
1879	1	Rtr2	2244
1880	1	Rtr2	1257
1881	1	Rtr2	193
1882	1	Rtr2	176
1883	1	Rtr2	122
1884	1	Rtr2	86
1885	1	Rtr2	154
1886	1	Rtr2	158
1887	1	Rtr2	146
1888	1	Rtr2	96
1889	1	Rtr2	89
1890	1	Rtr2	139
1891	1	Rtr2	420
1892	1	Rtr2	444
1893	1	Rtr2	421
1894	1	Rtr2	439
1895	1	Rtr2	481
1896	1	Rtr2	467
1897	1	Rtr2	1497
1898	1	Rtr2	2241
1899	1	Rtr2	2233
1900	1	Rtr2	2308
1901	1	Rtr2	1252
1902	1	Rtr2	196
1903	1	Rtr2	1193
1904	1	Rtr2	2249
1905	1	Rtr2	2348
1906	1	Rtr2	2333
1907	1	Rtr2	1276
1908	1	Rtr2	128
1909	1	Rtr2	114
1910	1	Rtr2	169
1911	1	Rtr2	164
1912	1	Rtr2	158
1913	1	Rtr2	95
1914	1	Rtr2	82
1915	1	Rtr2	151
1916	1	Rtr2	154
1917	1	Rtr2	127
1918	1	Rtr2	81
1919	1	Rtr2	96
1920	1	Rtr2	158
1921	1	Rtr2	156
1922	1	Rtr2	134
1923	1	Rtr2	81
1924	1	Rtr2	1155
1925	1	Rtr2	2308
1926	1	Rtr2	2313
1927	1	Rtr2	2311
1928	1	Rtr2	1225
1929	1	Rtr2	157
1930	1	Rtr2	224
1931	1	Rtr2	213
1932	1	Rtr2	200
1933	1	Rtr2	98
1934	1	Rtr2	117
1935	1	Rtr2	197
1936	1	Rtr2	185
1937	1	Rtr2	493
1938	1	Rtr2	458
1939	1	Rtr2	436
1940	1	Rtr2	487
1941	1	Rtr2	434
1942	1	Rtr2	426
1943	1	Rtr2	305
1944	1	Rtr2	97
1945	1	Rtr2	1227
1946	1	Rtr2	2325
1947	1	Rtr2	2345
1948	1	Rtr2	2273
1949	1	Rtr2	1211
1950	1	Rtr2	189
1951	1	Rtr2	173
1952	1	Rtr2	204
1953	1	Rtr2	110
1954	1	Rtr2	67
1955	1	Rtr2	146
1956	1	Rtr2	129
1957	1	Rtr2	113
1958	1	Rtr2	111
1959	1	Rtr2	87
1960	1	Rtr2	177
1961	1	Rtr2	182
1962	1	Rtr2	176
1963	1	Rtr2	123
1964	1	Rtr2	102
1965	1	Rtr2	169
1966	1	Rtr2	1225
1967	1	Rtr2	2337
1968	1	Rtr2	2284
1969	1	Rtr2	2284
1970	1	Rtr2	1307
1971	1	Rtr2	230
1972	1	Rtr2	173
1973	1	Rtr2	130
1974	1	Rtr2	102
1975	1	Rtr2	190
1976	1	Rtr2	156
1977	1	Rtr2	142
1978	1	Rtr2	120
1979	1	Rtr2	100
1980	1	Rtr2	179
1981	1	Rtr2	178
1982	1	Rtr2	156
1983	1	Rtr2	98
1984	1	Rtr2	111
1985	1	Rtr2	179
1986	1	Rtr2	182
1987	1	Rtr2	1259
1988	1	Rtr2	2279
1989	1	Rtr2	2294
1990	1	Rtr2	2350
1991	1	Rtr2	1285
1992	1	Rtr2	204
1993	1	Rtr2	496
1994	1	Rtr2	519
1995	1	Rtr2	588
1996	1	Rtr2	617
1997	1	Rtr2	527
1998	1	Rtr2	435
1999	1	Rtr2	430
