Time	Node	PitItems
1	1	Rtr2	299
2	1	Rtr2	296
3	1	Rtr2	1057
4	1	Rtr2	1820
5	1	Rtr2	1905
6	1	Rtr2	1890
7	1	Rtr2	1142
8	1	Rtr2	175
9	1	Rtr2	138
10	1	Rtr2	235
11	1	Rtr2	238
12	1	Rtr2	194
13	1	Rtr2	116
14	1	Rtr2	86
15	1	Rtr2	147
16	1	Rtr2	123
17	1	Rtr2	119
18	1	Rtr2	80
19	1	Rtr2	72
20	1	Rtr2	135
21	1	Rtr2	170
22	1	Rtr2	149
23	1	Rtr2	127
24	1	Rtr2	875
25	1	Rtr2	1725
26	1	Rtr2	1758
27	1	Rtr2	1744
28	1	Rtr2	924
29	1	Rtr2	124
30	1	Rtr2	200
31	1	Rtr2	183
32	1	Rtr2	178
33	1	Rtr2	87
34	1	Rtr2	97
35	1	Rtr2	173
36	1	Rtr2	144
37	1	Rtr2	134
38	1	Rtr2	79
39	1	Rtr2	63
40	1	Rtr2	130
41	1	Rtr2	139
42	1	Rtr2	111
43	1	Rtr2	89
44	1	Rtr2	88
45	1	Rtr2	934
46	1	Rtr2	1731
47	1	Rtr2	1746
48	1	Rtr2	1690
49	1	Rtr2	921
50	1	Rtr2	193
51	1	Rtr2	200
52	1	Rtr2	192
53	1	Rtr2	88
54	1	Rtr2	88
55	1	Rtr2	147
56	1	Rtr2	246
57	1	Rtr2	254
58	1	Rtr2	191
59	1	Rtr2	195
60	1	Rtr2	252
61	1	Rtr2	275
62	1	Rtr2	266
63	1	Rtr2	100
64	1	Rtr2	96
65	1	Rtr2	158
66	1	Rtr2	945
67	1	Rtr2	1707
68	1	Rtr2	1681
69	1	Rtr2	1690
70	1	Rtr2	974
71	1	Rtr2	213
72	1	Rtr2	185
73	1	Rtr2	98
74	1	Rtr2	89
75	1	Rtr2	147
76	1	Rtr2	155
77	1	Rtr2	131
78	1	Rtr2	91
79	1	Rtr2	76
80	1	Rtr2	158
81	1	Rtr2	144
82	1	Rtr2	117
83	1	Rtr2	77
84	1	Rtr2	91
85	1	Rtr2	145
86	1	Rtr2	131
87	1	Rtr2	914
88	1	Rtr2	1655
89	1	Rtr2	1681
90	1	Rtr2	1734
91	1	Rtr2	982
92	1	Rtr2	186
93	1	Rtr2	117
94	1	Rtr2	104
95	1	Rtr2	155
96	1	Rtr2	156
97	1	Rtr2	147
98	1	Rtr2	102
99	1	Rtr2	88
100	1	Rtr2	151
101	1	Rtr2	147
102	1	Rtr2	146
103	1	Rtr2	85
104	1	Rtr2	80
105	1	Rtr2	141
106	1	Rtr2	132
107	1	Rtr2	142
108	1	Rtr2	887
109	1	Rtr2	1643
110	1	Rtr2	1733
111	1	Rtr2	1789
112	1	Rtr2	1041
113	1	Rtr2	192
114	1	Rtr2	219
115	1	Rtr2	277
116	1	Rtr2	299
117	1	Rtr2	274
118	1	Rtr2	125
119	1	Rtr2	87
120	1	Rtr2	163
121	1	Rtr2	161
122	1	Rtr2	157
123	1	Rtr2	95
124	1	Rtr2	70
125	1	Rtr2	144
126	1	Rtr2	150
127	1	Rtr2	133
128	1	Rtr2	87
129	1	Rtr2	844
130	1	Rtr2	1670
131	1	Rtr2	1685
132	1	Rtr2	1678
133	1	Rtr2	896
134	1	Rtr2	130
135	1	Rtr2	187
136	1	Rtr2	161
137	1	Rtr2	160
138	1	Rtr2	82
139	1	Rtr2	105
140	1	Rtr2	181
141	1	Rtr2	157
142	1	Rtr2	153
143	1	Rtr2	99
144	1	Rtr2	103
145	1	Rtr2	171
146	1	Rtr2	186
147	1	Rtr2	163
148	1	Rtr2	107
149	1	Rtr2	115
150	1	Rtr2	926
151	1	Rtr2	1690
152	1	Rtr2	1699
153	1	Rtr2	1628
154	1	Rtr2	899
155	1	Rtr2	191
156	1	Rtr2	170
157	1	Rtr2	156
158	1	Rtr2	84
159	1	Rtr2	111
160	1	Rtr2	185
161	1	Rtr2	287
162	1	Rtr2	271
163	1	Rtr2	187
164	1	Rtr2	181
165	1	Rtr2	251
166	1	Rtr2	264
167	1	Rtr2	255
168	1	Rtr2	121
169	1	Rtr2	113
170	1	Rtr2	192
171	1	Rtr2	940
172	1	Rtr2	1700
173	1	Rtr2	1642
174	1	Rtr2	1636
175	1	Rtr2	952
176	1	Rtr2	190
177	1	Rtr2	168
178	1	Rtr2	115
179	1	Rtr2	90
180	1	Rtr2	188
181	1	Rtr2	174
182	1	Rtr2	140
183	1	Rtr2	93
184	1	Rtr2	91
185	1	Rtr2	152
186	1	Rtr2	163
187	1	Rtr2	134
188	1	Rtr2	93
189	1	Rtr2	80
190	1	Rtr2	139
191	1	Rtr2	164
192	1	Rtr2	876
193	1	Rtr2	1618
194	1	Rtr2	1612
195	1	Rtr2	1676
196	1	Rtr2	937
197	1	Rtr2	194
198	1	Rtr2	127
199	1	Rtr2	127
200	1	Rtr2	176
201	1	Rtr2	164
202	1	Rtr2	146
203	1	Rtr2	77
204	1	Rtr2	88
205	1	Rtr2	173
206	1	Rtr2	144
207	1	Rtr2	126
208	1	Rtr2	75
209	1	Rtr2	84
210	1	Rtr2	142
211	1	Rtr2	150
212	1	Rtr2	126
213	1	Rtr2	831
214	1	Rtr2	1598
215	1	Rtr2	1657
216	1	Rtr2	1664
217	1	Rtr2	933
218	1	Rtr2	122
219	1	Rtr2	112
220	1	Rtr2	176
221	1	Rtr2	277
222	1	Rtr2	282
223	1	Rtr2	214
224	1	Rtr2	196
225	1	Rtr2	263
226	1	Rtr2	288
227	1	Rtr2	280
228	1	Rtr2	112
229	1	Rtr2	109
230	1	Rtr2	168
231	1	Rtr2	193
232	1	Rtr2	160
233	1	Rtr2	92
234	1	Rtr2	814
235	1	Rtr2	1621
236	1	Rtr2	1629
237	1	Rtr2	1649
238	1	Rtr2	862
239	1	Rtr2	115
240	1	Rtr2	165
241	1	Rtr2	176
242	1	Rtr2	141
243	1	Rtr2	62
244	1	Rtr2	70
245	1	Rtr2	105
246	1	Rtr2	129
247	1	Rtr2	99
248	1	Rtr2	76
249	1	Rtr2	63
250	1	Rtr2	122
251	1	Rtr2	116
252	1	Rtr2	131
253	1	Rtr2	91
254	1	Rtr2	77
255	1	Rtr2	864
256	1	Rtr2	1617
257	1	Rtr2	1616
258	1	Rtr2	1584
259	1	Rtr2	856
260	1	Rtr2	187
261	1	Rtr2	164
262	1	Rtr2	184
263	1	Rtr2	121
264	1	Rtr2	98
265	1	Rtr2	158
266	1	Rtr2	275
267	1	Rtr2	242
268	1	Rtr2	192
269	1	Rtr2	182
270	1	Rtr2	241
271	1	Rtr2	257
272	1	Rtr2	236
273	1	Rtr2	104
274	1	Rtr2	91
275	1	Rtr2	145
276	1	Rtr2	884
277	1	Rtr2	1623
278	1	Rtr2	1590
279	1	Rtr2	1566
280	1	Rtr2	913
281	1	Rtr2	161
282	1	Rtr2	149
283	1	Rtr2	76
284	1	Rtr2	88
285	1	Rtr2	143
286	1	Rtr2	131
287	1	Rtr2	103
288	1	Rtr2	91
289	1	Rtr2	67
290	1	Rtr2	104
291	1	Rtr2	108
292	1	Rtr2	97
293	1	Rtr2	76
294	1	Rtr2	59
295	1	Rtr2	115
296	1	Rtr2	95
297	1	Rtr2	839
298	1	Rtr2	1557
299	1	Rtr2	1576
300	1	Rtr2	1622
301	1	Rtr2	905
302	1	Rtr2	174
303	1	Rtr2	815
304	1	Rtr2	1555
305	1	Rtr2	1617
306	1	Rtr2	1616
307	1	Rtr2	898
308	1	Rtr2	144
309	1	Rtr2	114
310	1	Rtr2	179
311	1	Rtr2	180
312	1	Rtr2	151
313	1	Rtr2	92
314	1	Rtr2	84
315	1	Rtr2	150
316	1	Rtr2	141
317	1	Rtr2	145
318	1	Rtr2	89
319	1	Rtr2	88
320	1	Rtr2	123
321	1	Rtr2	230
322	1	Rtr2	267
323	1	Rtr2	201
324	1	Rtr2	910
325	1	Rtr2	1686
326	1	Rtr2	1693
327	1	Rtr2	1684
328	1	Rtr2	837
329	1	Rtr2	129
330	1	Rtr2	186
331	1	Rtr2	170
332	1	Rtr2	151
333	1	Rtr2	69
334	1	Rtr2	79
335	1	Rtr2	141
336	1	Rtr2	133
337	1	Rtr2	117
338	1	Rtr2	59
339	1	Rtr2	86
340	1	Rtr2	139
341	1	Rtr2	145
342	1	Rtr2	123
343	1	Rtr2	83
344	1	Rtr2	98
345	1	Rtr2	867
346	1	Rtr2	1586
347	1	Rtr2	1584
348	1	Rtr2	1544
349	1	Rtr2	823
350	1	Rtr2	139
351	1	Rtr2	126
352	1	Rtr2	107
353	1	Rtr2	78
354	1	Rtr2	88
355	1	Rtr2	144
356	1	Rtr2	141
357	1	Rtr2	141
358	1	Rtr2	92
359	1	Rtr2	70
360	1	Rtr2	127
361	1	Rtr2	141
362	1	Rtr2	124
363	1	Rtr2	107
364	1	Rtr2	84
365	1	Rtr2	156
366	1	Rtr2	851
367	1	Rtr2	1575
368	1	Rtr2	1536
369	1	Rtr2	1518
370	1	Rtr2	876
371	1	Rtr2	137
372	1	Rtr2	148
373	1	Rtr2	117
374	1	Rtr2	89
375	1	Rtr2	146
376	1	Rtr2	267
377	1	Rtr2	261
378	1	Rtr2	223
379	1	Rtr2	190
380	1	Rtr2	236
381	1	Rtr2	257
382	1	Rtr2	234
383	1	Rtr2	86
384	1	Rtr2	66
385	1	Rtr2	121
386	1	Rtr2	138
387	1	Rtr2	841
388	1	Rtr2	1524
389	1	Rtr2	1526
390	1	Rtr2	1585
391	1	Rtr2	888
392	1	Rtr2	175
393	1	Rtr2	80
394	1	Rtr2	76
395	1	Rtr2	129
396	1	Rtr2	130
397	1	Rtr2	122
398	1	Rtr2	82
399	1	Rtr2	69
400	1	Rtr2	123
401	1	Rtr2	120
402	1	Rtr2	97
403	1	Rtr2	85
404	1	Rtr2	99
405	1	Rtr2	169
406	1	Rtr2	156
407	1	Rtr2	148
408	1	Rtr2	775
409	1	Rtr2	1493
410	1	Rtr2	1564
411	1	Rtr2	1567
412	1	Rtr2	858
413	1	Rtr2	112
414	1	Rtr2	69
415	1	Rtr2	119
416	1	Rtr2	135
417	1	Rtr2	143
418	1	Rtr2	115
419	1	Rtr2	100
420	1	Rtr2	162
421	1	Rtr2	164
422	1	Rtr2	146
423	1	Rtr2	78
424	1	Rtr2	73
425	1	Rtr2	136
426	1	Rtr2	126
427	1	Rtr2	127
428	1	Rtr2	84
429	1	Rtr2	779
430	1	Rtr2	1540
431	1	Rtr2	1539
432	1	Rtr2	1545
433	1	Rtr2	904
434	1	Rtr2	202
435	1	Rtr2	251
436	1	Rtr2	242
437	1	Rtr2	234
438	1	Rtr2	177
439	1	Rtr2	171
440	1	Rtr2	146
441	1	Rtr2	149
442	1	Rtr2	153
443	1	Rtr2	100
444	1	Rtr2	75
445	1	Rtr2	122
446	1	Rtr2	134
447	1	Rtr2	120
448	1	Rtr2	77
449	1	Rtr2	58
450	1	Rtr2	814
451	1	Rtr2	1531
452	1	Rtr2	1522
453	1	Rtr2	1492
454	1	Rtr2	805
455	1	Rtr2	153
456	1	Rtr2	124
457	1	Rtr2	117
458	1	Rtr2	86
459	1	Rtr2	53
460	1	Rtr2	107
461	1	Rtr2	88
462	1	Rtr2	81
463	1	Rtr2	67
464	1	Rtr2	67
465	1	Rtr2	118
466	1	Rtr2	132
467	1	Rtr2	104
468	1	Rtr2	75
469	1	Rtr2	57
470	1	Rtr2	98
471	1	Rtr2	793
472	1	Rtr2	1512
473	1	Rtr2	1478
474	1	Rtr2	1473
475	1	Rtr2	854
476	1	Rtr2	138
477	1	Rtr2	111
478	1	Rtr2	67
479	1	Rtr2	65
480	1	Rtr2	131
481	1	Rtr2	138
482	1	Rtr2	115
483	1	Rtr2	109
484	1	Rtr2	72
485	1	Rtr2	127
486	1	Rtr2	126
487	1	Rtr2	125
488	1	Rtr2	94
489	1	Rtr2	94
490	1	Rtr2	139
491	1	Rtr2	233
492	1	Rtr2	916
493	1	Rtr2	1569
494	1	Rtr2	1563
495	1	Rtr2	1609
496	1	Rtr2	938
497	1	Rtr2	229
498	1	Rtr2	81
499	1	Rtr2	56
500	1	Rtr2	108
501	1	Rtr2	90
502	1	Rtr2	91
503	1	Rtr2	63
504	1	Rtr2	62
505	1	Rtr2	105
506	1	Rtr2	85
507	1	Rtr2	81
508	1	Rtr2	58
509	1	Rtr2	41
510	1	Rtr2	107
511	1	Rtr2	98
512	1	Rtr2	73
513	1	Rtr2	761
514	1	Rtr2	1463
515	1	Rtr2	1518
516	1	Rtr2	1517
517	1	Rtr2	858
518	1	Rtr2	108
519	1	Rtr2	108
520	1	Rtr2	151
521	1	Rtr2	150
522	1	Rtr2	145
523	1	Rtr2	72
524	1	Rtr2	57
525	1	Rtr2	98
526	1	Rtr2	93
527	1	Rtr2	97
528	1	Rtr2	68
529	1	Rtr2	57
530	1	Rtr2	108
531	1	Rtr2	106
532	1	Rtr2	105
533	1	Rtr2	74
534	1	Rtr2	743
535	1	Rtr2	1480
536	1	Rtr2	1496
537	1	Rtr2	1480
538	1	Rtr2	789
539	1	Rtr2	95
540	1	Rtr2	120
541	1	Rtr2	124
542	1	Rtr2	135
543	1	Rtr2	84
544	1	Rtr2	61
545	1	Rtr2	122
546	1	Rtr2	133
547	1	Rtr2	242
548	1	Rtr2	186
549	1	Rtr2	179
550	1	Rtr2	255
551	1	Rtr2	223
552	1	Rtr2	220
553	1	Rtr2	165
554	1	Rtr2	64
555	1	Rtr2	793
556	1	Rtr2	1473
557	1	Rtr2	1488
558	1	Rtr2	1446
559	1	Rtr2	779
560	1	Rtr2	167
561	1	Rtr2	131
562	1	Rtr2	112
563	1	Rtr2	87
564	1	Rtr2	202
565	1	Rtr2	260
566	1	Rtr2	239
567	1	Rtr2	251
568	1	Rtr2	165
569	1	Rtr2	172
570	1	Rtr2	203
571	1	Rtr2	140
572	1	Rtr2	134
573	1	Rtr2	55
574	1	Rtr2	64
575	1	Rtr2	115
576	1	Rtr2	775
577	1	Rtr2	1466
578	1	Rtr2	1452
579	1	Rtr2	1447
580	1	Rtr2	833
581	1	Rtr2	136
582	1	Rtr2	128
583	1	Rtr2	73
584	1	Rtr2	88
585	1	Rtr2	131
586	1	Rtr2	130
587	1	Rtr2	116
588	1	Rtr2	52
589	1	Rtr2	59
590	1	Rtr2	76
591	1	Rtr2	88
592	1	Rtr2	105
593	1	Rtr2	74
594	1	Rtr2	70
595	1	Rtr2	128
596	1	Rtr2	120
597	1	Rtr2	777
598	1	Rtr2	1439
599	1	Rtr2	1448
600	1	Rtr2	1493
601	1	Rtr2	821
602	1	Rtr2	140
603	1	Rtr2	742
604	1	Rtr2	1431
605	1	Rtr2	1477
606	1	Rtr2	1476
607	1	Rtr2	829
608	1	Rtr2	118
609	1	Rtr2	99
610	1	Rtr2	145
611	1	Rtr2	143
612	1	Rtr2	123
613	1	Rtr2	77
614	1	Rtr2	56
615	1	Rtr2	105
616	1	Rtr2	107
617	1	Rtr2	112
618	1	Rtr2	73
619	1	Rtr2	68
620	1	Rtr2	95
621	1	Rtr2	98
622	1	Rtr2	108
623	1	Rtr2	224
624	1	Rtr2	867
625	1	Rtr2	1592
626	1	Rtr2	1594
627	1	Rtr2	1562
628	1	Rtr2	849
629	1	Rtr2	165
630	1	Rtr2	123
631	1	Rtr2	104
632	1	Rtr2	101
633	1	Rtr2	68
634	1	Rtr2	45
635	1	Rtr2	86
636	1	Rtr2	78
637	1	Rtr2	67
638	1	Rtr2	61
639	1	Rtr2	44
640	1	Rtr2	84
641	1	Rtr2	100
642	1	Rtr2	84
643	1	Rtr2	67
644	1	Rtr2	66
645	1	Rtr2	759
646	1	Rtr2	1431
647	1	Rtr2	1433
648	1	Rtr2	1401
649	1	Rtr2	746
650	1	Rtr2	118
651	1	Rtr2	107
652	1	Rtr2	106
653	1	Rtr2	54
654	1	Rtr2	61
655	1	Rtr2	108
656	1	Rtr2	88
657	1	Rtr2	101
658	1	Rtr2	62
659	1	Rtr2	61
660	1	Rtr2	93
661	1	Rtr2	96
662	1	Rtr2	85
663	1	Rtr2	77
664	1	Rtr2	80
665	1	Rtr2	111
666	1	Rtr2	768
667	1	Rtr2	1448
668	1	Rtr2	1412
669	1	Rtr2	1392
670	1	Rtr2	779
671	1	Rtr2	107
672	1	Rtr2	86
673	1	Rtr2	76
674	1	Rtr2	72
675	1	Rtr2	126
676	1	Rtr2	130
677	1	Rtr2	120
678	1	Rtr2	84
679	1	Rtr2	202
680	1	Rtr2	224
681	1	Rtr2	227
682	1	Rtr2	226
683	1	Rtr2	154
684	1	Rtr2	167
685	1	Rtr2	211
686	1	Rtr2	123
687	1	Rtr2	754
688	1	Rtr2	1366
689	1	Rtr2	1384
690	1	Rtr2	1422
691	1	Rtr2	780
692	1	Rtr2	145
693	1	Rtr2	72
694	1	Rtr2	59
695	1	Rtr2	94
696	1	Rtr2	100
697	1	Rtr2	72
698	1	Rtr2	46
699	1	Rtr2	54
700	1	Rtr2	101
701	1	Rtr2	104
702	1	Rtr2	103
703	1	Rtr2	52
704	1	Rtr2	55
705	1	Rtr2	95
706	1	Rtr2	82
707	1	Rtr2	58
708	1	Rtr2	712
709	1	Rtr2	1379
710	1	Rtr2	1423
711	1	Rtr2	1423
712	1	Rtr2	787
713	1	Rtr2	90
714	1	Rtr2	88
715	1	Rtr2	116
716	1	Rtr2	141
717	1	Rtr2	129
718	1	Rtr2	67
719	1	Rtr2	55
720	1	Rtr2	97
721	1	Rtr2	111
722	1	Rtr2	94
723	1	Rtr2	65
724	1	Rtr2	80
725	1	Rtr2	108
726	1	Rtr2	101
727	1	Rtr2	95
728	1	Rtr2	65
729	1	Rtr2	696
730	1	Rtr2	1390
731	1	Rtr2	1388
732	1	Rtr2	1384
733	1	Rtr2	742
734	1	Rtr2	95
735	1	Rtr2	118
736	1	Rtr2	132
737	1	Rtr2	135
738	1	Rtr2	46
739	1	Rtr2	62
740	1	Rtr2	90
741	1	Rtr2	87
742	1	Rtr2	231
743	1	Rtr2	188
744	1	Rtr2	172
745	1	Rtr2	214
746	1	Rtr2	182
747	1	Rtr2	207
748	1	Rtr2	130
749	1	Rtr2	51
750	1	Rtr2	724
751	1	Rtr2	1381
752	1	Rtr2	1374
753	1	Rtr2	1366
754	1	Rtr2	743
755	1	Rtr2	138
756	1	Rtr2	117
757	1	Rtr2	114
758	1	Rtr2	79
759	1	Rtr2	56
760	1	Rtr2	76
761	1	Rtr2	72
762	1	Rtr2	87
763	1	Rtr2	49
764	1	Rtr2	56
765	1	Rtr2	86
766	1	Rtr2	87
767	1	Rtr2	90
768	1	Rtr2	46
769	1	Rtr2	61
770	1	Rtr2	214
771	1	Rtr2	870
772	1	Rtr2	1482
773	1	Rtr2	1460
774	1	Rtr2	1427
775	1	Rtr2	837
776	1	Rtr2	181
777	1	Rtr2	103
778	1	Rtr2	51
779	1	Rtr2	50
780	1	Rtr2	89
781	1	Rtr2	83
782	1	Rtr2	74
783	1	Rtr2	71
784	1	Rtr2	59
785	1	Rtr2	93
786	1	Rtr2	97
787	1	Rtr2	92
788	1	Rtr2	54
789	1	Rtr2	51
790	1	Rtr2	69
791	1	Rtr2	67
792	1	Rtr2	705
793	1	Rtr2	1339
794	1	Rtr2	1343
795	1	Rtr2	1366
796	1	Rtr2	754
797	1	Rtr2	128
798	1	Rtr2	58
799	1	Rtr2	60
800	1	Rtr2	97
801	1	Rtr2	116
802	1	Rtr2	86
803	1	Rtr2	57
804	1	Rtr2	68
805	1	Rtr2	108
806	1	Rtr2	113
807	1	Rtr2	102
808	1	Rtr2	45
809	1	Rtr2	41
810	1	Rtr2	71
811	1	Rtr2	63
812	1	Rtr2	67
813	1	Rtr2	685
814	1	Rtr2	1320
815	1	Rtr2	1358
816	1	Rtr2	1359
817	1	Rtr2	748
818	1	Rtr2	83
819	1	Rtr2	64
820	1	Rtr2	93
821	1	Rtr2	92
822	1	Rtr2	95
823	1	Rtr2	75
824	1	Rtr2	56
825	1	Rtr2	83
826	1	Rtr2	89
827	1	Rtr2	70
828	1	Rtr2	77
829	1	Rtr2	43
830	1	Rtr2	57
831	1	Rtr2	79
832	1	Rtr2	67
833	1	Rtr2	45
834	1	Rtr2	673
835	1	Rtr2	1327
836	1	Rtr2	1351
837	1	Rtr2	1353
838	1	Rtr2	722
839	1	Rtr2	206
840	1	Rtr2	210
841	1	Rtr2	223
842	1	Rtr2	232
843	1	Rtr2	147
844	1	Rtr2	137
845	1	Rtr2	151
846	1	Rtr2	96
847	1	Rtr2	99
848	1	Rtr2	53
849	1	Rtr2	47
850	1	Rtr2	80
851	1	Rtr2	85
852	1	Rtr2	54
853	1	Rtr2	51
854	1	Rtr2	47
855	1	Rtr2	684
856	1	Rtr2	1323
857	1	Rtr2	1325
858	1	Rtr2	1315
859	1	Rtr2	706
860	1	Rtr2	101
861	1	Rtr2	99
862	1	Rtr2	99
863	1	Rtr2	78
864	1	Rtr2	62
865	1	Rtr2	84
866	1	Rtr2	80
867	1	Rtr2	84
868	1	Rtr2	75
869	1	Rtr2	32
870	1	Rtr2	62
871	1	Rtr2	65
872	1	Rtr2	57
873	1	Rtr2	47
874	1	Rtr2	54
875	1	Rtr2	79
876	1	Rtr2	688
877	1	Rtr2	1330
878	1	Rtr2	1309
879	1	Rtr2	1309
880	1	Rtr2	722
881	1	Rtr2	102
882	1	Rtr2	106
883	1	Rtr2	55
884	1	Rtr2	46
885	1	Rtr2	81
886	1	Rtr2	63
887	1	Rtr2	66
888	1	Rtr2	49
889	1	Rtr2	52
890	1	Rtr2	93
891	1	Rtr2	206
892	1	Rtr2	205
893	1	Rtr2	168
894	1	Rtr2	168
895	1	Rtr2	196
896	1	Rtr2	176
897	1	Rtr2	795
898	1	Rtr2	1294
899	1	Rtr2	1296
900	1	Rtr2	1322
901	1	Rtr2	725
902	1	Rtr2	113
903	1	Rtr2	666
904	1	Rtr2	1278
905	1	Rtr2	1321
906	1	Rtr2	1321
907	1	Rtr2	705
908	1	Rtr2	77
909	1	Rtr2	70
910	1	Rtr2	96
911	1	Rtr2	98
912	1	Rtr2	97
913	1	Rtr2	69
914	1	Rtr2	50
915	1	Rtr2	85
916	1	Rtr2	74
917	1	Rtr2	72
918	1	Rtr2	38
919	1	Rtr2	34
920	1	Rtr2	55
921	1	Rtr2	65
922	1	Rtr2	53
923	1	Rtr2	56
924	1	Rtr2	646
925	1	Rtr2	1292
926	1	Rtr2	1294
927	1	Rtr2	1293
928	1	Rtr2	684
929	1	Rtr2	80
930	1	Rtr2	103
931	1	Rtr2	91
932	1	Rtr2	87
933	1	Rtr2	53
934	1	Rtr2	56
935	1	Rtr2	78
936	1	Rtr2	84
937	1	Rtr2	201
938	1	Rtr2	186
939	1	Rtr2	184
940	1	Rtr2	209
941	1	Rtr2	184
942	1	Rtr2	196
943	1	Rtr2	124
944	1	Rtr2	54
945	1	Rtr2	670
946	1	Rtr2	1286
947	1	Rtr2	1289
948	1	Rtr2	1266
949	1	Rtr2	664
950	1	Rtr2	89
951	1	Rtr2	78
952	1	Rtr2	72
953	1	Rtr2	58
954	1	Rtr2	50
955	1	Rtr2	69
956	1	Rtr2	74
957	1	Rtr2	62
958	1	Rtr2	61
959	1	Rtr2	40
960	1	Rtr2	48
961	1	Rtr2	44
962	1	Rtr2	37
963	1	Rtr2	50
964	1	Rtr2	54
965	1	Rtr2	83
966	1	Rtr2	674
967	1	Rtr2	1272
968	1	Rtr2	1252
969	1	Rtr2	1255
970	1	Rtr2	697
971	1	Rtr2	72
972	1	Rtr2	63
973	1	Rtr2	43
974	1	Rtr2	49
975	1	Rtr2	64
976	1	Rtr2	63
977	1	Rtr2	46
978	1	Rtr2	32
979	1	Rtr2	33
980	1	Rtr2	56
981	1	Rtr2	48
982	1	Rtr2	29
983	1	Rtr2	36
984	1	Rtr2	38
985	1	Rtr2	63
986	1	Rtr2	58
987	1	Rtr2	653
988	1	Rtr2	1239
989	1	Rtr2	1246
990	1	Rtr2	1267
991	1	Rtr2	680
992	1	Rtr2	89
993	1	Rtr2	181
994	1	Rtr2	188
995	1	Rtr2	218
996	1	Rtr2	233
997	1	Rtr2	201
998	1	Rtr2	146
999	1	Rtr2	116
1000	1	Rtr2	70
1001	1	Rtr2	177
1002	1	Rtr2	181
1003	1	Rtr2	763
1004	1	Rtr2	1338
1005	1	Rtr2	1352
1006	1	Rtr2	1350
1007	1	Rtr2	751
1008	1	Rtr2	48
1009	1	Rtr2	36
1010	1	Rtr2	48
1011	1	Rtr2	61
1012	1	Rtr2	56
1013	1	Rtr2	40
1014	1	Rtr2	29
1015	1	Rtr2	58
1016	1	Rtr2	45
1017	1	Rtr2	49
1018	1	Rtr2	42
1019	1	Rtr2	49
1020	1	Rtr2	82
1021	1	Rtr2	73
1022	1	Rtr2	54
1023	1	Rtr2	50
1024	1	Rtr2	624
1025	1	Rtr2	1239
1026	1	Rtr2	1247
1027	1	Rtr2	1245
1028	1	Rtr2	654
1029	1	Rtr2	58
1030	1	Rtr2	70
1031	1	Rtr2	60
1032	1	Rtr2	54
1033	1	Rtr2	32
1034	1	Rtr2	30
1035	1	Rtr2	36
1036	1	Rtr2	60
1037	1	Rtr2	38
1038	1	Rtr2	26
1039	1	Rtr2	28
1040	1	Rtr2	40
1041	1	Rtr2	47
1042	1	Rtr2	29
1043	1	Rtr2	41
1044	1	Rtr2	48
1045	1	Rtr2	643
1046	1	Rtr2	1223
1047	1	Rtr2	1235
1048	1	Rtr2	1227
1049	1	Rtr2	654
1050	1	Rtr2	83
1051	1	Rtr2	87
1052	1	Rtr2	83
1053	1	Rtr2	42
1054	1	Rtr2	28
1055	1	Rtr2	47
1056	1	Rtr2	200
1057	1	Rtr2	184
1058	1	Rtr2	177
1059	1	Rtr2	160
1060	1	Rtr2	179
1061	1	Rtr2	175
1062	1	Rtr2	146
1063	1	Rtr2	33
1064	1	Rtr2	26
1065	1	Rtr2	47
1066	1	Rtr2	632
1067	1	Rtr2	1211
1068	1	Rtr2	1212
1069	1	Rtr2	1219
1070	1	Rtr2	667
1071	1	Rtr2	89
1072	1	Rtr2	73
1073	1	Rtr2	47
1074	1	Rtr2	44
1075	1	Rtr2	64
1076	1	Rtr2	60
1077	1	Rtr2	77
1078	1	Rtr2	50
1079	1	Rtr2	36
1080	1	Rtr2	59
1081	1	Rtr2	55
1082	1	Rtr2	57
1083	1	Rtr2	55
1084	1	Rtr2	26
1085	1	Rtr2	56
1086	1	Rtr2	51
1087	1	Rtr2	627
1088	1	Rtr2	1201
1089	1	Rtr2	1212
1090	1	Rtr2	1223
1091	1	Rtr2	650
1092	1	Rtr2	68
1093	1	Rtr2	62
1094	1	Rtr2	40
1095	1	Rtr2	51
1096	1	Rtr2	54
1097	1	Rtr2	40
1098	1	Rtr2	30
1099	1	Rtr2	30
1100	1	Rtr2	44
1101	1	Rtr2	43
1102	1	Rtr2	33
1103	1	Rtr2	31
1104	1	Rtr2	27
1105	1	Rtr2	51
1106	1	Rtr2	55
1107	1	Rtr2	37
1108	1	Rtr2	611
1109	1	Rtr2	1194
1110	1	Rtr2	1223
1111	1	Rtr2	1347
1112	1	Rtr2	785
1113	1	Rtr2	196
1114	1	Rtr2	174
1115	1	Rtr2	182
1116	1	Rtr2	185
1117	1	Rtr2	173
1118	1	Rtr2	32
1119	1	Rtr2	41
1120	1	Rtr2	37
1121	1	Rtr2	48
1122	1	Rtr2	39
1123	1	Rtr2	22
1124	1	Rtr2	23
1125	1	Rtr2	48
1126	1	Rtr2	50
1127	1	Rtr2	49
1128	1	Rtr2	33
1129	1	Rtr2	610
1130	1	Rtr2	1206
1131	1	Rtr2	1202
1132	1	Rtr2	1208
1133	1	Rtr2	620
1134	1	Rtr2	54
1135	1	Rtr2	53
1136	1	Rtr2	48
1137	1	Rtr2	30
1138	1	Rtr2	33
1139	1	Rtr2	34
1140	1	Rtr2	48
1141	1	Rtr2	59
1142	1	Rtr2	48
1143	1	Rtr2	22
1144	1	Rtr2	35
1145	1	Rtr2	45
1146	1	Rtr2	49
1147	1	Rtr2	46
1148	1	Rtr2	40
1149	1	Rtr2	26
1150	1	Rtr2	605
1151	1	Rtr2	1172
1152	1	Rtr2	1181
1153	1	Rtr2	1183
1154	1	Rtr2	625
1155	1	Rtr2	72
1156	1	Rtr2	70
1157	1	Rtr2	47
1158	1	Rtr2	43
1159	1	Rtr2	43
1160	1	Rtr2	56
1161	1	Rtr2	209
1162	1	Rtr2	213
1163	1	Rtr2	204
1164	1	Rtr2	177
1165	1	Rtr2	184
1166	1	Rtr2	165
1167	1	Rtr2	160
1168	1	Rtr2	27
1169	1	Rtr2	29
1170	1	Rtr2	41
1171	1	Rtr2	596
1172	1	Rtr2	1171
1173	1	Rtr2	1173
1174	1	Rtr2	1173
1175	1	Rtr2	628
1176	1	Rtr2	75
1177	1	Rtr2	53
1178	1	Rtr2	23
1179	1	Rtr2	22
1180	1	Rtr2	43
1181	1	Rtr2	31
1182	1	Rtr2	37
1183	1	Rtr2	25
1184	1	Rtr2	22
1185	1	Rtr2	44
1186	1	Rtr2	19
1187	1	Rtr2	35
1188	1	Rtr2	35
1189	1	Rtr2	43
1190	1	Rtr2	60
1191	1	Rtr2	55
1192	1	Rtr2	613
1193	1	Rtr2	1164
1194	1	Rtr2	1160
1195	1	Rtr2	1178
1196	1	Rtr2	626
1197	1	Rtr2	78
1198	1	Rtr2	57
1199	1	Rtr2	51
1200	1	Rtr2	61
1201	1	Rtr2	51
1202	1	Rtr2	47
1203	1	Rtr2	27
1204	1	Rtr2	22
1205	1	Rtr2	33
1206	1	Rtr2	30
1207	1	Rtr2	22
1208	1	Rtr2	16
1209	1	Rtr2	33
1210	1	Rtr2	39
1211	1	Rtr2	46
1212	1	Rtr2	34
1213	1	Rtr2	587
1214	1	Rtr2	1148
1215	1	Rtr2	1169
1216	1	Rtr2	1171
1217	1	Rtr2	605
1218	1	Rtr2	46
1219	1	Rtr2	36
1220	1	Rtr2	44
1221	1	Rtr2	162
1222	1	Rtr2	171
1223	1	Rtr2	161
1224	1	Rtr2	169
1225	1	Rtr2	174
1226	1	Rtr2	171
1227	1	Rtr2	150
1228	1	Rtr2	33
1229	1	Rtr2	20
1230	1	Rtr2	31
1231	1	Rtr2	35
1232	1	Rtr2	31
1233	1	Rtr2	21
1234	1	Rtr2	572
1235	1	Rtr2	1146
1236	1	Rtr2	1148
1237	1	Rtr2	1142
1238	1	Rtr2	596
1239	1	Rtr2	41
1240	1	Rtr2	33
1241	1	Rtr2	49
1242	1	Rtr2	35
1243	1	Rtr2	27
1244	1	Rtr2	21
1245	1	Rtr2	28
1246	1	Rtr2	39
1247	1	Rtr2	19
1248	1	Rtr2	18
1249	1	Rtr2	29
1250	1	Rtr2	32
1251	1	Rtr2	39
1252	1	Rtr2	44
1253	1	Rtr2	26
1254	1	Rtr2	21
1255	1	Rtr2	586
1256	1	Rtr2	1129
1257	1	Rtr2	1140
1258	1	Rtr2	1131
1259	1	Rtr2	591
1260	1	Rtr2	44
1261	1	Rtr2	31
1262	1	Rtr2	27
1263	1	Rtr2	22
1264	1	Rtr2	27
1265	1	Rtr2	22
1266	1	Rtr2	195
1267	1	Rtr2	195
1268	1	Rtr2	179
1269	1	Rtr2	165
1270	1	Rtr2	155
1271	1	Rtr2	156
1272	1	Rtr2	152
1273	1	Rtr2	25
1274	1	Rtr2	25
1275	1	Rtr2	28
1276	1	Rtr2	576
1277	1	Rtr2	1118
1278	1	Rtr2	1126
1279	1	Rtr2	1124
1280	1	Rtr2	601
1281	1	Rtr2	48
1282	1	Rtr2	53
1283	1	Rtr2	30
1284	1	Rtr2	23
1285	1	Rtr2	36
1286	1	Rtr2	39
1287	1	Rtr2	25
1288	1	Rtr2	20
1289	1	Rtr2	27
1290	1	Rtr2	34
1291	1	Rtr2	29
1292	1	Rtr2	21
1293	1	Rtr2	16
1294	1	Rtr2	27
1295	1	Rtr2	30
1296	1	Rtr2	24
1297	1	Rtr2	569
1298	1	Rtr2	1098
1299	1	Rtr2	1114
1300	1	Rtr2	1128
1301	1	Rtr2	586
1302	1	Rtr2	33
1303	1	Rtr2	566
1304	1	Rtr2	1101
1305	1	Rtr2	1113
1306	1	Rtr2	1118
1307	1	Rtr2	580
1308	1	Rtr2	36
1309	1	Rtr2	27
1310	1	Rtr2	31
1311	1	Rtr2	31
1312	1	Rtr2	22
1313	1	Rtr2	23
1314	1	Rtr2	20
1315	1	Rtr2	21
1316	1	Rtr2	23
1317	1	Rtr2	25
1318	1	Rtr2	16
1319	1	Rtr2	19
1320	1	Rtr2	25
1321	1	Rtr2	178
1322	1	Rtr2	215
1323	1	Rtr2	173
1324	1	Rtr2	687
1325	1	Rtr2	1226
1326	1	Rtr2	1222
1327	1	Rtr2	1216
1328	1	Rtr2	567
1329	1	Rtr2	31
1330	1	Rtr2	35
1331	1	Rtr2	33
1332	1	Rtr2	27
1333	1	Rtr2	25
1334	1	Rtr2	22
1335	1	Rtr2	29
1336	1	Rtr2	31
1337	1	Rtr2	15
1338	1	Rtr2	33
1339	1	Rtr2	22
1340	1	Rtr2	27
1341	1	Rtr2	17
1342	1	Rtr2	22
1343	1	Rtr2	22
1344	1	Rtr2	16
1345	1	Rtr2	553
1346	1	Rtr2	1084
1347	1	Rtr2	1092
1348	1	Rtr2	1090
1349	1	Rtr2	570
1350	1	Rtr2	42
1351	1	Rtr2	36
1352	1	Rtr2	25
1353	1	Rtr2	22
1354	1	Rtr2	18
1355	1	Rtr2	28
1356	1	Rtr2	36
1357	1	Rtr2	38
1358	1	Rtr2	17
1359	1	Rtr2	16
1360	1	Rtr2	25
1361	1	Rtr2	28
1362	1	Rtr2	19
1363	1	Rtr2	17
1364	1	Rtr2	31
1365	1	Rtr2	37
1366	1	Rtr2	555
1367	1	Rtr2	1076
1368	1	Rtr2	1082
1369	1	Rtr2	1079
1370	1	Rtr2	568
1371	1	Rtr2	38
1372	1	Rtr2	29
1373	1	Rtr2	21
1374	1	Rtr2	21
1375	1	Rtr2	34
1376	1	Rtr2	195
1377	1	Rtr2	198
1378	1	Rtr2	199
1379	1	Rtr2	184
1380	1	Rtr2	173
1381	1	Rtr2	174
1382	1	Rtr2	162
1383	1	Rtr2	24
1384	1	Rtr2	19
1385	1	Rtr2	15
1386	1	Rtr2	19
1387	1	Rtr2	539
1388	1	Rtr2	1059
1389	1	Rtr2	1065
1390	1	Rtr2	1077
1391	1	Rtr2	555
1392	1	Rtr2	30
1393	1	Rtr2	19
1394	1	Rtr2	20
1395	1	Rtr2	27
1396	1	Rtr2	24
1397	1	Rtr2	18
1398	1	Rtr2	18
1399	1	Rtr2	22
1400	1	Rtr2	20
1401	1	Rtr2	21
1402	1	Rtr2	35
1403	1	Rtr2	16
1404	1	Rtr2	24
1405	1	Rtr2	23
1406	1	Rtr2	22
1407	1	Rtr2	21
1408	1	Rtr2	539
1409	1	Rtr2	1056
1410	1	Rtr2	1064
1411	1	Rtr2	1068
1412	1	Rtr2	548
1413	1	Rtr2	25
1414	1	Rtr2	20
1415	1	Rtr2	21
1416	1	Rtr2	26
1417	1	Rtr2	23
1418	1	Rtr2	18
1419	1	Rtr2	15
1420	1	Rtr2	22
1421	1	Rtr2	25
1422	1	Rtr2	20
1423	1	Rtr2	24
1424	1	Rtr2	21
1425	1	Rtr2	20
1426	1	Rtr2	27
1427	1	Rtr2	22
1428	1	Rtr2	22
1429	1	Rtr2	532
1430	1	Rtr2	1056
1431	1	Rtr2	1054
1432	1	Rtr2	1058
1433	1	Rtr2	721
1434	1	Rtr2	201
1435	1	Rtr2	245
1436	1	Rtr2	238
1437	1	Rtr2	191
1438	1	Rtr2	141
1439	1	Rtr2	129
1440	1	Rtr2	21
1441	1	Rtr2	19
1442	1	Rtr2	16
1443	1	Rtr2	16
1444	1	Rtr2	16
1445	1	Rtr2	18
1446	1	Rtr2	15
1447	1	Rtr2	14
1448	1	Rtr2	22
1449	1	Rtr2	20
1450	1	Rtr2	531
1451	1	Rtr2	1041
1452	1	Rtr2	1044
1453	1	Rtr2	1047
1454	1	Rtr2	545
1455	1	Rtr2	26
1456	1	Rtr2	19
1457	1	Rtr2	27
1458	1	Rtr2	15
1459	1	Rtr2	17
1460	1	Rtr2	19
1461	1	Rtr2	19
1462	1	Rtr2	17
1463	1	Rtr2	17
1464	1	Rtr2	15
1465	1	Rtr2	22
1466	1	Rtr2	15
1467	1	Rtr2	16
1468	1	Rtr2	14
1469	1	Rtr2	13
1470	1	Rtr2	18
1471	1	Rtr2	523
1472	1	Rtr2	1032
1473	1	Rtr2	1035
1474	1	Rtr2	1045
1475	1	Rtr2	546
1476	1	Rtr2	37
1477	1	Rtr2	28
1478	1	Rtr2	14
1479	1	Rtr2	20
1480	1	Rtr2	16
1481	1	Rtr2	14
1482	1	Rtr2	18
1483	1	Rtr2	15
1484	1	Rtr2	15
1485	1	Rtr2	16
1486	1	Rtr2	16
1487	1	Rtr2	17
1488	1	Rtr2	17
1489	1	Rtr2	14
1490	1	Rtr2	11
1491	1	Rtr2	167
1492	1	Rtr2	679
1493	1	Rtr2	1171
1494	1	Rtr2	1166
1495	1	Rtr2	1157
1496	1	Rtr2	649
1497	1	Rtr2	144
1498	1	Rtr2	21
1499	1	Rtr2	12
1500	1	Rtr2	11
1501	1	Rtr2	17
1502	1	Rtr2	15
1503	1	Rtr2	26
1504	1	Rtr2	15
1505	1	Rtr2	14
1506	1	Rtr2	16
1507	1	Rtr2	18
1508	1	Rtr2	13
1509	1	Rtr2	20
1510	1	Rtr2	19
1511	1	Rtr2	18
1512	1	Rtr2	18
1513	1	Rtr2	507
1514	1	Rtr2	1013
1515	1	Rtr2	1025
1516	1	Rtr2	1026
1517	1	Rtr2	532
1518	1	Rtr2	22
1519	1	Rtr2	12
1520	1	Rtr2	15
1521	1	Rtr2	18
1522	1	Rtr2	16
1523	1	Rtr2	17
1524	1	Rtr2	15
1525	1	Rtr2	14
1526	1	Rtr2	14
1527	1	Rtr2	14
1528	1	Rtr2	16
1529	1	Rtr2	9
1530	1	Rtr2	13
1531	1	Rtr2	21
1532	1	Rtr2	19
1533	1	Rtr2	15
1534	1	Rtr2	510
1535	1	Rtr2	1004
1536	1	Rtr2	1015
1537	1	Rtr2	1016
1538	1	Rtr2	519
1539	1	Rtr2	23
1540	1	Rtr2	22
1541	1	Rtr2	14
1542	1	Rtr2	16
1543	1	Rtr2	17
1544	1	Rtr2	18
1545	1	Rtr2	14
1546	1	Rtr2	13
1547	1	Rtr2	176
1548	1	Rtr2	189
1549	1	Rtr2	202
1550	1	Rtr2	240
1551	1	Rtr2	187
1552	1	Rtr2	173
1553	1	Rtr2	144
1554	1	Rtr2	17
1555	1	Rtr2	500
1556	1	Rtr2	999
1557	1	Rtr2	1000
1558	1	Rtr2	1005
1559	1	Rtr2	515
1560	1	Rtr2	18
1561	1	Rtr2	14
1562	1	Rtr2	18
1563	1	Rtr2	16
1564	1	Rtr2	165
1565	1	Rtr2	229
1566	1	Rtr2	234
1567	1	Rtr2	213
1568	1	Rtr2	121
1569	1	Rtr2	117
1570	1	Rtr2	119
1571	1	Rtr2	20
1572	1	Rtr2	13
1573	1	Rtr2	18
1574	1	Rtr2	16
1575	1	Rtr2	18
1576	1	Rtr2	505
1577	1	Rtr2	986
1578	1	Rtr2	994
1579	1	Rtr2	991
1580	1	Rtr2	515
1581	1	Rtr2	27
1582	1	Rtr2	18
1583	1	Rtr2	16
1584	1	Rtr2	8
1585	1	Rtr2	14
1586	1	Rtr2	16
1587	1	Rtr2	17
1588	1	Rtr2	14
1589	1	Rtr2	11
1590	1	Rtr2	17
1591	1	Rtr2	23
1592	1	Rtr2	13
1593	1	Rtr2	14
1594	1	Rtr2	11
1595	1	Rtr2	15
1596	1	Rtr2	11
1597	1	Rtr2	496
1598	1	Rtr2	979
1599	1	Rtr2	980
1600	1	Rtr2	987
1601	1	Rtr2	501
1602	1	Rtr2	13
1603	1	Rtr2	489
1604	1	Rtr2	975
1605	1	Rtr2	979
1606	1	Rtr2	980
1607	1	Rtr2	507
1608	1	Rtr2	17
1609	1	Rtr2	11
1610	1	Rtr2	16
1611	1	Rtr2	14
1612	1	Rtr2	12
1613	1	Rtr2	13
1614	1	Rtr2	14
1615	1	Rtr2	11
1616	1	Rtr2	16
1617	1	Rtr2	18
1618	1	Rtr2	12
1619	1	Rtr2	12
1620	1	Rtr2	12
1621	1	Rtr2	13
1622	1	Rtr2	12
1623	1	Rtr2	164
1624	1	Rtr2	624
1625	1	Rtr2	1139
1626	1	Rtr2	1117
1627	1	Rtr2	1077
1628	1	Rtr2	579
1629	1	Rtr2	97
1630	1	Rtr2	15
1631	1	Rtr2	14
1632	1	Rtr2	13
1633	1	Rtr2	11
1634	1	Rtr2	11
1635	1	Rtr2	19
1636	1	Rtr2	15
1637	1	Rtr2	13
1638	1	Rtr2	12
1639	1	Rtr2	17
1640	1	Rtr2	14
1641	1	Rtr2	16
1642	1	Rtr2	15
1643	1	Rtr2	13
1644	1	Rtr2	18
1645	1	Rtr2	480
1646	1	Rtr2	954
1647	1	Rtr2	961
1648	1	Rtr2	955
1649	1	Rtr2	493
1650	1	Rtr2	21
1651	1	Rtr2	13
1652	1	Rtr2	15
1653	1	Rtr2	13
1654	1	Rtr2	11
1655	1	Rtr2	12
1656	1	Rtr2	11
1657	1	Rtr2	15
1658	1	Rtr2	18
1659	1	Rtr2	9
1660	1	Rtr2	15
1661	1	Rtr2	15
1662	1	Rtr2	13
1663	1	Rtr2	12
1664	1	Rtr2	13
1665	1	Rtr2	17
1666	1	Rtr2	479
1667	1	Rtr2	947
1668	1	Rtr2	952
1669	1	Rtr2	949
1670	1	Rtr2	485
1671	1	Rtr2	17
1672	1	Rtr2	10
1673	1	Rtr2	13
1674	1	Rtr2	16
1675	1	Rtr2	15
1676	1	Rtr2	18
1677	1	Rtr2	14
1678	1	Rtr2	14
1679	1	Rtr2	144
1680	1	Rtr2	176
1681	1	Rtr2	187
1682	1	Rtr2	196
1683	1	Rtr2	124
1684	1	Rtr2	122
1685	1	Rtr2	119
1686	1	Rtr2	14
1687	1	Rtr2	471
1688	1	Rtr2	937
1689	1	Rtr2	943
1690	1	Rtr2	945
1691	1	Rtr2	485
1692	1	Rtr2	17
1693	1	Rtr2	11
1694	1	Rtr2	10
1695	1	Rtr2	13
1696	1	Rtr2	13
1697	1	Rtr2	12
1698	1	Rtr2	15
1699	1	Rtr2	12
1700	1	Rtr2	9
1701	1	Rtr2	15
1702	1	Rtr2	13
1703	1	Rtr2	8
1704	1	Rtr2	10
1705	1	Rtr2	15
1706	1	Rtr2	8
1707	1	Rtr2	13
1708	1	Rtr2	469
1709	1	Rtr2	925
1710	1	Rtr2	932
1711	1	Rtr2	931
1712	1	Rtr2	476
1713	1	Rtr2	16
1714	1	Rtr2	16
1715	1	Rtr2	13
1716	1	Rtr2	13
1717	1	Rtr2	11
1718	1	Rtr2	16
1719	1	Rtr2	13
1720	1	Rtr2	15
1721	1	Rtr2	10
1722	1	Rtr2	11
1723	1	Rtr2	12
1724	1	Rtr2	14
1725	1	Rtr2	12
1726	1	Rtr2	15
1727	1	Rtr2	12
1728	1	Rtr2	12
1729	1	Rtr2	462
1730	1	Rtr2	920
1731	1	Rtr2	927
1732	1	Rtr2	924
1733	1	Rtr2	471
1734	1	Rtr2	16
1735	1	Rtr2	13
1736	1	Rtr2	11
1737	1	Rtr2	15
1738	1	Rtr2	13
1739	1	Rtr2	14
1740	1	Rtr2	9
1741	1	Rtr2	12
1742	1	Rtr2	184
1743	1	Rtr2	167
1744	1	Rtr2	162
1745	1	Rtr2	181
1746	1	Rtr2	125
1747	1	Rtr2	121
1748	1	Rtr2	92
1749	1	Rtr2	16
1750	1	Rtr2	462
1751	1	Rtr2	910
1752	1	Rtr2	917
1753	1	Rtr2	919
1754	1	Rtr2	464
1755	1	Rtr2	15
1756	1	Rtr2	11
1757	1	Rtr2	10
1758	1	Rtr2	14
1759	1	Rtr2	12
1760	1	Rtr2	15
1761	1	Rtr2	11
1762	1	Rtr2	12
1763	1	Rtr2	14
1764	1	Rtr2	10
1765	1	Rtr2	15
1766	1	Rtr2	8
1767	1	Rtr2	15
1768	1	Rtr2	13
1769	1	Rtr2	10
1770	1	Rtr2	178
1771	1	Rtr2	581
1772	1	Rtr2	1043
1773	1	Rtr2	1045
1774	1	Rtr2	1009
1775	1	Rtr2	564
1776	1	Rtr2	116
1777	1	Rtr2	13
1778	1	Rtr2	9
1779	1	Rtr2	8
1780	1	Rtr2	13
1781	1	Rtr2	17
1782	1	Rtr2	11
1783	1	Rtr2	12
1784	1	Rtr2	12
1785	1	Rtr2	12
1786	1	Rtr2	12
1787	1	Rtr2	14
1788	1	Rtr2	9
1789	1	Rtr2	15
1790	1	Rtr2	10
1791	1	Rtr2	11
1792	1	Rtr2	451
1793	1	Rtr2	892
1794	1	Rtr2	900
1795	1	Rtr2	897
1796	1	Rtr2	463
1797	1	Rtr2	13
1798	1	Rtr2	13
1799	1	Rtr2	9
1800	1	Rtr2	8
1801	1	Rtr2	6
1802	1	Rtr2	12
1803	1	Rtr2	9
1804	1	Rtr2	6
1805	1	Rtr2	13
1806	1	Rtr2	15
1807	1	Rtr2	13
1808	1	Rtr2	12
1809	1	Rtr2	10
1810	1	Rtr2	11
1811	1	Rtr2	11
1812	1	Rtr2	8
1813	1	Rtr2	446
1814	1	Rtr2	888
1815	1	Rtr2	890
1816	1	Rtr2	894
1817	1	Rtr2	453
1818	1	Rtr2	14
1819	1	Rtr2	8
1820	1	Rtr2	9
1821	1	Rtr2	9
1822	1	Rtr2	6
1823	1	Rtr2	13
1824	1	Rtr2	8
1825	1	Rtr2	11
1826	1	Rtr2	9
1827	1	Rtr2	10
1828	1	Rtr2	7
1829	1	Rtr2	12
1830	1	Rtr2	8
1831	1	Rtr2	11
1832	1	Rtr2	8
1833	1	Rtr2	7
1834	1	Rtr2	443
1835	1	Rtr2	879
1836	1	Rtr2	884
1837	1	Rtr2	882
1838	1	Rtr2	451
1839	1	Rtr2	168
1840	1	Rtr2	177
1841	1	Rtr2	171
1842	1	Rtr2	144
1843	1	Rtr2	72
1844	1	Rtr2	74
1845	1	Rtr2	76
1846	1	Rtr2	10
1847	1	Rtr2	13
1848	1	Rtr2	11
1849	1	Rtr2	14
1850	1	Rtr2	8
1851	1	Rtr2	10
1852	1	Rtr2	10
1853	1	Rtr2	10
1854	1	Rtr2	8
1855	1	Rtr2	437
1856	1	Rtr2	870
1857	1	Rtr2	874
1858	1	Rtr2	876
1859	1	Rtr2	446
1860	1	Rtr2	10
1861	1	Rtr2	7
1862	1	Rtr2	10
1863	1	Rtr2	8
1864	1	Rtr2	10
1865	1	Rtr2	6
1866	1	Rtr2	11
1867	1	Rtr2	8
1868	1	Rtr2	9
1869	1	Rtr2	8
1870	1	Rtr2	12
1871	1	Rtr2	9
1872	1	Rtr2	11
1873	1	Rtr2	11
1874	1	Rtr2	9
1875	1	Rtr2	9
1876	1	Rtr2	430
1877	1	Rtr2	862
1878	1	Rtr2	866
1879	1	Rtr2	871
1880	1	Rtr2	443
1881	1	Rtr2	19
1882	1	Rtr2	9
1883	1	Rtr2	10
1884	1	Rtr2	13
1885	1	Rtr2	12
1886	1	Rtr2	9
1887	1	Rtr2	9
1888	1	Rtr2	13
1889	1	Rtr2	10
1890	1	Rtr2	11
1891	1	Rtr2	170
1892	1	Rtr2	197
1893	1	Rtr2	189
1894	1	Rtr2	158
1895	1	Rtr2	133
1896	1	Rtr2	130
1897	1	Rtr2	548
1898	1	Rtr2	855
1899	1	Rtr2	859
1900	1	Rtr2	859
1901	1	Rtr2	438
1902	1	Rtr2	14
1903	1	Rtr2	424
1904	1	Rtr2	841
1905	1	Rtr2	849
1906	1	Rtr2	851
1907	1	Rtr2	433
1908	1	Rtr2	15
1909	1	Rtr2	8
1910	1	Rtr2	8
1911	1	Rtr2	13
1912	1	Rtr2	9
1913	1	Rtr2	12
1914	1	Rtr2	10
1915	1	Rtr2	9
1916	1	Rtr2	8
1917	1	Rtr2	9
1918	1	Rtr2	12
1919	1	Rtr2	9
1920	1	Rtr2	9
1921	1	Rtr2	9
1922	1	Rtr2	8
1923	1	Rtr2	9
1924	1	Rtr2	423
1925	1	Rtr2	836
1926	1	Rtr2	838
1927	1	Rtr2	838
1928	1	Rtr2	428
1929	1	Rtr2	14
1930	1	Rtr2	9
1931	1	Rtr2	11
1932	1	Rtr2	8
1933	1	Rtr2	14
1934	1	Rtr2	9
1935	1	Rtr2	6
1936	1	Rtr2	8
1937	1	Rtr2	162
1938	1	Rtr2	137
1939	1	Rtr2	115
1940	1	Rtr2	139
1941	1	Rtr2	89
1942	1	Rtr2	90
1943	1	Rtr2	74
1944	1	Rtr2	11
1945	1	Rtr2	417
1946	1	Rtr2	828
1947	1	Rtr2	833
1948	1	Rtr2	835
1949	1	Rtr2	425
1950	1	Rtr2	17
1951	1	Rtr2	11
1952	1	Rtr2	10
1953	1	Rtr2	10
1954	1	Rtr2	8
1955	1	Rtr2	10
1956	1	Rtr2	9
1957	1	Rtr2	9
1958	1	Rtr2	6
1959	1	Rtr2	10
1960	1	Rtr2	10
1961	1	Rtr2	6
1962	1	Rtr2	7
1963	1	Rtr2	9
1964	1	Rtr2	7
1965	1	Rtr2	6
1966	1	Rtr2	413
1967	1	Rtr2	821
1968	1	Rtr2	823
1969	1	Rtr2	822
1970	1	Rtr2	421
1971	1	Rtr2	13
1972	1	Rtr2	7
1973	1	Rtr2	11
1974	1	Rtr2	8
1975	1	Rtr2	10
1976	1	Rtr2	8
1977	1	Rtr2	6
1978	1	Rtr2	7
1979	1	Rtr2	10
1980	1	Rtr2	11
1981	1	Rtr2	8
1982	1	Rtr2	8
1983	1	Rtr2	6
1984	1	Rtr2	10
1985	1	Rtr2	10
1986	1	Rtr2	6
1987	1	Rtr2	404
1988	1	Rtr2	810
1989	1	Rtr2	818
1990	1	Rtr2	815
1991	1	Rtr2	418
1992	1	Rtr2	11
1993	1	Rtr2	169
1994	1	Rtr2	176
1995	1	Rtr2	182
1996	1	Rtr2	172
1997	1	Rtr2	113
1998	1	Rtr2	89
1999	1	Rtr2	85
