Time	Node	PitItems
1	1	Rtr2	351
2	1	Rtr2	305
3	1	Rtr2	1044
4	1	Rtr2	1823
5	1	Rtr2	1798
6	1	Rtr2	1791
7	1	Rtr2	1026
8	1	Rtr2	141
9	1	Rtr2	115
10	1	Rtr2	211
11	1	Rtr2	229
12	1	Rtr2	214
13	1	Rtr2	120
14	1	Rtr2	122
15	1	Rtr2	173
16	1	Rtr2	180
17	1	Rtr2	158
18	1	Rtr2	87
19	1	Rtr2	85
20	1	Rtr2	170
21	1	Rtr2	175
22	1	Rtr2	159
23	1	Rtr2	118
24	1	Rtr2	871
25	1	Rtr2	1727
26	1	Rtr2	1755
27	1	Rtr2	1748
28	1	Rtr2	923
29	1	Rtr2	116
30	1	Rtr2	199
31	1	Rtr2	174
32	1	Rtr2	180
33	1	Rtr2	79
34	1	Rtr2	85
35	1	Rtr2	156
36	1	Rtr2	137
37	1	Rtr2	126
38	1	Rtr2	77
39	1	Rtr2	66
40	1	Rtr2	126
41	1	Rtr2	121
42	1	Rtr2	116
43	1	Rtr2	93
44	1	Rtr2	93
45	1	Rtr2	940
46	1	Rtr2	1730
47	1	Rtr2	1722
48	1	Rtr2	1675
49	1	Rtr2	919
50	1	Rtr2	196
51	1	Rtr2	222
52	1	Rtr2	196
53	1	Rtr2	83
54	1	Rtr2	87
55	1	Rtr2	146
56	1	Rtr2	322
57	1	Rtr2	300
58	1	Rtr2	258
59	1	Rtr2	253
60	1	Rtr2	189
61	1	Rtr2	206
62	1	Rtr2	197
63	1	Rtr2	88
64	1	Rtr2	106
65	1	Rtr2	158
66	1	Rtr2	950
67	1	Rtr2	1704
68	1	Rtr2	1679
69	1	Rtr2	1680
70	1	Rtr2	971
71	1	Rtr2	205
72	1	Rtr2	168
73	1	Rtr2	94
74	1	Rtr2	87
75	1	Rtr2	142
76	1	Rtr2	150
77	1	Rtr2	116
78	1	Rtr2	88
79	1	Rtr2	64
80	1	Rtr2	136
81	1	Rtr2	135
82	1	Rtr2	101
83	1	Rtr2	83
84	1	Rtr2	87
85	1	Rtr2	146
86	1	Rtr2	141
87	1	Rtr2	911
88	1	Rtr2	1655
89	1	Rtr2	1653
90	1	Rtr2	1735
91	1	Rtr2	973
92	1	Rtr2	180
93	1	Rtr2	121
94	1	Rtr2	100
95	1	Rtr2	170
96	1	Rtr2	165
97	1	Rtr2	153
98	1	Rtr2	96
99	1	Rtr2	81
100	1	Rtr2	155
101	1	Rtr2	158
102	1	Rtr2	151
103	1	Rtr2	85
104	1	Rtr2	84
105	1	Rtr2	150
106	1	Rtr2	163
107	1	Rtr2	147
108	1	Rtr2	861
109	1	Rtr2	1637
110	1	Rtr2	1726
111	1	Rtr2	1863
112	1	Rtr2	1068
113	1	Rtr2	254
114	1	Rtr2	239
115	1	Rtr2	186
116	1	Rtr2	194
117	1	Rtr2	180
118	1	Rtr2	100
119	1	Rtr2	74
120	1	Rtr2	146
121	1	Rtr2	142
122	1	Rtr2	154
123	1	Rtr2	108
124	1	Rtr2	67
125	1	Rtr2	147
126	1	Rtr2	142
127	1	Rtr2	121
128	1	Rtr2	83
129	1	Rtr2	856
130	1	Rtr2	1677
131	1	Rtr2	1687
132	1	Rtr2	1687
133	1	Rtr2	884
134	1	Rtr2	125
135	1	Rtr2	186
136	1	Rtr2	180
137	1	Rtr2	162
138	1	Rtr2	70
139	1	Rtr2	74
140	1	Rtr2	137
141	1	Rtr2	118
142	1	Rtr2	119
143	1	Rtr2	75
144	1	Rtr2	63
145	1	Rtr2	144
146	1	Rtr2	145
147	1	Rtr2	126
148	1	Rtr2	84
149	1	Rtr2	69
150	1	Rtr2	892
151	1	Rtr2	1652
152	1	Rtr2	1656
153	1	Rtr2	1624
154	1	Rtr2	893
155	1	Rtr2	197
156	1	Rtr2	185
157	1	Rtr2	176
158	1	Rtr2	90
159	1	Rtr2	92
160	1	Rtr2	182
161	1	Rtr2	319
162	1	Rtr2	279
163	1	Rtr2	224
164	1	Rtr2	230
165	1	Rtr2	196
166	1	Rtr2	184
167	1	Rtr2	175
168	1	Rtr2	102
169	1	Rtr2	96
170	1	Rtr2	158
171	1	Rtr2	913
172	1	Rtr2	1694
173	1	Rtr2	1633
174	1	Rtr2	1632
175	1	Rtr2	951
176	1	Rtr2	206
177	1	Rtr2	181
178	1	Rtr2	130
179	1	Rtr2	115
180	1	Rtr2	203
181	1	Rtr2	191
182	1	Rtr2	158
183	1	Rtr2	86
184	1	Rtr2	84
185	1	Rtr2	163
186	1	Rtr2	152
187	1	Rtr2	168
188	1	Rtr2	96
189	1	Rtr2	94
190	1	Rtr2	149
191	1	Rtr2	153
192	1	Rtr2	881
193	1	Rtr2	1616
194	1	Rtr2	1619
195	1	Rtr2	1679
196	1	Rtr2	935
197	1	Rtr2	191
198	1	Rtr2	97
199	1	Rtr2	83
200	1	Rtr2	145
201	1	Rtr2	122
202	1	Rtr2	111
203	1	Rtr2	74
204	1	Rtr2	62
205	1	Rtr2	142
206	1	Rtr2	129
207	1	Rtr2	126
208	1	Rtr2	84
209	1	Rtr2	71
210	1	Rtr2	126
211	1	Rtr2	120
212	1	Rtr2	112
213	1	Rtr2	836
214	1	Rtr2	1607
215	1	Rtr2	1680
216	1	Rtr2	1681
217	1	Rtr2	931
218	1	Rtr2	95
219	1	Rtr2	110
220	1	Rtr2	181
221	1	Rtr2	357
222	1	Rtr2	330
223	1	Rtr2	259
224	1	Rtr2	242
225	1	Rtr2	177
226	1	Rtr2	189
227	1	Rtr2	154
228	1	Rtr2	114
229	1	Rtr2	77
230	1	Rtr2	126
231	1	Rtr2	152
232	1	Rtr2	144
233	1	Rtr2	103
234	1	Rtr2	813
235	1	Rtr2	1632
236	1	Rtr2	1633
237	1	Rtr2	1642
238	1	Rtr2	853
239	1	Rtr2	91
240	1	Rtr2	144
241	1	Rtr2	133
242	1	Rtr2	119
243	1	Rtr2	58
244	1	Rtr2	60
245	1	Rtr2	114
246	1	Rtr2	118
247	1	Rtr2	105
248	1	Rtr2	79
249	1	Rtr2	74
250	1	Rtr2	127
251	1	Rtr2	113
252	1	Rtr2	132
253	1	Rtr2	99
254	1	Rtr2	61
255	1	Rtr2	849
256	1	Rtr2	1606
257	1	Rtr2	1601
258	1	Rtr2	1586
259	1	Rtr2	854
260	1	Rtr2	183
261	1	Rtr2	162
262	1	Rtr2	150
263	1	Rtr2	91
264	1	Rtr2	85
265	1	Rtr2	123
266	1	Rtr2	298
267	1	Rtr2	272
268	1	Rtr2	225
269	1	Rtr2	214
270	1	Rtr2	158
271	1	Rtr2	189
272	1	Rtr2	157
273	1	Rtr2	108
274	1	Rtr2	82
275	1	Rtr2	135
276	1	Rtr2	873
277	1	Rtr2	1600
278	1	Rtr2	1587
279	1	Rtr2	1574
280	1	Rtr2	913
281	1	Rtr2	167
282	1	Rtr2	129
283	1	Rtr2	65
284	1	Rtr2	72
285	1	Rtr2	142
286	1	Rtr2	125
287	1	Rtr2	103
288	1	Rtr2	69
289	1	Rtr2	72
290	1	Rtr2	99
291	1	Rtr2	115
292	1	Rtr2	94
293	1	Rtr2	77
294	1	Rtr2	82
295	1	Rtr2	121
296	1	Rtr2	104
297	1	Rtr2	849
298	1	Rtr2	1558
299	1	Rtr2	1579
300	1	Rtr2	1633
301	1	Rtr2	913
302	1	Rtr2	173
303	1	Rtr2	821
304	1	Rtr2	1556
305	1	Rtr2	1611
306	1	Rtr2	1612
307	1	Rtr2	910
308	1	Rtr2	132
309	1	Rtr2	107
310	1	Rtr2	164
311	1	Rtr2	162
312	1	Rtr2	151
313	1	Rtr2	80
314	1	Rtr2	79
315	1	Rtr2	148
316	1	Rtr2	140
317	1	Rtr2	142
318	1	Rtr2	86
319	1	Rtr2	77
320	1	Rtr2	130
321	1	Rtr2	275
322	1	Rtr2	245
323	1	Rtr2	202
324	1	Rtr2	923
325	1	Rtr2	1611
326	1	Rtr2	1610
327	1	Rtr2	1606
328	1	Rtr2	841
329	1	Rtr2	117
330	1	Rtr2	172
331	1	Rtr2	158
332	1	Rtr2	171
333	1	Rtr2	70
334	1	Rtr2	51
335	1	Rtr2	108
336	1	Rtr2	91
337	1	Rtr2	79
338	1	Rtr2	61
339	1	Rtr2	51
340	1	Rtr2	105
341	1	Rtr2	106
342	1	Rtr2	76
343	1	Rtr2	71
344	1	Rtr2	83
345	1	Rtr2	840
346	1	Rtr2	1575
347	1	Rtr2	1562
348	1	Rtr2	1544
349	1	Rtr2	838
350	1	Rtr2	168
351	1	Rtr2	167
352	1	Rtr2	128
353	1	Rtr2	75
354	1	Rtr2	79
355	1	Rtr2	136
356	1	Rtr2	133
357	1	Rtr2	128
358	1	Rtr2	79
359	1	Rtr2	53
360	1	Rtr2	101
361	1	Rtr2	120
362	1	Rtr2	109
363	1	Rtr2	97
364	1	Rtr2	84
365	1	Rtr2	146
366	1	Rtr2	856
367	1	Rtr2	1564
368	1	Rtr2	1534
369	1	Rtr2	1517
370	1	Rtr2	875
371	1	Rtr2	158
372	1	Rtr2	143
373	1	Rtr2	89
374	1	Rtr2	78
375	1	Rtr2	133
376	1	Rtr2	313
377	1	Rtr2	275
378	1	Rtr2	217
379	1	Rtr2	220
380	1	Rtr2	168
381	1	Rtr2	152
382	1	Rtr2	138
383	1	Rtr2	78
384	1	Rtr2	81
385	1	Rtr2	136
386	1	Rtr2	145
387	1	Rtr2	849
388	1	Rtr2	1511
389	1	Rtr2	1525
390	1	Rtr2	1585
391	1	Rtr2	866
392	1	Rtr2	147
393	1	Rtr2	64
394	1	Rtr2	66
395	1	Rtr2	115
396	1	Rtr2	127
397	1	Rtr2	109
398	1	Rtr2	67
399	1	Rtr2	52
400	1	Rtr2	105
401	1	Rtr2	102
402	1	Rtr2	82
403	1	Rtr2	69
404	1	Rtr2	69
405	1	Rtr2	146
406	1	Rtr2	111
407	1	Rtr2	107
408	1	Rtr2	771
409	1	Rtr2	1494
410	1	Rtr2	1559
411	1	Rtr2	1553
412	1	Rtr2	855
413	1	Rtr2	104
414	1	Rtr2	83
415	1	Rtr2	139
416	1	Rtr2	144
417	1	Rtr2	144
418	1	Rtr2	96
419	1	Rtr2	116
420	1	Rtr2	183
421	1	Rtr2	179
422	1	Rtr2	160
423	1	Rtr2	94
424	1	Rtr2	79
425	1	Rtr2	152
426	1	Rtr2	115
427	1	Rtr2	133
428	1	Rtr2	84
429	1	Rtr2	785
430	1	Rtr2	1544
431	1	Rtr2	1547
432	1	Rtr2	1554
433	1	Rtr2	933
434	1	Rtr2	193
435	1	Rtr2	248
436	1	Rtr2	228
437	1	Rtr2	146
438	1	Rtr2	81
439	1	Rtr2	79
440	1	Rtr2	123
441	1	Rtr2	116
442	1	Rtr2	117
443	1	Rtr2	96
444	1	Rtr2	70
445	1	Rtr2	110
446	1	Rtr2	126
447	1	Rtr2	110
448	1	Rtr2	83
449	1	Rtr2	77
450	1	Rtr2	830
451	1	Rtr2	1542
452	1	Rtr2	1540
453	1	Rtr2	1491
454	1	Rtr2	804
455	1	Rtr2	158
456	1	Rtr2	143
457	1	Rtr2	122
458	1	Rtr2	78
459	1	Rtr2	58
460	1	Rtr2	118
461	1	Rtr2	88
462	1	Rtr2	95
463	1	Rtr2	65
464	1	Rtr2	67
465	1	Rtr2	105
466	1	Rtr2	111
467	1	Rtr2	96
468	1	Rtr2	70
469	1	Rtr2	53
470	1	Rtr2	105
471	1	Rtr2	803
472	1	Rtr2	1525
473	1	Rtr2	1479
474	1	Rtr2	1473
475	1	Rtr2	846
476	1	Rtr2	154
477	1	Rtr2	124
478	1	Rtr2	63
479	1	Rtr2	76
480	1	Rtr2	154
481	1	Rtr2	145
482	1	Rtr2	144
483	1	Rtr2	110
484	1	Rtr2	72
485	1	Rtr2	108
486	1	Rtr2	104
487	1	Rtr2	112
488	1	Rtr2	90
489	1	Rtr2	72
490	1	Rtr2	137
491	1	Rtr2	285
492	1	Rtr2	922
493	1	Rtr2	1583
494	1	Rtr2	1582
495	1	Rtr2	1520
496	1	Rtr2	857
497	1	Rtr2	153
498	1	Rtr2	101
499	1	Rtr2	90
500	1	Rtr2	141
501	1	Rtr2	132
502	1	Rtr2	127
503	1	Rtr2	72
504	1	Rtr2	75
505	1	Rtr2	131
506	1	Rtr2	114
507	1	Rtr2	103
508	1	Rtr2	68
509	1	Rtr2	63
510	1	Rtr2	119
511	1	Rtr2	100
512	1	Rtr2	105
513	1	Rtr2	758
514	1	Rtr2	1465
515	1	Rtr2	1519
516	1	Rtr2	1515
517	1	Rtr2	849
518	1	Rtr2	104
519	1	Rtr2	109
520	1	Rtr2	149
521	1	Rtr2	166
522	1	Rtr2	157
523	1	Rtr2	73
524	1	Rtr2	55
525	1	Rtr2	109
526	1	Rtr2	95
527	1	Rtr2	115
528	1	Rtr2	75
529	1	Rtr2	56
530	1	Rtr2	109
531	1	Rtr2	107
532	1	Rtr2	116
533	1	Rtr2	66
534	1	Rtr2	751
535	1	Rtr2	1484
536	1	Rtr2	1503
537	1	Rtr2	1488
538	1	Rtr2	786
539	1	Rtr2	87
540	1	Rtr2	112
541	1	Rtr2	119
542	1	Rtr2	130
543	1	Rtr2	92
544	1	Rtr2	72
545	1	Rtr2	117
546	1	Rtr2	132
547	1	Rtr2	274
548	1	Rtr2	214
549	1	Rtr2	204
550	1	Rtr2	251
551	1	Rtr2	143
552	1	Rtr2	147
553	1	Rtr2	70
554	1	Rtr2	40
555	1	Rtr2	773
556	1	Rtr2	1449
557	1	Rtr2	1460
558	1	Rtr2	1449
559	1	Rtr2	790
560	1	Rtr2	173
561	1	Rtr2	134
562	1	Rtr2	141
563	1	Rtr2	87
564	1	Rtr2	235
565	1	Rtr2	268
566	1	Rtr2	282
567	1	Rtr2	257
568	1	Rtr2	105
569	1	Rtr2	81
570	1	Rtr2	125
571	1	Rtr2	146
572	1	Rtr2	108
573	1	Rtr2	54
574	1	Rtr2	67
575	1	Rtr2	98
576	1	Rtr2	768
577	1	Rtr2	1465
578	1	Rtr2	1452
579	1	Rtr2	1445
580	1	Rtr2	819
581	1	Rtr2	143
582	1	Rtr2	114
583	1	Rtr2	63
584	1	Rtr2	74
585	1	Rtr2	114
586	1	Rtr2	137
587	1	Rtr2	117
588	1	Rtr2	57
589	1	Rtr2	59
590	1	Rtr2	85
591	1	Rtr2	102
592	1	Rtr2	111
593	1	Rtr2	66
594	1	Rtr2	76
595	1	Rtr2	135
596	1	Rtr2	136
597	1	Rtr2	791
598	1	Rtr2	1431
599	1	Rtr2	1445
600	1	Rtr2	1494
601	1	Rtr2	819
602	1	Rtr2	141
603	1	Rtr2	750
604	1	Rtr2	1422
605	1	Rtr2	1468
606	1	Rtr2	1464
607	1	Rtr2	812
608	1	Rtr2	111
609	1	Rtr2	97
610	1	Rtr2	151
611	1	Rtr2	134
612	1	Rtr2	130
613	1	Rtr2	67
614	1	Rtr2	61
615	1	Rtr2	111
616	1	Rtr2	98
617	1	Rtr2	99
618	1	Rtr2	57
619	1	Rtr2	63
620	1	Rtr2	92
621	1	Rtr2	95
622	1	Rtr2	104
623	1	Rtr2	247
624	1	Rtr2	863
625	1	Rtr2	1572
626	1	Rtr2	1569
627	1	Rtr2	1446
628	1	Rtr2	764
629	1	Rtr2	81
630	1	Rtr2	125
631	1	Rtr2	128
632	1	Rtr2	124
633	1	Rtr2	78
634	1	Rtr2	74
635	1	Rtr2	117
636	1	Rtr2	114
637	1	Rtr2	125
638	1	Rtr2	70
639	1	Rtr2	60
640	1	Rtr2	98
641	1	Rtr2	117
642	1	Rtr2	88
643	1	Rtr2	78
644	1	Rtr2	93
645	1	Rtr2	788
646	1	Rtr2	1463
647	1	Rtr2	1455
648	1	Rtr2	1403
649	1	Rtr2	747
650	1	Rtr2	124
651	1	Rtr2	110
652	1	Rtr2	109
653	1	Rtr2	64
654	1	Rtr2	56
655	1	Rtr2	103
656	1	Rtr2	101
657	1	Rtr2	91
658	1	Rtr2	45
659	1	Rtr2	52
660	1	Rtr2	87
661	1	Rtr2	81
662	1	Rtr2	74
663	1	Rtr2	67
664	1	Rtr2	72
665	1	Rtr2	99
666	1	Rtr2	745
667	1	Rtr2	1434
668	1	Rtr2	1398
669	1	Rtr2	1391
670	1	Rtr2	782
671	1	Rtr2	108
672	1	Rtr2	86
673	1	Rtr2	60
674	1	Rtr2	46
675	1	Rtr2	77
676	1	Rtr2	88
677	1	Rtr2	68
678	1	Rtr2	56
679	1	Rtr2	212
680	1	Rtr2	254
681	1	Rtr2	241
682	1	Rtr2	226
683	1	Rtr2	66
684	1	Rtr2	80
685	1	Rtr2	125
686	1	Rtr2	115
687	1	Rtr2	761
688	1	Rtr2	1365
689	1	Rtr2	1384
690	1	Rtr2	1422
691	1	Rtr2	779
692	1	Rtr2	138
693	1	Rtr2	87
694	1	Rtr2	77
695	1	Rtr2	119
696	1	Rtr2	122
697	1	Rtr2	111
698	1	Rtr2	64
699	1	Rtr2	71
700	1	Rtr2	111
701	1	Rtr2	128
702	1	Rtr2	111
703	1	Rtr2	70
704	1	Rtr2	61
705	1	Rtr2	103
706	1	Rtr2	106
707	1	Rtr2	104
708	1	Rtr2	720
709	1	Rtr2	1381
710	1	Rtr2	1419
711	1	Rtr2	1418
712	1	Rtr2	785
713	1	Rtr2	94
714	1	Rtr2	82
715	1	Rtr2	121
716	1	Rtr2	140
717	1	Rtr2	104
718	1	Rtr2	49
719	1	Rtr2	36
720	1	Rtr2	71
721	1	Rtr2	79
722	1	Rtr2	85
723	1	Rtr2	63
724	1	Rtr2	80
725	1	Rtr2	114
726	1	Rtr2	118
727	1	Rtr2	104
728	1	Rtr2	53
729	1	Rtr2	706
730	1	Rtr2	1394
731	1	Rtr2	1385
732	1	Rtr2	1383
733	1	Rtr2	743
734	1	Rtr2	95
735	1	Rtr2	121
736	1	Rtr2	116
737	1	Rtr2	128
738	1	Rtr2	58
739	1	Rtr2	58
740	1	Rtr2	70
741	1	Rtr2	70
742	1	Rtr2	234
743	1	Rtr2	191
744	1	Rtr2	195
745	1	Rtr2	245
746	1	Rtr2	132
747	1	Rtr2	135
748	1	Rtr2	58
749	1	Rtr2	57
750	1	Rtr2	737
751	1	Rtr2	1395
752	1	Rtr2	1391
753	1	Rtr2	1368
754	1	Rtr2	748
755	1	Rtr2	144
756	1	Rtr2	125
757	1	Rtr2	117
758	1	Rtr2	72
759	1	Rtr2	52
760	1	Rtr2	78
761	1	Rtr2	82
762	1	Rtr2	78
763	1	Rtr2	59
764	1	Rtr2	62
765	1	Rtr2	99
766	1	Rtr2	96
767	1	Rtr2	68
768	1	Rtr2	43
769	1	Rtr2	53
770	1	Rtr2	218
771	1	Rtr2	826
772	1	Rtr2	1464
773	1	Rtr2	1451
774	1	Rtr2	1349
775	1	Rtr2	758
776	1	Rtr2	104
777	1	Rtr2	96
778	1	Rtr2	48
779	1	Rtr2	72
780	1	Rtr2	108
781	1	Rtr2	99
782	1	Rtr2	84
783	1	Rtr2	56
784	1	Rtr2	42
785	1	Rtr2	99
786	1	Rtr2	77
787	1	Rtr2	79
788	1	Rtr2	55
789	1	Rtr2	43
790	1	Rtr2	76
791	1	Rtr2	67
792	1	Rtr2	710
793	1	Rtr2	1332
794	1	Rtr2	1340
795	1	Rtr2	1365
796	1	Rtr2	750
797	1	Rtr2	118
798	1	Rtr2	61
799	1	Rtr2	43
800	1	Rtr2	81
801	1	Rtr2	95
802	1	Rtr2	73
803	1	Rtr2	53
804	1	Rtr2	52
805	1	Rtr2	75
806	1	Rtr2	75
807	1	Rtr2	66
808	1	Rtr2	51
809	1	Rtr2	37
810	1	Rtr2	72
811	1	Rtr2	65
812	1	Rtr2	64
813	1	Rtr2	671
814	1	Rtr2	1320
815	1	Rtr2	1347
816	1	Rtr2	1349
817	1	Rtr2	741
818	1	Rtr2	92
819	1	Rtr2	72
820	1	Rtr2	106
821	1	Rtr2	101
822	1	Rtr2	107
823	1	Rtr2	74
824	1	Rtr2	61
825	1	Rtr2	90
826	1	Rtr2	94
827	1	Rtr2	85
828	1	Rtr2	67
829	1	Rtr2	47
830	1	Rtr2	68
831	1	Rtr2	92
832	1	Rtr2	80
833	1	Rtr2	50
834	1	Rtr2	665
835	1	Rtr2	1325
836	1	Rtr2	1345
837	1	Rtr2	1352
838	1	Rtr2	724
839	1	Rtr2	217
840	1	Rtr2	223
841	1	Rtr2	238
842	1	Rtr2	238
843	1	Rtr2	76
844	1	Rtr2	61
845	1	Rtr2	72
846	1	Rtr2	92
847	1	Rtr2	98
848	1	Rtr2	52
849	1	Rtr2	47
850	1	Rtr2	82
851	1	Rtr2	76
852	1	Rtr2	62
853	1	Rtr2	50
854	1	Rtr2	42
855	1	Rtr2	678
856	1	Rtr2	1319
857	1	Rtr2	1321
858	1	Rtr2	1313
859	1	Rtr2	700
860	1	Rtr2	96
861	1	Rtr2	94
862	1	Rtr2	108
863	1	Rtr2	83
864	1	Rtr2	71
865	1	Rtr2	102
866	1	Rtr2	107
867	1	Rtr2	102
868	1	Rtr2	73
869	1	Rtr2	46
870	1	Rtr2	76
871	1	Rtr2	66
872	1	Rtr2	66
873	1	Rtr2	63
874	1	Rtr2	58
875	1	Rtr2	82
876	1	Rtr2	697
877	1	Rtr2	1327
878	1	Rtr2	1317
879	1	Rtr2	1310
880	1	Rtr2	724
881	1	Rtr2	103
882	1	Rtr2	101
883	1	Rtr2	55
884	1	Rtr2	52
885	1	Rtr2	94
886	1	Rtr2	71
887	1	Rtr2	75
888	1	Rtr2	55
889	1	Rtr2	66
890	1	Rtr2	110
891	1	Rtr2	230
892	1	Rtr2	193
893	1	Rtr2	168
894	1	Rtr2	165
895	1	Rtr2	115
896	1	Rtr2	97
897	1	Rtr2	707
898	1	Rtr2	1289
899	1	Rtr2	1295
900	1	Rtr2	1324
901	1	Rtr2	725
902	1	Rtr2	110
903	1	Rtr2	673
904	1	Rtr2	1281
905	1	Rtr2	1323
906	1	Rtr2	1318
907	1	Rtr2	706
908	1	Rtr2	76
909	1	Rtr2	70
910	1	Rtr2	95
911	1	Rtr2	89
912	1	Rtr2	95
913	1	Rtr2	58
914	1	Rtr2	32
915	1	Rtr2	67
916	1	Rtr2	62
917	1	Rtr2	59
918	1	Rtr2	45
919	1	Rtr2	43
920	1	Rtr2	71
921	1	Rtr2	79
922	1	Rtr2	57
923	1	Rtr2	62
924	1	Rtr2	649
925	1	Rtr2	1295
926	1	Rtr2	1297
927	1	Rtr2	1299
928	1	Rtr2	685
929	1	Rtr2	77
930	1	Rtr2	99
931	1	Rtr2	92
932	1	Rtr2	96
933	1	Rtr2	57
934	1	Rtr2	52
935	1	Rtr2	80
936	1	Rtr2	77
937	1	Rtr2	224
938	1	Rtr2	187
939	1	Rtr2	174
940	1	Rtr2	190
941	1	Rtr2	86
942	1	Rtr2	93
943	1	Rtr2	59
944	1	Rtr2	41
945	1	Rtr2	664
946	1	Rtr2	1280
947	1	Rtr2	1285
948	1	Rtr2	1266
949	1	Rtr2	664
950	1	Rtr2	88
951	1	Rtr2	79
952	1	Rtr2	73
953	1	Rtr2	56
954	1	Rtr2	54
955	1	Rtr2	66
956	1	Rtr2	61
957	1	Rtr2	57
958	1	Rtr2	62
959	1	Rtr2	23
960	1	Rtr2	45
961	1	Rtr2	36
962	1	Rtr2	42
963	1	Rtr2	50
964	1	Rtr2	47
965	1	Rtr2	65
966	1	Rtr2	662
967	1	Rtr2	1260
968	1	Rtr2	1255
969	1	Rtr2	1255
970	1	Rtr2	694
971	1	Rtr2	68
972	1	Rtr2	63
973	1	Rtr2	46
974	1	Rtr2	49
975	1	Rtr2	70
976	1	Rtr2	70
977	1	Rtr2	68
978	1	Rtr2	49
979	1	Rtr2	46
980	1	Rtr2	80
981	1	Rtr2	60
982	1	Rtr2	57
983	1	Rtr2	47
984	1	Rtr2	46
985	1	Rtr2	73
986	1	Rtr2	67
987	1	Rtr2	660
988	1	Rtr2	1241
989	1	Rtr2	1248
990	1	Rtr2	1270
991	1	Rtr2	691
992	1	Rtr2	94
993	1	Rtr2	200
994	1	Rtr2	162
995	1	Rtr2	187
996	1	Rtr2	183
997	1	Rtr2	80
998	1	Rtr2	43
999	1	Rtr2	41
1000	1	Rtr2	79
1001	1	Rtr2	191
1002	1	Rtr2	171
1003	1	Rtr2	728
1004	1	Rtr2	1329
1005	1	Rtr2	1266
1006	1	Rtr2	1263
1007	1	Rtr2	676
1008	1	Rtr2	64
1009	1	Rtr2	54
1010	1	Rtr2	70
1011	1	Rtr2	88
1012	1	Rtr2	87
1013	1	Rtr2	50
1014	1	Rtr2	27
1015	1	Rtr2	55
1016	1	Rtr2	48
1017	1	Rtr2	51
1018	1	Rtr2	33
1019	1	Rtr2	42
1020	1	Rtr2	72
1021	1	Rtr2	66
1022	1	Rtr2	42
1023	1	Rtr2	43
1024	1	Rtr2	633
1025	1	Rtr2	1243
1026	1	Rtr2	1253
1027	1	Rtr2	1248
1028	1	Rtr2	652
1029	1	Rtr2	58
1030	1	Rtr2	67
1031	1	Rtr2	69
1032	1	Rtr2	50
1033	1	Rtr2	38
1034	1	Rtr2	38
1035	1	Rtr2	41
1036	1	Rtr2	53
1037	1	Rtr2	34
1038	1	Rtr2	24
1039	1	Rtr2	47
1040	1	Rtr2	65
1041	1	Rtr2	72
1042	1	Rtr2	59
1043	1	Rtr2	32
1044	1	Rtr2	44
1045	1	Rtr2	645
1046	1	Rtr2	1227
1047	1	Rtr2	1237
1048	1	Rtr2	1224
1049	1	Rtr2	652
1050	1	Rtr2	82
1051	1	Rtr2	83
1052	1	Rtr2	81
1053	1	Rtr2	43
1054	1	Rtr2	26
1055	1	Rtr2	40
1056	1	Rtr2	192
1057	1	Rtr2	160
1058	1	Rtr2	163
1059	1	Rtr2	155
1060	1	Rtr2	80
1061	1	Rtr2	85
1062	1	Rtr2	68
1063	1	Rtr2	56
1064	1	Rtr2	40
1065	1	Rtr2	58
1066	1	Rtr2	639
1067	1	Rtr2	1226
1068	1	Rtr2	1213
1069	1	Rtr2	1219
1070	1	Rtr2	668
1071	1	Rtr2	85
1072	1	Rtr2	73
1073	1	Rtr2	48
1074	1	Rtr2	52
1075	1	Rtr2	70
1076	1	Rtr2	63
1077	1	Rtr2	70
1078	1	Rtr2	54
1079	1	Rtr2	42
1080	1	Rtr2	63
1081	1	Rtr2	62
1082	1	Rtr2	58
1083	1	Rtr2	44
1084	1	Rtr2	29
1085	1	Rtr2	63
1086	1	Rtr2	60
1087	1	Rtr2	637
1088	1	Rtr2	1197
1089	1	Rtr2	1209
1090	1	Rtr2	1223
1091	1	Rtr2	653
1092	1	Rtr2	67
1093	1	Rtr2	67
1094	1	Rtr2	33
1095	1	Rtr2	54
1096	1	Rtr2	58
1097	1	Rtr2	43
1098	1	Rtr2	28
1099	1	Rtr2	28
1100	1	Rtr2	39
1101	1	Rtr2	39
1102	1	Rtr2	29
1103	1	Rtr2	35
1104	1	Rtr2	19
1105	1	Rtr2	52
1106	1	Rtr2	61
1107	1	Rtr2	47
1108	1	Rtr2	614
1109	1	Rtr2	1192
1110	1	Rtr2	1218
1111	1	Rtr2	1327
1112	1	Rtr2	728
1113	1	Rtr2	130
1114	1	Rtr2	126
1115	1	Rtr2	68
1116	1	Rtr2	74
1117	1	Rtr2	63
1118	1	Rtr2	44
1119	1	Rtr2	46
1120	1	Rtr2	52
1121	1	Rtr2	64
1122	1	Rtr2	58
1123	1	Rtr2	38
1124	1	Rtr2	36
1125	1	Rtr2	58
1126	1	Rtr2	57
1127	1	Rtr2	57
1128	1	Rtr2	42
1129	1	Rtr2	612
1130	1	Rtr2	1207
1131	1	Rtr2	1203
1132	1	Rtr2	1209
1133	1	Rtr2	626
1134	1	Rtr2	54
1135	1	Rtr2	61
1136	1	Rtr2	59
1137	1	Rtr2	46
1138	1	Rtr2	29
1139	1	Rtr2	24
1140	1	Rtr2	37
1141	1	Rtr2	50
1142	1	Rtr2	39
1143	1	Rtr2	33
1144	1	Rtr2	31
1145	1	Rtr2	42
1146	1	Rtr2	48
1147	1	Rtr2	35
1148	1	Rtr2	38
1149	1	Rtr2	26
1150	1	Rtr2	605
1151	1	Rtr2	1172
1152	1	Rtr2	1183
1153	1	Rtr2	1180
1154	1	Rtr2	626
1155	1	Rtr2	71
1156	1	Rtr2	67
1157	1	Rtr2	46
1158	1	Rtr2	39
1159	1	Rtr2	36
1160	1	Rtr2	49
1161	1	Rtr2	175
1162	1	Rtr2	145
1163	1	Rtr2	123
1164	1	Rtr2	123
1165	1	Rtr2	63
1166	1	Rtr2	47
1167	1	Rtr2	43
1168	1	Rtr2	24
1169	1	Rtr2	33
1170	1	Rtr2	49
1171	1	Rtr2	603
1172	1	Rtr2	1173
1173	1	Rtr2	1174
1174	1	Rtr2	1172
1175	1	Rtr2	630
1176	1	Rtr2	78
1177	1	Rtr2	62
1178	1	Rtr2	20
1179	1	Rtr2	25
1180	1	Rtr2	36
1181	1	Rtr2	24
1182	1	Rtr2	23
1183	1	Rtr2	27
1184	1	Rtr2	29
1185	1	Rtr2	50
1186	1	Rtr2	22
1187	1	Rtr2	37
1188	1	Rtr2	34
1189	1	Rtr2	39
1190	1	Rtr2	56
1191	1	Rtr2	52
1192	1	Rtr2	607
1193	1	Rtr2	1163
1194	1	Rtr2	1159
1195	1	Rtr2	1177
1196	1	Rtr2	621
1197	1	Rtr2	75
1198	1	Rtr2	56
1199	1	Rtr2	51
1200	1	Rtr2	59
1201	1	Rtr2	50
1202	1	Rtr2	44
1203	1	Rtr2	28
1204	1	Rtr2	20
1205	1	Rtr2	36
1206	1	Rtr2	32
1207	1	Rtr2	30
1208	1	Rtr2	20
1209	1	Rtr2	32
1210	1	Rtr2	37
1211	1	Rtr2	47
1212	1	Rtr2	34
1213	1	Rtr2	586
1214	1	Rtr2	1149
1215	1	Rtr2	1171
1216	1	Rtr2	1172
1217	1	Rtr2	606
1218	1	Rtr2	47
1219	1	Rtr2	34
1220	1	Rtr2	43
1221	1	Rtr2	159
1222	1	Rtr2	111
1223	1	Rtr2	106
1224	1	Rtr2	102
1225	1	Rtr2	48
1226	1	Rtr2	50
1227	1	Rtr2	37
1228	1	Rtr2	22
1229	1	Rtr2	21
1230	1	Rtr2	31
1231	1	Rtr2	35
1232	1	Rtr2	33
1233	1	Rtr2	26
1234	1	Rtr2	575
1235	1	Rtr2	1151
1236	1	Rtr2	1154
1237	1	Rtr2	1149
1238	1	Rtr2	596
1239	1	Rtr2	41
1240	1	Rtr2	37
1241	1	Rtr2	53
1242	1	Rtr2	35
1243	1	Rtr2	26
1244	1	Rtr2	17
1245	1	Rtr2	28
1246	1	Rtr2	40
1247	1	Rtr2	25
1248	1	Rtr2	19
1249	1	Rtr2	30
1250	1	Rtr2	33
1251	1	Rtr2	39
1252	1	Rtr2	47
1253	1	Rtr2	25
1254	1	Rtr2	18
1255	1	Rtr2	586
1256	1	Rtr2	1129
1257	1	Rtr2	1141
1258	1	Rtr2	1132
1259	1	Rtr2	590
1260	1	Rtr2	41
1261	1	Rtr2	30
1262	1	Rtr2	24
1263	1	Rtr2	21
1264	1	Rtr2	27
1265	1	Rtr2	23
1266	1	Rtr2	181
1267	1	Rtr2	144
1268	1	Rtr2	131
1269	1	Rtr2	127
1270	1	Rtr2	37
1271	1	Rtr2	30
1272	1	Rtr2	29
1273	1	Rtr2	30
1274	1	Rtr2	26
1275	1	Rtr2	29
1276	1	Rtr2	577
1277	1	Rtr2	1118
1278	1	Rtr2	1126
1279	1	Rtr2	1125
1280	1	Rtr2	601
1281	1	Rtr2	53
1282	1	Rtr2	59
1283	1	Rtr2	35
1284	1	Rtr2	24
1285	1	Rtr2	37
1286	1	Rtr2	42
1287	1	Rtr2	27
1288	1	Rtr2	20
1289	1	Rtr2	25
1290	1	Rtr2	34
1291	1	Rtr2	27
1292	1	Rtr2	19
1293	1	Rtr2	17
1294	1	Rtr2	29
1295	1	Rtr2	28
1296	1	Rtr2	21
1297	1	Rtr2	570
1298	1	Rtr2	1097
1299	1	Rtr2	1112
1300	1	Rtr2	1126
1301	1	Rtr2	584
1302	1	Rtr2	32
1303	1	Rtr2	567
1304	1	Rtr2	1101
1305	1	Rtr2	1114
1306	1	Rtr2	1117
1307	1	Rtr2	580
1308	1	Rtr2	39
1309	1	Rtr2	28
1310	1	Rtr2	36
1311	1	Rtr2	29
1312	1	Rtr2	17
1313	1	Rtr2	23
1314	1	Rtr2	22
1315	1	Rtr2	21
1316	1	Rtr2	23
1317	1	Rtr2	22
1318	1	Rtr2	12
1319	1	Rtr2	19
1320	1	Rtr2	23
1321	1	Rtr2	176
1322	1	Rtr2	154
1323	1	Rtr2	135
1324	1	Rtr2	663
1325	1	Rtr2	1120
1326	1	Rtr2	1117
1327	1	Rtr2	1117
1328	1	Rtr2	572
1329	1	Rtr2	34
1330	1	Rtr2	36
1331	1	Rtr2	30
1332	1	Rtr2	28
1333	1	Rtr2	25
1334	1	Rtr2	23
1335	1	Rtr2	32
1336	1	Rtr2	34
1337	1	Rtr2	11
1338	1	Rtr2	36
1339	1	Rtr2	21
1340	1	Rtr2	28
1341	1	Rtr2	18
1342	1	Rtr2	22
1343	1	Rtr2	25
1344	1	Rtr2	17
1345	1	Rtr2	554
1346	1	Rtr2	1083
1347	1	Rtr2	1092
1348	1	Rtr2	1090
1349	1	Rtr2	570
1350	1	Rtr2	41
1351	1	Rtr2	34
1352	1	Rtr2	21
1353	1	Rtr2	22
1354	1	Rtr2	16
1355	1	Rtr2	28
1356	1	Rtr2	35
1357	1	Rtr2	37
1358	1	Rtr2	15
1359	1	Rtr2	17
1360	1	Rtr2	27
1361	1	Rtr2	29
1362	1	Rtr2	21
1363	1	Rtr2	16
1364	1	Rtr2	33
1365	1	Rtr2	39
1366	1	Rtr2	556
1367	1	Rtr2	1078
1368	1	Rtr2	1082
1369	1	Rtr2	1082
1370	1	Rtr2	570
1371	1	Rtr2	40
1372	1	Rtr2	27
1373	1	Rtr2	22
1374	1	Rtr2	21
1375	1	Rtr2	34
1376	1	Rtr2	138
1377	1	Rtr2	108
1378	1	Rtr2	102
1379	1	Rtr2	85
1380	1	Rtr2	19
1381	1	Rtr2	21
1382	1	Rtr2	19
1383	1	Rtr2	17
1384	1	Rtr2	19
1385	1	Rtr2	13
1386	1	Rtr2	18
1387	1	Rtr2	538
1388	1	Rtr2	1061
1389	1	Rtr2	1061
1390	1	Rtr2	1076
1391	1	Rtr2	554
1392	1	Rtr2	32
1393	1	Rtr2	22
1394	1	Rtr2	18
1395	1	Rtr2	24
1396	1	Rtr2	26
1397	1	Rtr2	16
1398	1	Rtr2	18
1399	1	Rtr2	21
1400	1	Rtr2	19
1401	1	Rtr2	19
1402	1	Rtr2	34
1403	1	Rtr2	20
1404	1	Rtr2	23
1405	1	Rtr2	23
1406	1	Rtr2	21
1407	1	Rtr2	22
1408	1	Rtr2	538
1409	1	Rtr2	1056
1410	1	Rtr2	1068
1411	1	Rtr2	1070
1412	1	Rtr2	546
1413	1	Rtr2	24
1414	1	Rtr2	21
1415	1	Rtr2	22
1416	1	Rtr2	27
1417	1	Rtr2	21
1418	1	Rtr2	20
1419	1	Rtr2	16
1420	1	Rtr2	22
1421	1	Rtr2	24
1422	1	Rtr2	20
1423	1	Rtr2	23
1424	1	Rtr2	22
1425	1	Rtr2	19
1426	1	Rtr2	24
1427	1	Rtr2	20
1428	1	Rtr2	23
1429	1	Rtr2	531
1430	1	Rtr2	1055
1431	1	Rtr2	1057
1432	1	Rtr2	1059
1433	1	Rtr2	683
1434	1	Rtr2	125
1435	1	Rtr2	125
1436	1	Rtr2	109
1437	1	Rtr2	22
1438	1	Rtr2	23
1439	1	Rtr2	17
1440	1	Rtr2	21
1441	1	Rtr2	23
1442	1	Rtr2	18
1443	1	Rtr2	16
1444	1	Rtr2	15
1445	1	Rtr2	18
1446	1	Rtr2	15
1447	1	Rtr2	14
1448	1	Rtr2	20
1449	1	Rtr2	20
1450	1	Rtr2	530
1451	1	Rtr2	1040
1452	1	Rtr2	1044
1453	1	Rtr2	1049
1454	1	Rtr2	545
1455	1	Rtr2	26
1456	1	Rtr2	18
1457	1	Rtr2	26
1458	1	Rtr2	15
1459	1	Rtr2	17
1460	1	Rtr2	19
1461	1	Rtr2	19
1462	1	Rtr2	17
1463	1	Rtr2	17
1464	1	Rtr2	15
1465	1	Rtr2	22
1466	1	Rtr2	15
1467	1	Rtr2	16
1468	1	Rtr2	14
1469	1	Rtr2	13
1470	1	Rtr2	18
1471	1	Rtr2	523
1472	1	Rtr2	1032
1473	1	Rtr2	1035
1474	1	Rtr2	1045
1475	1	Rtr2	546
1476	1	Rtr2	37
1477	1	Rtr2	28
1478	1	Rtr2	14
1479	1	Rtr2	20
1480	1	Rtr2	16
1481	1	Rtr2	14
1482	1	Rtr2	18
1483	1	Rtr2	15
1484	1	Rtr2	15
1485	1	Rtr2	16
1486	1	Rtr2	16
1487	1	Rtr2	17
1488	1	Rtr2	17
1489	1	Rtr2	14
1490	1	Rtr2	11
1491	1	Rtr2	146
1492	1	Rtr2	606
1493	1	Rtr2	1101
1494	1	Rtr2	1104
1495	1	Rtr2	1036
1496	1	Rtr2	526
1497	1	Rtr2	29
1498	1	Rtr2	22
1499	1	Rtr2	15
1500	1	Rtr2	14
1501	1	Rtr2	15
1502	1	Rtr2	15
1503	1	Rtr2	26
1504	1	Rtr2	14
1505	1	Rtr2	14
1506	1	Rtr2	16
1507	1	Rtr2	18
1508	1	Rtr2	13
1509	1	Rtr2	20
1510	1	Rtr2	19
1511	1	Rtr2	18
1512	1	Rtr2	18
1513	1	Rtr2	507
1514	1	Rtr2	1013
1515	1	Rtr2	1025
1516	1	Rtr2	1026
1517	1	Rtr2	532
1518	1	Rtr2	22
1519	1	Rtr2	12
1520	1	Rtr2	15
1521	1	Rtr2	18
1522	1	Rtr2	16
1523	1	Rtr2	17
1524	1	Rtr2	15
1525	1	Rtr2	14
1526	1	Rtr2	14
1527	1	Rtr2	14
1528	1	Rtr2	16
1529	1	Rtr2	9
1530	1	Rtr2	13
1531	1	Rtr2	21
1532	1	Rtr2	19
1533	1	Rtr2	15
1534	1	Rtr2	510
1535	1	Rtr2	1004
1536	1	Rtr2	1015
1537	1	Rtr2	1016
1538	1	Rtr2	519
1539	1	Rtr2	23
1540	1	Rtr2	22
1541	1	Rtr2	14
1542	1	Rtr2	16
1543	1	Rtr2	17
1544	1	Rtr2	18
1545	1	Rtr2	14
1546	1	Rtr2	13
1547	1	Rtr2	148
1548	1	Rtr2	93
1549	1	Rtr2	88
1550	1	Rtr2	86
1551	1	Rtr2	15
1552	1	Rtr2	16
1553	1	Rtr2	13
1554	1	Rtr2	12
1555	1	Rtr2	501
1556	1	Rtr2	995
1557	1	Rtr2	1003
1558	1	Rtr2	1004
1559	1	Rtr2	517
1560	1	Rtr2	18
1561	1	Rtr2	14
1562	1	Rtr2	16
1563	1	Rtr2	16
1564	1	Rtr2	136
1565	1	Rtr2	126
1566	1	Rtr2	116
1567	1	Rtr2	119
1568	1	Rtr2	22
1569	1	Rtr2	17
1570	1	Rtr2	17
1571	1	Rtr2	16
1572	1	Rtr2	14
1573	1	Rtr2	18
1574	1	Rtr2	16
1575	1	Rtr2	17
1576	1	Rtr2	503
1577	1	Rtr2	988
1578	1	Rtr2	995
1579	1	Rtr2	991
1580	1	Rtr2	515
1581	1	Rtr2	27
1582	1	Rtr2	19
1583	1	Rtr2	17
1584	1	Rtr2	8
1585	1	Rtr2	14
1586	1	Rtr2	16
1587	1	Rtr2	17
1588	1	Rtr2	14
1589	1	Rtr2	11
1590	1	Rtr2	17
1591	1	Rtr2	23
1592	1	Rtr2	13
1593	1	Rtr2	14
1594	1	Rtr2	11
1595	1	Rtr2	15
1596	1	Rtr2	11
1597	1	Rtr2	496
1598	1	Rtr2	979
1599	1	Rtr2	980
1600	1	Rtr2	987
1601	1	Rtr2	501
1602	1	Rtr2	13
1603	1	Rtr2	489
1604	1	Rtr2	975
1605	1	Rtr2	979
1606	1	Rtr2	980
1607	1	Rtr2	507
1608	1	Rtr2	17
1609	1	Rtr2	11
1610	1	Rtr2	16
1611	1	Rtr2	14
1612	1	Rtr2	12
1613	1	Rtr2	13
1614	1	Rtr2	14
1615	1	Rtr2	11
1616	1	Rtr2	16
1617	1	Rtr2	18
1618	1	Rtr2	12
1619	1	Rtr2	12
1620	1	Rtr2	12
1621	1	Rtr2	13
1622	1	Rtr2	12
1623	1	Rtr2	136
1624	1	Rtr2	567
1625	1	Rtr2	1043
1626	1	Rtr2	1045
1627	1	Rtr2	978
1628	1	Rtr2	495
1629	1	Rtr2	17
1630	1	Rtr2	14
1631	1	Rtr2	15
1632	1	Rtr2	13
1633	1	Rtr2	10
1634	1	Rtr2	11
1635	1	Rtr2	18
1636	1	Rtr2	15
1637	1	Rtr2	12
1638	1	Rtr2	12
1639	1	Rtr2	16
1640	1	Rtr2	14
1641	1	Rtr2	16
1642	1	Rtr2	15
1643	1	Rtr2	13
1644	1	Rtr2	18
1645	1	Rtr2	480
1646	1	Rtr2	954
1647	1	Rtr2	961
1648	1	Rtr2	955
1649	1	Rtr2	493
1650	1	Rtr2	21
1651	1	Rtr2	13
1652	1	Rtr2	15
1653	1	Rtr2	13
1654	1	Rtr2	11
1655	1	Rtr2	12
1656	1	Rtr2	11
1657	1	Rtr2	15
1658	1	Rtr2	18
1659	1	Rtr2	9
1660	1	Rtr2	15
1661	1	Rtr2	15
1662	1	Rtr2	13
1663	1	Rtr2	12
1664	1	Rtr2	13
1665	1	Rtr2	17
1666	1	Rtr2	479
1667	1	Rtr2	947
1668	1	Rtr2	952
1669	1	Rtr2	949
1670	1	Rtr2	485
1671	1	Rtr2	17
1672	1	Rtr2	10
1673	1	Rtr2	13
1674	1	Rtr2	16
1675	1	Rtr2	15
1676	1	Rtr2	18
1677	1	Rtr2	14
1678	1	Rtr2	14
1679	1	Rtr2	125
1680	1	Rtr2	112
1681	1	Rtr2	102
1682	1	Rtr2	100
1683	1	Rtr2	15
1684	1	Rtr2	14
1685	1	Rtr2	14
1686	1	Rtr2	10
1687	1	Rtr2	473
1688	1	Rtr2	939
1689	1	Rtr2	941
1690	1	Rtr2	944
1691	1	Rtr2	483
1692	1	Rtr2	16
1693	1	Rtr2	10
1694	1	Rtr2	11
1695	1	Rtr2	13
1696	1	Rtr2	13
1697	1	Rtr2	12
1698	1	Rtr2	15
1699	1	Rtr2	11
1700	1	Rtr2	9
1701	1	Rtr2	15
1702	1	Rtr2	13
1703	1	Rtr2	8
1704	1	Rtr2	10
1705	1	Rtr2	15
1706	1	Rtr2	8
1707	1	Rtr2	13
1708	1	Rtr2	469
1709	1	Rtr2	925
1710	1	Rtr2	932
1711	1	Rtr2	931
1712	1	Rtr2	476
1713	1	Rtr2	16
1714	1	Rtr2	16
1715	1	Rtr2	13
1716	1	Rtr2	13
1717	1	Rtr2	11
1718	1	Rtr2	16
1719	1	Rtr2	13
1720	1	Rtr2	15
1721	1	Rtr2	10
1722	1	Rtr2	11
1723	1	Rtr2	12
1724	1	Rtr2	14
1725	1	Rtr2	12
1726	1	Rtr2	15
1727	1	Rtr2	12
1728	1	Rtr2	12
1729	1	Rtr2	462
1730	1	Rtr2	920
1731	1	Rtr2	927
1732	1	Rtr2	924
1733	1	Rtr2	471
1734	1	Rtr2	16
1735	1	Rtr2	13
1736	1	Rtr2	11
1737	1	Rtr2	15
1738	1	Rtr2	13
1739	1	Rtr2	14
1740	1	Rtr2	9
1741	1	Rtr2	12
1742	1	Rtr2	140
1743	1	Rtr2	91
1744	1	Rtr2	86
1745	1	Rtr2	83
1746	1	Rtr2	11
1747	1	Rtr2	5
1748	1	Rtr2	10
1749	1	Rtr2	9
1750	1	Rtr2	461
1751	1	Rtr2	911
1752	1	Rtr2	918
1753	1	Rtr2	918
1754	1	Rtr2	463
1755	1	Rtr2	17
1756	1	Rtr2	11
1757	1	Rtr2	10
1758	1	Rtr2	14
1759	1	Rtr2	12
1760	1	Rtr2	15
1761	1	Rtr2	11
1762	1	Rtr2	12
1763	1	Rtr2	14
1764	1	Rtr2	10
1765	1	Rtr2	15
1766	1	Rtr2	8
1767	1	Rtr2	15
1768	1	Rtr2	13
1769	1	Rtr2	10
1770	1	Rtr2	124
1771	1	Rtr2	526
1772	1	Rtr2	965
1773	1	Rtr2	970
1774	1	Rtr2	910
1775	1	Rtr2	463
1776	1	Rtr2	16
1777	1	Rtr2	10
1778	1	Rtr2	9
1779	1	Rtr2	9
1780	1	Rtr2	14
1781	1	Rtr2	17
1782	1	Rtr2	13
1783	1	Rtr2	11
1784	1	Rtr2	13
1785	1	Rtr2	12
1786	1	Rtr2	12
1787	1	Rtr2	14
1788	1	Rtr2	9
1789	1	Rtr2	15
1790	1	Rtr2	10
1791	1	Rtr2	11
1792	1	Rtr2	451
1793	1	Rtr2	892
1794	1	Rtr2	900
1795	1	Rtr2	897
1796	1	Rtr2	463
1797	1	Rtr2	13
1798	1	Rtr2	13
1799	1	Rtr2	9
1800	1	Rtr2	8
1801	1	Rtr2	6
1802	1	Rtr2	12
1803	1	Rtr2	9
1804	1	Rtr2	6
1805	1	Rtr2	13
1806	1	Rtr2	15
1807	1	Rtr2	13
1808	1	Rtr2	12
1809	1	Rtr2	10
1810	1	Rtr2	11
1811	1	Rtr2	11
1812	1	Rtr2	8
1813	1	Rtr2	446
1814	1	Rtr2	888
1815	1	Rtr2	890
1816	1	Rtr2	894
1817	1	Rtr2	453
1818	1	Rtr2	14
1819	1	Rtr2	8
1820	1	Rtr2	9
1821	1	Rtr2	9
1822	1	Rtr2	6
1823	1	Rtr2	13
1824	1	Rtr2	8
1825	1	Rtr2	11
1826	1	Rtr2	9
1827	1	Rtr2	10
1828	1	Rtr2	7
1829	1	Rtr2	12
1830	1	Rtr2	8
1831	1	Rtr2	11
1832	1	Rtr2	8
1833	1	Rtr2	7
1834	1	Rtr2	443
1835	1	Rtr2	879
1836	1	Rtr2	884
1837	1	Rtr2	882
1838	1	Rtr2	451
1839	1	Rtr2	133
1840	1	Rtr2	103
1841	1	Rtr2	101
1842	1	Rtr2	100
1843	1	Rtr2	15
1844	1	Rtr2	9
1845	1	Rtr2	12
1846	1	Rtr2	10
1847	1	Rtr2	12
1848	1	Rtr2	11
1849	1	Rtr2	13
1850	1	Rtr2	9
1851	1	Rtr2	9
1852	1	Rtr2	10
1853	1	Rtr2	10
1854	1	Rtr2	9
1855	1	Rtr2	437
1856	1	Rtr2	870
1857	1	Rtr2	874
1858	1	Rtr2	876
1859	1	Rtr2	445
1860	1	Rtr2	10
1861	1	Rtr2	7
1862	1	Rtr2	10
1863	1	Rtr2	8
1864	1	Rtr2	10
1865	1	Rtr2	6
1866	1	Rtr2	11
1867	1	Rtr2	8
1868	1	Rtr2	9
1869	1	Rtr2	8
1870	1	Rtr2	12
1871	1	Rtr2	9
1872	1	Rtr2	11
1873	1	Rtr2	11
1874	1	Rtr2	9
1875	1	Rtr2	9
1876	1	Rtr2	430
1877	1	Rtr2	862
1878	1	Rtr2	866
1879	1	Rtr2	871
1880	1	Rtr2	443
1881	1	Rtr2	19
1882	1	Rtr2	9
1883	1	Rtr2	10
1884	1	Rtr2	13
1885	1	Rtr2	12
1886	1	Rtr2	9
1887	1	Rtr2	9
1888	1	Rtr2	13
1889	1	Rtr2	10
1890	1	Rtr2	11
1891	1	Rtr2	114
1892	1	Rtr2	70
1893	1	Rtr2	74
1894	1	Rtr2	73
1895	1	Rtr2	11
1896	1	Rtr2	7
1897	1	Rtr2	430
1898	1	Rtr2	853
1899	1	Rtr2	859
1900	1	Rtr2	860
1901	1	Rtr2	440
1902	1	Rtr2	14
1903	1	Rtr2	426
1904	1	Rtr2	841
1905	1	Rtr2	849
1906	1	Rtr2	850
1907	1	Rtr2	433
1908	1	Rtr2	15
1909	1	Rtr2	8
1910	1	Rtr2	8
1911	1	Rtr2	13
1912	1	Rtr2	9
1913	1	Rtr2	12
1914	1	Rtr2	10
1915	1	Rtr2	9
1916	1	Rtr2	8
1917	1	Rtr2	9
1918	1	Rtr2	12
1919	1	Rtr2	9
1920	1	Rtr2	9
1921	1	Rtr2	9
1922	1	Rtr2	8
1923	1	Rtr2	9
1924	1	Rtr2	423
1925	1	Rtr2	836
1926	1	Rtr2	838
1927	1	Rtr2	838
1928	1	Rtr2	428
1929	1	Rtr2	14
1930	1	Rtr2	9
1931	1	Rtr2	11
1932	1	Rtr2	8
1933	1	Rtr2	14
1934	1	Rtr2	9
1935	1	Rtr2	6
1936	1	Rtr2	8
1937	1	Rtr2	113
1938	1	Rtr2	62
1939	1	Rtr2	61
1940	1	Rtr2	62
1941	1	Rtr2	6
1942	1	Rtr2	7
1943	1	Rtr2	7
1944	1	Rtr2	7
1945	1	Rtr2	417
1946	1	Rtr2	827
1947	1	Rtr2	834
1948	1	Rtr2	835
1949	1	Rtr2	426
1950	1	Rtr2	17
1951	1	Rtr2	12
1952	1	Rtr2	10
1953	1	Rtr2	10
1954	1	Rtr2	6
1955	1	Rtr2	10
1956	1	Rtr2	8
1957	1	Rtr2	9
1958	1	Rtr2	6
1959	1	Rtr2	10
1960	1	Rtr2	10
1961	1	Rtr2	6
1962	1	Rtr2	7
1963	1	Rtr2	9
1964	1	Rtr2	7
1965	1	Rtr2	6
1966	1	Rtr2	413
1967	1	Rtr2	821
1968	1	Rtr2	823
1969	1	Rtr2	822
1970	1	Rtr2	421
1971	1	Rtr2	13
1972	1	Rtr2	7
1973	1	Rtr2	11
1974	1	Rtr2	8
1975	1	Rtr2	10
1976	1	Rtr2	8
1977	1	Rtr2	6
1978	1	Rtr2	7
1979	1	Rtr2	10
1980	1	Rtr2	11
1981	1	Rtr2	8
1982	1	Rtr2	8
1983	1	Rtr2	6
1984	1	Rtr2	10
1985	1	Rtr2	10
1986	1	Rtr2	6
1987	1	Rtr2	404
1988	1	Rtr2	810
1989	1	Rtr2	818
1990	1	Rtr2	815
1991	1	Rtr2	418
1992	1	Rtr2	11
1993	1	Rtr2	99
1994	1	Rtr2	60
1995	1	Rtr2	63
1996	1	Rtr2	61
1997	1	Rtr2	6
1998	1	Rtr2	11
1999	1	Rtr2	8
