Time	Node	PitItems
1	1	Rtr2	191
2	1	Rtr2	211
3	1	Rtr2	579
4	1	Rtr2	956
5	1	Rtr2	958
6	1	Rtr2	951
7	1	Rtr2	558
8	1	Rtr2	23
9	1	Rtr2	11
10	1	Rtr2	10
11	1	Rtr2	13
12	1	Rtr2	10
13	1	Rtr2	11
14	1	Rtr2	10
15	1	Rtr2	5
16	1	Rtr2	8
17	1	Rtr2	7
18	1	Rtr2	12
19	1	Rtr2	9
20	1	Rtr2	4
21	1	Rtr2	9
22	1	Rtr2	10
23	1	Rtr2	9
24	1	Rtr2	407
25	1	Rtr2	809
26	1	Rtr2	813
27	1	Rtr2	817
28	1	Rtr2	414
29	1	Rtr2	11
30	1	Rtr2	9
31	1	Rtr2	6
32	1	Rtr2	7
33	1	Rtr2	8
34	1	Rtr2	9
35	1	Rtr2	9
36	1	Rtr2	6
37	1	Rtr2	6
38	1	Rtr2	7
39	1	Rtr2	6
40	1	Rtr2	8
41	1	Rtr2	11
42	1	Rtr2	5
43	1	Rtr2	11
44	1	Rtr2	9
45	1	Rtr2	417
46	1	Rtr2	821
47	1	Rtr2	823
48	1	Rtr2	825
49	1	Rtr2	422
50	1	Rtr2	11
51	1	Rtr2	6
52	1	Rtr2	8
53	1	Rtr2	11
54	1	Rtr2	12
55	1	Rtr2	10
56	1	Rtr2	183
57	1	Rtr2	166
58	1	Rtr2	157
59	1	Rtr2	134
60	1	Rtr2	95
61	1	Rtr2	96
62	1	Rtr2	95
63	1	Rtr2	9
64	1	Rtr2	11
65	1	Rtr2	10
66	1	Rtr2	415
67	1	Rtr2	831
68	1	Rtr2	835
69	1	Rtr2	834
70	1	Rtr2	425
71	1	Rtr2	15
72	1	Rtr2	9
73	1	Rtr2	9
74	1	Rtr2	10
75	1	Rtr2	13
76	1	Rtr2	9
77	1	Rtr2	8
78	1	Rtr2	7
79	1	Rtr2	10
80	1	Rtr2	10
81	1	Rtr2	7
82	1	Rtr2	10
83	1	Rtr2	7
84	1	Rtr2	10
85	1	Rtr2	8
86	1	Rtr2	11
87	1	Rtr2	421
88	1	Rtr2	834
89	1	Rtr2	843
90	1	Rtr2	842
91	1	Rtr2	431
92	1	Rtr2	14
93	1	Rtr2	8
94	1	Rtr2	9
95	1	Rtr2	11
96	1	Rtr2	8
97	1	Rtr2	8
98	1	Rtr2	8
99	1	Rtr2	11
100	1	Rtr2	10
101	1	Rtr2	6
102	1	Rtr2	10
103	1	Rtr2	11
104	1	Rtr2	7
105	1	Rtr2	7
106	1	Rtr2	10
107	1	Rtr2	9
108	1	Rtr2	422
109	1	Rtr2	843
110	1	Rtr2	848
111	1	Rtr2	1003
112	1	Rtr2	632
113	1	Rtr2	180
114	1	Rtr2	159
115	1	Rtr2	127
116	1	Rtr2	126
117	1	Rtr2	128
118	1	Rtr2	13
119	1	Rtr2	9
120	1	Rtr2	11
121	1	Rtr2	11
122	1	Rtr2	10
123	1	Rtr2	11
124	1	Rtr2	9
125	1	Rtr2	10
126	1	Rtr2	13
127	1	Rtr2	10
128	1	Rtr2	10
129	1	Rtr2	433
130	1	Rtr2	852
131	1	Rtr2	858
132	1	Rtr2	856
133	1	Rtr2	433
134	1	Rtr2	18
135	1	Rtr2	9
136	1	Rtr2	10
137	1	Rtr2	11
138	1	Rtr2	12
139	1	Rtr2	8
140	1	Rtr2	10
141	1	Rtr2	10
142	1	Rtr2	8
143	1	Rtr2	6
144	1	Rtr2	12
145	1	Rtr2	10
146	1	Rtr2	9
147	1	Rtr2	13
148	1	Rtr2	13
149	1	Rtr2	10
150	1	Rtr2	436
151	1	Rtr2	866
152	1	Rtr2	867
153	1	Rtr2	868
154	1	Rtr2	444
155	1	Rtr2	20
156	1	Rtr2	15
157	1	Rtr2	13
158	1	Rtr2	6
159	1	Rtr2	12
160	1	Rtr2	10
161	1	Rtr2	177
162	1	Rtr2	171
163	1	Rtr2	172
164	1	Rtr2	186
165	1	Rtr2	154
166	1	Rtr2	154
167	1	Rtr2	149
168	1	Rtr2	11
169	1	Rtr2	11
170	1	Rtr2	7
171	1	Rtr2	438
172	1	Rtr2	868
173	1	Rtr2	876
174	1	Rtr2	876
175	1	Rtr2	445
176	1	Rtr2	20
177	1	Rtr2	12
178	1	Rtr2	11
179	1	Rtr2	12
180	1	Rtr2	12
181	1	Rtr2	16
182	1	Rtr2	10
183	1	Rtr2	13
184	1	Rtr2	8
185	1	Rtr2	12
186	1	Rtr2	6
187	1	Rtr2	8
188	1	Rtr2	14
189	1	Rtr2	12
190	1	Rtr2	6
191	1	Rtr2	9
192	1	Rtr2	443
193	1	Rtr2	878
194	1	Rtr2	882
195	1	Rtr2	881
196	1	Rtr2	453
197	1	Rtr2	14
198	1	Rtr2	9
199	1	Rtr2	9
200	1	Rtr2	9
201	1	Rtr2	8
202	1	Rtr2	10
203	1	Rtr2	8
204	1	Rtr2	10
205	1	Rtr2	11
206	1	Rtr2	12
207	1	Rtr2	10
208	1	Rtr2	10
209	1	Rtr2	9
210	1	Rtr2	8
211	1	Rtr2	12
212	1	Rtr2	10
213	1	Rtr2	449
214	1	Rtr2	886
215	1	Rtr2	891
216	1	Rtr2	887
217	1	Rtr2	455
218	1	Rtr2	16
219	1	Rtr2	12
220	1	Rtr2	13
221	1	Rtr2	170
222	1	Rtr2	194
223	1	Rtr2	167
224	1	Rtr2	158
225	1	Rtr2	134
226	1	Rtr2	131
227	1	Rtr2	126
228	1	Rtr2	17
229	1	Rtr2	8
230	1	Rtr2	11
231	1	Rtr2	8
232	1	Rtr2	13
233	1	Rtr2	12
234	1	Rtr2	452
235	1	Rtr2	896
236	1	Rtr2	900
237	1	Rtr2	899
238	1	Rtr2	460
239	1	Rtr2	17
240	1	Rtr2	10
241	1	Rtr2	13
242	1	Rtr2	12
243	1	Rtr2	12
244	1	Rtr2	10
245	1	Rtr2	10
246	1	Rtr2	12
247	1	Rtr2	14
248	1	Rtr2	14
249	1	Rtr2	12
250	1	Rtr2	12
251	1	Rtr2	9
252	1	Rtr2	9
253	1	Rtr2	17
254	1	Rtr2	12
255	1	Rtr2	459
256	1	Rtr2	905
257	1	Rtr2	906
258	1	Rtr2	906
259	1	Rtr2	464
260	1	Rtr2	16
261	1	Rtr2	13
262	1	Rtr2	8
263	1	Rtr2	12
264	1	Rtr2	12
265	1	Rtr2	9
266	1	Rtr2	149
267	1	Rtr2	148
268	1	Rtr2	138
269	1	Rtr2	161
270	1	Rtr2	136
271	1	Rtr2	140
272	1	Rtr2	135
273	1	Rtr2	17
274	1	Rtr2	12
275	1	Rtr2	10
276	1	Rtr2	457
277	1	Rtr2	907
278	1	Rtr2	921
279	1	Rtr2	918
280	1	Rtr2	472
281	1	Rtr2	18
282	1	Rtr2	13
283	1	Rtr2	15
284	1	Rtr2	14
285	1	Rtr2	14
286	1	Rtr2	11
287	1	Rtr2	15
288	1	Rtr2	13
289	1	Rtr2	11
290	1	Rtr2	12
291	1	Rtr2	13
292	1	Rtr2	12
293	1	Rtr2	14
294	1	Rtr2	12
295	1	Rtr2	12
296	1	Rtr2	9
297	1	Rtr2	466
298	1	Rtr2	920
299	1	Rtr2	924
300	1	Rtr2	925
301	1	Rtr2	477
302	1	Rtr2	16
303	1	Rtr2	468
304	1	Rtr2	929
305	1	Rtr2	935
306	1	Rtr2	931
307	1	Rtr2	479
308	1	Rtr2	18
309	1	Rtr2	13
310	1	Rtr2	12
311	1	Rtr2	11
312	1	Rtr2	12
313	1	Rtr2	14
314	1	Rtr2	11
315	1	Rtr2	14
316	1	Rtr2	16
317	1	Rtr2	13
318	1	Rtr2	16
319	1	Rtr2	13
320	1	Rtr2	17
321	1	Rtr2	171
322	1	Rtr2	189
323	1	Rtr2	198
324	1	Rtr2	625
325	1	Rtr2	1061
326	1	Rtr2	1057
327	1	Rtr2	1055
328	1	Rtr2	477
329	1	Rtr2	20
330	1	Rtr2	14
331	1	Rtr2	13
332	1	Rtr2	9
333	1	Rtr2	14
334	1	Rtr2	10
335	1	Rtr2	10
336	1	Rtr2	11
337	1	Rtr2	14
338	1	Rtr2	15
339	1	Rtr2	16
340	1	Rtr2	16
341	1	Rtr2	12
342	1	Rtr2	14
343	1	Rtr2	13
344	1	Rtr2	12
345	1	Rtr2	477
346	1	Rtr2	944
347	1	Rtr2	945
348	1	Rtr2	952
349	1	Rtr2	489
350	1	Rtr2	20
351	1	Rtr2	11
352	1	Rtr2	11
353	1	Rtr2	8
354	1	Rtr2	13
355	1	Rtr2	12
356	1	Rtr2	15
357	1	Rtr2	12
358	1	Rtr2	13
359	1	Rtr2	11
360	1	Rtr2	12
361	1	Rtr2	14
362	1	Rtr2	14
363	1	Rtr2	14
364	1	Rtr2	19
365	1	Rtr2	13
366	1	Rtr2	487
367	1	Rtr2	961
368	1	Rtr2	958
369	1	Rtr2	956
370	1	Rtr2	486
371	1	Rtr2	18
372	1	Rtr2	15
373	1	Rtr2	14
374	1	Rtr2	9
375	1	Rtr2	11
376	1	Rtr2	192
377	1	Rtr2	179
378	1	Rtr2	176
379	1	Rtr2	163
380	1	Rtr2	141
381	1	Rtr2	140
382	1	Rtr2	133
383	1	Rtr2	16
384	1	Rtr2	11
385	1	Rtr2	9
386	1	Rtr2	13
387	1	Rtr2	488
388	1	Rtr2	968
389	1	Rtr2	970
390	1	Rtr2	975
391	1	Rtr2	499
392	1	Rtr2	24
393	1	Rtr2	19
394	1	Rtr2	22
395	1	Rtr2	15
396	1	Rtr2	18
397	1	Rtr2	13
398	1	Rtr2	15
399	1	Rtr2	14
400	1	Rtr2	16
401	1	Rtr2	9
402	1	Rtr2	9
403	1	Rtr2	17
404	1	Rtr2	18
405	1	Rtr2	19
406	1	Rtr2	11
407	1	Rtr2	18
408	1	Rtr2	493
409	1	Rtr2	968
410	1	Rtr2	980
411	1	Rtr2	981
412	1	Rtr2	505
413	1	Rtr2	17
414	1	Rtr2	12
415	1	Rtr2	11
416	1	Rtr2	17
417	1	Rtr2	16
418	1	Rtr2	19
419	1	Rtr2	12
420	1	Rtr2	13
421	1	Rtr2	16
422	1	Rtr2	19
423	1	Rtr2	13
424	1	Rtr2	17
425	1	Rtr2	15
426	1	Rtr2	16
427	1	Rtr2	10
428	1	Rtr2	15
429	1	Rtr2	500
430	1	Rtr2	987
431	1	Rtr2	988
432	1	Rtr2	992
433	1	Rtr2	647
434	1	Rtr2	192
435	1	Rtr2	197
436	1	Rtr2	200
437	1	Rtr2	144
438	1	Rtr2	110
439	1	Rtr2	103
440	1	Rtr2	20
441	1	Rtr2	12
442	1	Rtr2	13
443	1	Rtr2	21
444	1	Rtr2	15
445	1	Rtr2	14
446	1	Rtr2	15
447	1	Rtr2	14
448	1	Rtr2	14
449	1	Rtr2	13
450	1	Rtr2	501
451	1	Rtr2	986
452	1	Rtr2	996
453	1	Rtr2	996
454	1	Rtr2	506
455	1	Rtr2	19
456	1	Rtr2	17
457	1	Rtr2	15
458	1	Rtr2	10
459	1	Rtr2	18
460	1	Rtr2	14
461	1	Rtr2	18
462	1	Rtr2	17
463	1	Rtr2	15
464	1	Rtr2	19
465	1	Rtr2	12
466	1	Rtr2	13
467	1	Rtr2	19
468	1	Rtr2	14
469	1	Rtr2	16
470	1	Rtr2	9
471	1	Rtr2	501
472	1	Rtr2	1001
473	1	Rtr2	1003
474	1	Rtr2	996
475	1	Rtr2	518
476	1	Rtr2	19
477	1	Rtr2	15
478	1	Rtr2	12
479	1	Rtr2	12
480	1	Rtr2	18
481	1	Rtr2	18
482	1	Rtr2	16
483	1	Rtr2	13
484	1	Rtr2	21
485	1	Rtr2	16
486	1	Rtr2	16
487	1	Rtr2	16
488	1	Rtr2	17
489	1	Rtr2	17
490	1	Rtr2	14
491	1	Rtr2	184
492	1	Rtr2	656
493	1	Rtr2	1143
494	1	Rtr2	1133
495	1	Rtr2	1120
496	1	Rtr2	630
497	1	Rtr2	125
498	1	Rtr2	20
499	1	Rtr2	20
500	1	Rtr2	14
501	1	Rtr2	15
502	1	Rtr2	17
503	1	Rtr2	17
504	1	Rtr2	16
505	1	Rtr2	16
506	1	Rtr2	12
507	1	Rtr2	10
508	1	Rtr2	15
509	1	Rtr2	16
510	1	Rtr2	16
511	1	Rtr2	22
512	1	Rtr2	19
513	1	Rtr2	511
514	1	Rtr2	1017
515	1	Rtr2	1028
516	1	Rtr2	1030
517	1	Rtr2	527
518	1	Rtr2	27
519	1	Rtr2	11
520	1	Rtr2	13
521	1	Rtr2	20
522	1	Rtr2	20
523	1	Rtr2	16
524	1	Rtr2	16
525	1	Rtr2	11
526	1	Rtr2	12
527	1	Rtr2	21
528	1	Rtr2	18
529	1	Rtr2	22
530	1	Rtr2	24
531	1	Rtr2	14
532	1	Rtr2	23
533	1	Rtr2	19
534	1	Rtr2	517
535	1	Rtr2	1025
536	1	Rtr2	1030
537	1	Rtr2	1038
538	1	Rtr2	529
539	1	Rtr2	25
540	1	Rtr2	12
541	1	Rtr2	20
542	1	Rtr2	18
543	1	Rtr2	18
544	1	Rtr2	18
545	1	Rtr2	20
546	1	Rtr2	19
547	1	Rtr2	187
548	1	Rtr2	175
549	1	Rtr2	209
550	1	Rtr2	242
551	1	Rtr2	189
552	1	Rtr2	179
553	1	Rtr2	142
554	1	Rtr2	20
555	1	Rtr2	524
556	1	Rtr2	1027
557	1	Rtr2	1041
558	1	Rtr2	1036
559	1	Rtr2	530
560	1	Rtr2	33
561	1	Rtr2	16
562	1	Rtr2	16
563	1	Rtr2	16
564	1	Rtr2	191
565	1	Rtr2	223
566	1	Rtr2	237
567	1	Rtr2	204
568	1	Rtr2	131
569	1	Rtr2	121
570	1	Rtr2	116
571	1	Rtr2	19
572	1	Rtr2	22
573	1	Rtr2	19
574	1	Rtr2	18
575	1	Rtr2	22
576	1	Rtr2	526
577	1	Rtr2	1035
578	1	Rtr2	1045
579	1	Rtr2	1047
580	1	Rtr2	546
581	1	Rtr2	36
582	1	Rtr2	28
583	1	Rtr2	22
584	1	Rtr2	19
585	1	Rtr2	21
586	1	Rtr2	21
587	1	Rtr2	18
588	1	Rtr2	16
589	1	Rtr2	13
590	1	Rtr2	18
591	1	Rtr2	18
592	1	Rtr2	28
593	1	Rtr2	20
594	1	Rtr2	17
595	1	Rtr2	19
596	1	Rtr2	21
597	1	Rtr2	538
598	1	Rtr2	1059
599	1	Rtr2	1053
600	1	Rtr2	1066
601	1	Rtr2	558
602	1	Rtr2	37
603	1	Rtr2	538
604	1	Rtr2	1065
605	1	Rtr2	1075
606	1	Rtr2	1076
607	1	Rtr2	561
608	1	Rtr2	33
609	1	Rtr2	29
610	1	Rtr2	30
611	1	Rtr2	32
612	1	Rtr2	19
613	1	Rtr2	22
614	1	Rtr2	30
615	1	Rtr2	31
616	1	Rtr2	23
617	1	Rtr2	25
618	1	Rtr2	18
619	1	Rtr2	18
620	1	Rtr2	24
621	1	Rtr2	23
622	1	Rtr2	28
623	1	Rtr2	203
624	1	Rtr2	696
625	1	Rtr2	1225
626	1	Rtr2	1224
627	1	Rtr2	1183
628	1	Rtr2	622
629	1	Rtr2	100
630	1	Rtr2	21
631	1	Rtr2	18
632	1	Rtr2	25
633	1	Rtr2	37
634	1	Rtr2	31
635	1	Rtr2	38
636	1	Rtr2	18
637	1	Rtr2	28
638	1	Rtr2	29
639	1	Rtr2	19
640	1	Rtr2	17
641	1	Rtr2	29
642	1	Rtr2	35
643	1	Rtr2	24
644	1	Rtr2	24
645	1	Rtr2	545
646	1	Rtr2	1076
647	1	Rtr2	1085
648	1	Rtr2	1082
649	1	Rtr2	558
650	1	Rtr2	31
651	1	Rtr2	20
652	1	Rtr2	19
653	1	Rtr2	22
654	1	Rtr2	19
655	1	Rtr2	26
656	1	Rtr2	19
657	1	Rtr2	19
658	1	Rtr2	18
659	1	Rtr2	23
660	1	Rtr2	24
661	1	Rtr2	21
662	1	Rtr2	24
663	1	Rtr2	25
664	1	Rtr2	23
665	1	Rtr2	18
666	1	Rtr2	549
667	1	Rtr2	1082
668	1	Rtr2	1094
669	1	Rtr2	1089
670	1	Rtr2	575
671	1	Rtr2	36
672	1	Rtr2	38
673	1	Rtr2	25
674	1	Rtr2	23
675	1	Rtr2	23
676	1	Rtr2	18
677	1	Rtr2	16
678	1	Rtr2	23
679	1	Rtr2	179
680	1	Rtr2	199
681	1	Rtr2	210
682	1	Rtr2	200
683	1	Rtr2	107
684	1	Rtr2	114
685	1	Rtr2	116
686	1	Rtr2	35
687	1	Rtr2	567
688	1	Rtr2	1087
689	1	Rtr2	1098
690	1	Rtr2	1109
691	1	Rtr2	573
692	1	Rtr2	54
693	1	Rtr2	41
694	1	Rtr2	34
695	1	Rtr2	34
696	1	Rtr2	29
697	1	Rtr2	25
698	1	Rtr2	23
699	1	Rtr2	26
700	1	Rtr2	30
701	1	Rtr2	30
702	1	Rtr2	43
703	1	Rtr2	30
704	1	Rtr2	30
705	1	Rtr2	32
706	1	Rtr2	26
707	1	Rtr2	23
708	1	Rtr2	561
709	1	Rtr2	1106
710	1	Rtr2	1119
711	1	Rtr2	1123
712	1	Rtr2	593
713	1	Rtr2	46
714	1	Rtr2	31
715	1	Rtr2	32
716	1	Rtr2	41
717	1	Rtr2	42
718	1	Rtr2	20
719	1	Rtr2	18
720	1	Rtr2	28
721	1	Rtr2	29
722	1	Rtr2	22
723	1	Rtr2	19
724	1	Rtr2	27
725	1	Rtr2	23
726	1	Rtr2	24
727	1	Rtr2	20
728	1	Rtr2	26
729	1	Rtr2	571
730	1	Rtr2	1134
731	1	Rtr2	1135
732	1	Rtr2	1129
733	1	Rtr2	584
734	1	Rtr2	46
735	1	Rtr2	39
736	1	Rtr2	32
737	1	Rtr2	44
738	1	Rtr2	28
739	1	Rtr2	26
740	1	Rtr2	21
741	1	Rtr2	19
742	1	Rtr2	179
743	1	Rtr2	174
744	1	Rtr2	163
745	1	Rtr2	174
746	1	Rtr2	151
747	1	Rtr2	130
748	1	Rtr2	84
749	1	Rtr2	23
750	1	Rtr2	578
751	1	Rtr2	1130
752	1	Rtr2	1130
753	1	Rtr2	1133
754	1	Rtr2	612
755	1	Rtr2	73
756	1	Rtr2	57
757	1	Rtr2	53
758	1	Rtr2	22
759	1	Rtr2	34
760	1	Rtr2	33
761	1	Rtr2	43
762	1	Rtr2	27
763	1	Rtr2	18
764	1	Rtr2	19
765	1	Rtr2	28
766	1	Rtr2	38
767	1	Rtr2	13
768	1	Rtr2	28
769	1	Rtr2	30
770	1	Rtr2	181
771	1	Rtr2	722
772	1	Rtr2	1256
773	1	Rtr2	1260
774	1	Rtr2	1211
775	1	Rtr2	674
776	1	Rtr2	122
777	1	Rtr2	37
778	1	Rtr2	19
779	1	Rtr2	27
780	1	Rtr2	50
781	1	Rtr2	37
782	1	Rtr2	33
783	1	Rtr2	37
784	1	Rtr2	20
785	1	Rtr2	38
786	1	Rtr2	36
787	1	Rtr2	41
788	1	Rtr2	31
789	1	Rtr2	20
790	1	Rtr2	40
791	1	Rtr2	35
792	1	Rtr2	597
793	1	Rtr2	1140
794	1	Rtr2	1145
795	1	Rtr2	1157
796	1	Rtr2	610
797	1	Rtr2	66
798	1	Rtr2	39
799	1	Rtr2	27
800	1	Rtr2	34
801	1	Rtr2	49
802	1	Rtr2	33
803	1	Rtr2	41
804	1	Rtr2	31
805	1	Rtr2	33
806	1	Rtr2	45
807	1	Rtr2	46
808	1	Rtr2	24
809	1	Rtr2	20
810	1	Rtr2	39
811	1	Rtr2	28
812	1	Rtr2	26
813	1	Rtr2	587
814	1	Rtr2	1148
815	1	Rtr2	1167
816	1	Rtr2	1168
817	1	Rtr2	627
818	1	Rtr2	59
819	1	Rtr2	44
820	1	Rtr2	58
821	1	Rtr2	61
822	1	Rtr2	53
823	1	Rtr2	37
824	1	Rtr2	35
825	1	Rtr2	46
826	1	Rtr2	56
827	1	Rtr2	44
828	1	Rtr2	43
829	1	Rtr2	27
830	1	Rtr2	30
831	1	Rtr2	51
832	1	Rtr2	40
833	1	Rtr2	36
834	1	Rtr2	587
835	1	Rtr2	1162
836	1	Rtr2	1183
837	1	Rtr2	1181
838	1	Rtr2	624
839	1	Rtr2	206
840	1	Rtr2	225
841	1	Rtr2	218
842	1	Rtr2	230
843	1	Rtr2	141
844	1	Rtr2	135
845	1	Rtr2	130
846	1	Rtr2	40
847	1	Rtr2	36
848	1	Rtr2	27
849	1	Rtr2	26
850	1	Rtr2	37
851	1	Rtr2	30
852	1	Rtr2	29
853	1	Rtr2	23
854	1	Rtr2	34
855	1	Rtr2	608
856	1	Rtr2	1168
857	1	Rtr2	1177
858	1	Rtr2	1175
859	1	Rtr2	612
860	1	Rtr2	64
861	1	Rtr2	49
862	1	Rtr2	66
863	1	Rtr2	61
864	1	Rtr2	55
865	1	Rtr2	71
866	1	Rtr2	57
867	1	Rtr2	53
868	1	Rtr2	45
869	1	Rtr2	30
870	1	Rtr2	41
871	1	Rtr2	38
872	1	Rtr2	37
873	1	Rtr2	36
874	1	Rtr2	27
875	1	Rtr2	44
876	1	Rtr2	608
877	1	Rtr2	1181
878	1	Rtr2	1181
879	1	Rtr2	1177
880	1	Rtr2	635
881	1	Rtr2	72
882	1	Rtr2	68
883	1	Rtr2	38
884	1	Rtr2	36
885	1	Rtr2	65
886	1	Rtr2	47
887	1	Rtr2	51
888	1	Rtr2	40
889	1	Rtr2	46
890	1	Rtr2	71
891	1	Rtr2	199
892	1	Rtr2	201
893	1	Rtr2	162
894	1	Rtr2	166
895	1	Rtr2	177
896	1	Rtr2	159
897	1	Rtr2	723
898	1	Rtr2	1195
899	1	Rtr2	1186
900	1	Rtr2	1207
901	1	Rtr2	646
902	1	Rtr2	82
903	1	Rtr2	610
904	1	Rtr2	1193
905	1	Rtr2	1220
906	1	Rtr2	1225
907	1	Rtr2	650
908	1	Rtr2	63
909	1	Rtr2	55
910	1	Rtr2	68
911	1	Rtr2	68
912	1	Rtr2	77
913	1	Rtr2	48
914	1	Rtr2	30
915	1	Rtr2	56
916	1	Rtr2	57
917	1	Rtr2	49
918	1	Rtr2	31
919	1	Rtr2	26
920	1	Rtr2	41
921	1	Rtr2	55
922	1	Rtr2	41
923	1	Rtr2	37
924	1	Rtr2	610
925	1	Rtr2	1216
926	1	Rtr2	1218
927	1	Rtr2	1217
928	1	Rtr2	639
929	1	Rtr2	70
930	1	Rtr2	85
931	1	Rtr2	81
932	1	Rtr2	76
933	1	Rtr2	45
934	1	Rtr2	33
935	1	Rtr2	57
936	1	Rtr2	62
937	1	Rtr2	199
938	1	Rtr2	198
939	1	Rtr2	167
940	1	Rtr2	205
941	1	Rtr2	167
942	1	Rtr2	182
943	1	Rtr2	112
944	1	Rtr2	46
945	1	Rtr2	637
946	1	Rtr2	1231
947	1	Rtr2	1231
948	1	Rtr2	1213
949	1	Rtr2	632
950	1	Rtr2	71
951	1	Rtr2	57
952	1	Rtr2	57
953	1	Rtr2	42
954	1	Rtr2	47
955	1	Rtr2	54
956	1	Rtr2	50
957	1	Rtr2	46
958	1	Rtr2	53
959	1	Rtr2	30
960	1	Rtr2	44
961	1	Rtr2	43
962	1	Rtr2	47
963	1	Rtr2	50
964	1	Rtr2	45
965	1	Rtr2	67
966	1	Rtr2	641
967	1	Rtr2	1230
968	1	Rtr2	1219
969	1	Rtr2	1221
970	1	Rtr2	673
971	1	Rtr2	70
972	1	Rtr2	58
973	1	Rtr2	36
974	1	Rtr2	38
975	1	Rtr2	56
976	1	Rtr2	54
977	1	Rtr2	49
978	1	Rtr2	41
979	1	Rtr2	40
980	1	Rtr2	67
981	1	Rtr2	55
982	1	Rtr2	49
983	1	Rtr2	45
984	1	Rtr2	41
985	1	Rtr2	70
986	1	Rtr2	64
987	1	Rtr2	656
988	1	Rtr2	1221
989	1	Rtr2	1228
990	1	Rtr2	1248
991	1	Rtr2	677
992	1	Rtr2	91
993	1	Rtr2	180
994	1	Rtr2	191
995	1	Rtr2	204
996	1	Rtr2	229
997	1	Rtr2	192
998	1	Rtr2	145
999	1	Rtr2	118
1000	1	Rtr2	59
1001	1	Rtr2	151
1002	1	Rtr2	181
1003	1	Rtr2	758
1004	1	Rtr2	1341
1005	1	Rtr2	1352
1006	1	Rtr2	1349
1007	1	Rtr2	752
1008	1	Rtr2	51
1009	1	Rtr2	47
1010	1	Rtr2	60
1011	1	Rtr2	77
1012	1	Rtr2	72
1013	1	Rtr2	51
1014	1	Rtr2	30
1015	1	Rtr2	64
1016	1	Rtr2	52
1017	1	Rtr2	48
1018	1	Rtr2	42
1019	1	Rtr2	38
1020	1	Rtr2	70
1021	1	Rtr2	64
1022	1	Rtr2	47
1023	1	Rtr2	40
1024	1	Rtr2	631
1025	1	Rtr2	1265
1026	1	Rtr2	1267
1027	1	Rtr2	1263
1028	1	Rtr2	666
1029	1	Rtr2	56
1030	1	Rtr2	84
1031	1	Rtr2	73
1032	1	Rtr2	59
1033	1	Rtr2	30
1034	1	Rtr2	34
1035	1	Rtr2	43
1036	1	Rtr2	61
1037	1	Rtr2	54
1038	1	Rtr2	27
1039	1	Rtr2	46
1040	1	Rtr2	59
1041	1	Rtr2	70
1042	1	Rtr2	61
1043	1	Rtr2	47
1044	1	Rtr2	43
1045	1	Rtr2	657
1046	1	Rtr2	1257
1047	1	Rtr2	1263
1048	1	Rtr2	1266
1049	1	Rtr2	676
1050	1	Rtr2	96
1051	1	Rtr2	105
1052	1	Rtr2	96
1053	1	Rtr2	46
1054	1	Rtr2	27
1055	1	Rtr2	54
1056	1	Rtr2	197
1057	1	Rtr2	201
1058	1	Rtr2	172
1059	1	Rtr2	157
1060	1	Rtr2	185
1061	1	Rtr2	188
1062	1	Rtr2	157
1063	1	Rtr2	44
1064	1	Rtr2	31
1065	1	Rtr2	58
1066	1	Rtr2	660
1067	1	Rtr2	1272
1068	1	Rtr2	1266
1069	1	Rtr2	1272
1070	1	Rtr2	703
1071	1	Rtr2	96
1072	1	Rtr2	82
1073	1	Rtr2	55
1074	1	Rtr2	47
1075	1	Rtr2	76
1076	1	Rtr2	69
1077	1	Rtr2	83
1078	1	Rtr2	55
1079	1	Rtr2	41
1080	1	Rtr2	77
1081	1	Rtr2	64
1082	1	Rtr2	67
1083	1	Rtr2	45
1084	1	Rtr2	45
1085	1	Rtr2	69
1086	1	Rtr2	68
1087	1	Rtr2	678
1088	1	Rtr2	1273
1089	1	Rtr2	1293
1090	1	Rtr2	1305
1091	1	Rtr2	707
1092	1	Rtr2	88
1093	1	Rtr2	83
1094	1	Rtr2	43
1095	1	Rtr2	68
1096	1	Rtr2	73
1097	1	Rtr2	55
1098	1	Rtr2	41
1099	1	Rtr2	38
1100	1	Rtr2	59
1101	1	Rtr2	58
1102	1	Rtr2	52
1103	1	Rtr2	48
1104	1	Rtr2	36
1105	1	Rtr2	75
1106	1	Rtr2	86
1107	1	Rtr2	47
1108	1	Rtr2	659
1109	1	Rtr2	1285
1110	1	Rtr2	1317
1111	1	Rtr2	1421
1112	1	Rtr2	834
1113	1	Rtr2	178
1114	1	Rtr2	185
1115	1	Rtr2	205
1116	1	Rtr2	212
1117	1	Rtr2	188
1118	1	Rtr2	61
1119	1	Rtr2	67
1120	1	Rtr2	71
1121	1	Rtr2	89
1122	1	Rtr2	85
1123	1	Rtr2	58
1124	1	Rtr2	56
1125	1	Rtr2	87
1126	1	Rtr2	88
1127	1	Rtr2	78
1128	1	Rtr2	60
1129	1	Rtr2	666
1130	1	Rtr2	1314
1131	1	Rtr2	1317
1132	1	Rtr2	1317
1133	1	Rtr2	697
1134	1	Rtr2	63
1135	1	Rtr2	85
1136	1	Rtr2	84
1137	1	Rtr2	79
1138	1	Rtr2	52
1139	1	Rtr2	56
1140	1	Rtr2	74
1141	1	Rtr2	88
1142	1	Rtr2	77
1143	1	Rtr2	62
1144	1	Rtr2	38
1145	1	Rtr2	80
1146	1	Rtr2	82
1147	1	Rtr2	77
1148	1	Rtr2	61
1149	1	Rtr2	62
1150	1	Rtr2	709
1151	1	Rtr2	1337
1152	1	Rtr2	1338
1153	1	Rtr2	1311
1154	1	Rtr2	710
1155	1	Rtr2	117
1156	1	Rtr2	114
1157	1	Rtr2	98
1158	1	Rtr2	60
1159	1	Rtr2	68
1160	1	Rtr2	94
1161	1	Rtr2	235
1162	1	Rtr2	231
1163	1	Rtr2	179
1164	1	Rtr2	182
1165	1	Rtr2	211
1166	1	Rtr2	192
1167	1	Rtr2	173
1168	1	Rtr2	48
1169	1	Rtr2	36
1170	1	Rtr2	74
1171	1	Rtr2	689
1172	1	Rtr2	1315
1173	1	Rtr2	1316
1174	1	Rtr2	1314
1175	1	Rtr2	737
1176	1	Rtr2	116
1177	1	Rtr2	73
1178	1	Rtr2	50
1179	1	Rtr2	44
1180	1	Rtr2	72
1181	1	Rtr2	73
1182	1	Rtr2	63
1183	1	Rtr2	52
1184	1	Rtr2	37
1185	1	Rtr2	89
1186	1	Rtr2	69
1187	1	Rtr2	79
1188	1	Rtr2	58
1189	1	Rtr2	64
1190	1	Rtr2	97
1191	1	Rtr2	91
1192	1	Rtr2	711
1193	1	Rtr2	1333
1194	1	Rtr2	1317
1195	1	Rtr2	1343
1196	1	Rtr2	738
1197	1	Rtr2	127
1198	1	Rtr2	95
1199	1	Rtr2	78
1200	1	Rtr2	113
1201	1	Rtr2	94
1202	1	Rtr2	87
1203	1	Rtr2	56
1204	1	Rtr2	53
1205	1	Rtr2	90
1206	1	Rtr2	96
1207	1	Rtr2	77
1208	1	Rtr2	41
1209	1	Rtr2	45
1210	1	Rtr2	76
1211	1	Rtr2	88
1212	1	Rtr2	62
1213	1	Rtr2	695
1214	1	Rtr2	1329
1215	1	Rtr2	1375
1216	1	Rtr2	1368
1217	1	Rtr2	735
1218	1	Rtr2	82
1219	1	Rtr2	78
1220	1	Rtr2	110
1221	1	Rtr2	233
1222	1	Rtr2	235
1223	1	Rtr2	184
1224	1	Rtr2	170
1225	1	Rtr2	211
1226	1	Rtr2	215
1227	1	Rtr2	192
1228	1	Rtr2	34
1229	1	Rtr2	36
1230	1	Rtr2	76
1231	1	Rtr2	67
1232	1	Rtr2	86
1233	1	Rtr2	62
1234	1	Rtr2	690
1235	1	Rtr2	1371
1236	1	Rtr2	1368
1237	1	Rtr2	1368
1238	1	Rtr2	727
1239	1	Rtr2	71
1240	1	Rtr2	105
1241	1	Rtr2	111
1242	1	Rtr2	82
1243	1	Rtr2	70
1244	1	Rtr2	56
1245	1	Rtr2	90
1246	1	Rtr2	90
1247	1	Rtr2	93
1248	1	Rtr2	71
1249	1	Rtr2	55
1250	1	Rtr2	89
1251	1	Rtr2	99
1252	1	Rtr2	79
1253	1	Rtr2	58
1254	1	Rtr2	57
1255	1	Rtr2	740
1256	1	Rtr2	1382
1257	1	Rtr2	1387
1258	1	Rtr2	1358
1259	1	Rtr2	739
1260	1	Rtr2	118
1261	1	Rtr2	121
1262	1	Rtr2	120
1263	1	Rtr2	53
1264	1	Rtr2	63
1265	1	Rtr2	94
1266	1	Rtr2	236
1267	1	Rtr2	204
1268	1	Rtr2	173
1269	1	Rtr2	167
1270	1	Rtr2	194
1271	1	Rtr2	205
1272	1	Rtr2	189
1273	1	Rtr2	58
1274	1	Rtr2	40
1275	1	Rtr2	88
1276	1	Rtr2	720
1277	1	Rtr2	1368
1278	1	Rtr2	1365
1279	1	Rtr2	1369
1280	1	Rtr2	769
1281	1	Rtr2	122
1282	1	Rtr2	110
1283	1	Rtr2	67
1284	1	Rtr2	55
1285	1	Rtr2	107
1286	1	Rtr2	101
1287	1	Rtr2	74
1288	1	Rtr2	75
1289	1	Rtr2	39
1290	1	Rtr2	93
1291	1	Rtr2	92
1292	1	Rtr2	80
1293	1	Rtr2	67
1294	1	Rtr2	57
1295	1	Rtr2	102
1296	1	Rtr2	93
1297	1	Rtr2	729
1298	1	Rtr2	1354
1299	1	Rtr2	1361
1300	1	Rtr2	1405
1301	1	Rtr2	757
1302	1	Rtr2	107
1303	1	Rtr2	727
1304	1	Rtr2	1371
1305	1	Rtr2	1411
1306	1	Rtr2	1416
1307	1	Rtr2	777
1308	1	Rtr2	85
1309	1	Rtr2	66
1310	1	Rtr2	113
1311	1	Rtr2	123
1312	1	Rtr2	114
1313	1	Rtr2	76
1314	1	Rtr2	61
1315	1	Rtr2	84
1316	1	Rtr2	102
1317	1	Rtr2	79
1318	1	Rtr2	72
1319	1	Rtr2	75
1320	1	Rtr2	123
1321	1	Rtr2	250
1322	1	Rtr2	258
1323	1	Rtr2	191
1324	1	Rtr2	822
1325	1	Rtr2	1516
1326	1	Rtr2	1518
1327	1	Rtr2	1522
1328	1	Rtr2	747
1329	1	Rtr2	93
1330	1	Rtr2	137
1331	1	Rtr2	139
1332	1	Rtr2	123
1333	1	Rtr2	83
1334	1	Rtr2	67
1335	1	Rtr2	119
1336	1	Rtr2	124
1337	1	Rtr2	107
1338	1	Rtr2	74
1339	1	Rtr2	71
1340	1	Rtr2	119
1341	1	Rtr2	119
1342	1	Rtr2	90
1343	1	Rtr2	59
1344	1	Rtr2	42
1345	1	Rtr2	743
1346	1	Rtr2	1406
1347	1	Rtr2	1399
1348	1	Rtr2	1398
1349	1	Rtr2	772
1350	1	Rtr2	163
1351	1	Rtr2	165
1352	1	Rtr2	137
1353	1	Rtr2	54
1354	1	Rtr2	66
1355	1	Rtr2	123
1356	1	Rtr2	141
1357	1	Rtr2	104
1358	1	Rtr2	77
1359	1	Rtr2	69
1360	1	Rtr2	128
1361	1	Rtr2	113
1362	1	Rtr2	84
1363	1	Rtr2	67
1364	1	Rtr2	70
1365	1	Rtr2	112
1366	1	Rtr2	760
1367	1	Rtr2	1433
1368	1	Rtr2	1404
1369	1	Rtr2	1402
1370	1	Rtr2	785
1371	1	Rtr2	139
1372	1	Rtr2	106
1373	1	Rtr2	76
1374	1	Rtr2	67
1375	1	Rtr2	110
1376	1	Rtr2	206
1377	1	Rtr2	223
1378	1	Rtr2	192
1379	1	Rtr2	188
1380	1	Rtr2	217
1381	1	Rtr2	234
1382	1	Rtr2	212
1383	1	Rtr2	72
1384	1	Rtr2	59
1385	1	Rtr2	100
1386	1	Rtr2	112
1387	1	Rtr2	773
1388	1	Rtr2	1410
1389	1	Rtr2	1416
1390	1	Rtr2	1460
1391	1	Rtr2	819
1392	1	Rtr2	158
1393	1	Rtr2	74
1394	1	Rtr2	66
1395	1	Rtr2	116
1396	1	Rtr2	117
1397	1	Rtr2	113
1398	1	Rtr2	74
1399	1	Rtr2	47
1400	1	Rtr2	87
1401	1	Rtr2	109
1402	1	Rtr2	96
1403	1	Rtr2	92
1404	1	Rtr2	83
1405	1	Rtr2	107
1406	1	Rtr2	116
1407	1	Rtr2	91
1408	1	Rtr2	733
1409	1	Rtr2	1415
1410	1	Rtr2	1460
1411	1	Rtr2	1460
1412	1	Rtr2	793
1413	1	Rtr2	111
1414	1	Rtr2	87
1415	1	Rtr2	148
1416	1	Rtr2	155
1417	1	Rtr2	141
1418	1	Rtr2	71
1419	1	Rtr2	54
1420	1	Rtr2	103
1421	1	Rtr2	107
1422	1	Rtr2	103
1423	1	Rtr2	94
1424	1	Rtr2	69
1425	1	Rtr2	125
1426	1	Rtr2	105
1427	1	Rtr2	86
1428	1	Rtr2	67
1429	1	Rtr2	742
1430	1	Rtr2	1475
1431	1	Rtr2	1476
1432	1	Rtr2	1472
1433	1	Rtr2	887
1434	1	Rtr2	202
1435	1	Rtr2	249
1436	1	Rtr2	260
1437	1	Rtr2	220
1438	1	Rtr2	148
1439	1	Rtr2	165
1440	1	Rtr2	144
1441	1	Rtr2	119
1442	1	Rtr2	125
1443	1	Rtr2	53
1444	1	Rtr2	63
1445	1	Rtr2	123
1446	1	Rtr2	117
1447	1	Rtr2	102
1448	1	Rtr2	62
1449	1	Rtr2	50
1450	1	Rtr2	768
1451	1	Rtr2	1456
1452	1	Rtr2	1465
1453	1	Rtr2	1448
1454	1	Rtr2	782
1455	1	Rtr2	147
1456	1	Rtr2	137
1457	1	Rtr2	138
1458	1	Rtr2	68
1459	1	Rtr2	70
1460	1	Rtr2	115
1461	1	Rtr2	108
1462	1	Rtr2	98
1463	1	Rtr2	91
1464	1	Rtr2	63
1465	1	Rtr2	111
1466	1	Rtr2	118
1467	1	Rtr2	117
1468	1	Rtr2	78
1469	1	Rtr2	81
1470	1	Rtr2	136
1471	1	Rtr2	816
1472	1	Rtr2	1493
1473	1	Rtr2	1475
1474	1	Rtr2	1452
1475	1	Rtr2	827
1476	1	Rtr2	160
1477	1	Rtr2	150
1478	1	Rtr2	94
1479	1	Rtr2	92
1480	1	Rtr2	154
1481	1	Rtr2	142
1482	1	Rtr2	126
1483	1	Rtr2	64
1484	1	Rtr2	73
1485	1	Rtr2	126
1486	1	Rtr2	151
1487	1	Rtr2	139
1488	1	Rtr2	95
1489	1	Rtr2	79
1490	1	Rtr2	112
1491	1	Rtr2	238
1492	1	Rtr2	906
1493	1	Rtr2	1552
1494	1	Rtr2	1560
1495	1	Rtr2	1590
1496	1	Rtr2	928
1497	1	Rtr2	222
1498	1	Rtr2	62
1499	1	Rtr2	65
1500	1	Rtr2	116
1501	1	Rtr2	117
1502	1	Rtr2	129
1503	1	Rtr2	58
1504	1	Rtr2	58
1505	1	Rtr2	94
1506	1	Rtr2	85
1507	1	Rtr2	70
1508	1	Rtr2	77
1509	1	Rtr2	56
1510	1	Rtr2	121
1511	1	Rtr2	117
1512	1	Rtr2	95
1513	1	Rtr2	767
1514	1	Rtr2	1463
1515	1	Rtr2	1534
1516	1	Rtr2	1517
1517	1	Rtr2	850
1518	1	Rtr2	119
1519	1	Rtr2	91
1520	1	Rtr2	129
1521	1	Rtr2	138
1522	1	Rtr2	141
1523	1	Rtr2	93
1524	1	Rtr2	70
1525	1	Rtr2	125
1526	1	Rtr2	106
1527	1	Rtr2	128
1528	1	Rtr2	51
1529	1	Rtr2	90
1530	1	Rtr2	132
1531	1	Rtr2	133
1532	1	Rtr2	112
1533	1	Rtr2	70
1534	1	Rtr2	754
1535	1	Rtr2	1509
1536	1	Rtr2	1511
1537	1	Rtr2	1513
1538	1	Rtr2	810
1539	1	Rtr2	101
1540	1	Rtr2	161
1541	1	Rtr2	123
1542	1	Rtr2	146
1543	1	Rtr2	84
1544	1	Rtr2	85
1545	1	Rtr2	116
1546	1	Rtr2	118
1547	1	Rtr2	220
1548	1	Rtr2	191
1549	1	Rtr2	200
1550	1	Rtr2	264
1551	1	Rtr2	235
1552	1	Rtr2	240
1553	1	Rtr2	165
1554	1	Rtr2	95
1555	1	Rtr2	843
1556	1	Rtr2	1546
1557	1	Rtr2	1561
1558	1	Rtr2	1487
1559	1	Rtr2	803
1560	1	Rtr2	151
1561	1	Rtr2	142
1562	1	Rtr2	125
1563	1	Rtr2	56
1564	1	Rtr2	200
1565	1	Rtr2	259
1566	1	Rtr2	255
1567	1	Rtr2	240
1568	1	Rtr2	167
1569	1	Rtr2	165
1570	1	Rtr2	224
1571	1	Rtr2	139
1572	1	Rtr2	147
1573	1	Rtr2	71
1574	1	Rtr2	52
1575	1	Rtr2	125
1576	1	Rtr2	800
1577	1	Rtr2	1511
1578	1	Rtr2	1494
1579	1	Rtr2	1489
1580	1	Rtr2	863
1581	1	Rtr2	159
1582	1	Rtr2	148
1583	1	Rtr2	82
1584	1	Rtr2	79
1585	1	Rtr2	148
1586	1	Rtr2	164
1587	1	Rtr2	148
1588	1	Rtr2	81
1589	1	Rtr2	67
1590	1	Rtr2	138
1591	1	Rtr2	131
1592	1	Rtr2	115
1593	1	Rtr2	67
1594	1	Rtr2	77
1595	1	Rtr2	134
1596	1	Rtr2	139
1597	1	Rtr2	834
1598	1	Rtr2	1496
1599	1	Rtr2	1505
1600	1	Rtr2	1560
1601	1	Rtr2	843
1602	1	Rtr2	139
1603	1	Rtr2	799
1604	1	Rtr2	1503
1605	1	Rtr2	1559
1606	1	Rtr2	1561
1607	1	Rtr2	868
1608	1	Rtr2	102
1609	1	Rtr2	83
1610	1	Rtr2	156
1611	1	Rtr2	137
1612	1	Rtr2	128
1613	1	Rtr2	58
1614	1	Rtr2	59
1615	1	Rtr2	117
1616	1	Rtr2	119
1617	1	Rtr2	89
1618	1	Rtr2	83
1619	1	Rtr2	62
1620	1	Rtr2	113
1621	1	Rtr2	109
1622	1	Rtr2	93
1623	1	Rtr2	174
1624	1	Rtr2	891
1625	1	Rtr2	1678
1626	1	Rtr2	1670
1627	1	Rtr2	1646
1628	1	Rtr2	899
1629	1	Rtr2	137
1630	1	Rtr2	121
1631	1	Rtr2	121
1632	1	Rtr2	91
1633	1	Rtr2	62
1634	1	Rtr2	66
1635	1	Rtr2	134
1636	1	Rtr2	107
1637	1	Rtr2	94
1638	1	Rtr2	56
1639	1	Rtr2	78
1640	1	Rtr2	145
1641	1	Rtr2	139
1642	1	Rtr2	91
1643	1	Rtr2	96
1644	1	Rtr2	75
1645	1	Rtr2	831
1646	1	Rtr2	1555
1647	1	Rtr2	1563
1648	1	Rtr2	1521
1649	1	Rtr2	855
1650	1	Rtr2	192
1651	1	Rtr2	173
1652	1	Rtr2	148
1653	1	Rtr2	68
1654	1	Rtr2	60
1655	1	Rtr2	95
1656	1	Rtr2	98
1657	1	Rtr2	97
1658	1	Rtr2	60
1659	1	Rtr2	53
1660	1	Rtr2	123
1661	1	Rtr2	99
1662	1	Rtr2	78
1663	1	Rtr2	79
1664	1	Rtr2	58
1665	1	Rtr2	123
1666	1	Rtr2	839
1667	1	Rtr2	1552
1668	1	Rtr2	1537
1669	1	Rtr2	1535
1670	1	Rtr2	875
1671	1	Rtr2	155
1672	1	Rtr2	153
1673	1	Rtr2	103
1674	1	Rtr2	84
1675	1	Rtr2	155
1676	1	Rtr2	151
1677	1	Rtr2	131
1678	1	Rtr2	80
1679	1	Rtr2	188
1680	1	Rtr2	252
1681	1	Rtr2	260
1682	1	Rtr2	255
1683	1	Rtr2	196
1684	1	Rtr2	175
1685	1	Rtr2	233
1686	1	Rtr2	164
1687	1	Rtr2	874
1688	1	Rtr2	1546
1689	1	Rtr2	1545
1690	1	Rtr2	1623
1691	1	Rtr2	895
1692	1	Rtr2	160
1693	1	Rtr2	96
1694	1	Rtr2	85
1695	1	Rtr2	139
1696	1	Rtr2	140
1697	1	Rtr2	133
1698	1	Rtr2	79
1699	1	Rtr2	54
1700	1	Rtr2	104
1701	1	Rtr2	97
1702	1	Rtr2	81
1703	1	Rtr2	84
1704	1	Rtr2	60
1705	1	Rtr2	111
1706	1	Rtr2	100
1707	1	Rtr2	93
1708	1	Rtr2	801
1709	1	Rtr2	1550
1710	1	Rtr2	1610
1711	1	Rtr2	1612
1712	1	Rtr2	904
1713	1	Rtr2	109
1714	1	Rtr2	75
1715	1	Rtr2	141
1716	1	Rtr2	156
1717	1	Rtr2	130
1718	1	Rtr2	78
1719	1	Rtr2	68
1720	1	Rtr2	130
1721	1	Rtr2	139
1722	1	Rtr2	143
1723	1	Rtr2	91
1724	1	Rtr2	75
1725	1	Rtr2	131
1726	1	Rtr2	124
1727	1	Rtr2	103
1728	1	Rtr2	80
1729	1	Rtr2	819
1730	1	Rtr2	1609
1731	1	Rtr2	1618
1732	1	Rtr2	1626
1733	1	Rtr2	868
1734	1	Rtr2	130
1735	1	Rtr2	179
1736	1	Rtr2	191
1737	1	Rtr2	173
1738	1	Rtr2	75
1739	1	Rtr2	80
1740	1	Rtr2	147
1741	1	Rtr2	129
1742	1	Rtr2	247
1743	1	Rtr2	204
1744	1	Rtr2	199
1745	1	Rtr2	252
1746	1	Rtr2	239
1747	1	Rtr2	229
1748	1	Rtr2	193
1749	1	Rtr2	99
1750	1	Rtr2	886
1751	1	Rtr2	1636
1752	1	Rtr2	1625
1753	1	Rtr2	1594
1754	1	Rtr2	858
1755	1	Rtr2	175
1756	1	Rtr2	174
1757	1	Rtr2	166
1758	1	Rtr2	93
1759	1	Rtr2	88
1760	1	Rtr2	145
1761	1	Rtr2	136
1762	1	Rtr2	139
1763	1	Rtr2	94
1764	1	Rtr2	89
1765	1	Rtr2	151
1766	1	Rtr2	167
1767	1	Rtr2	138
1768	1	Rtr2	82
1769	1	Rtr2	78
1770	1	Rtr2	254
1771	1	Rtr2	974
1772	1	Rtr2	1728
1773	1	Rtr2	1683
1774	1	Rtr2	1650
1775	1	Rtr2	972
1776	1	Rtr2	214
1777	1	Rtr2	135
1778	1	Rtr2	73
1779	1	Rtr2	60
1780	1	Rtr2	116
1781	1	Rtr2	99
1782	1	Rtr2	89
1783	1	Rtr2	78
1784	1	Rtr2	75
1785	1	Rtr2	116
1786	1	Rtr2	136
1787	1	Rtr2	138
1788	1	Rtr2	80
1789	1	Rtr2	70
1790	1	Rtr2	128
1791	1	Rtr2	126
1792	1	Rtr2	856
1793	1	Rtr2	1581
1794	1	Rtr2	1611
1795	1	Rtr2	1666
1796	1	Rtr2	936
1797	1	Rtr2	177
1798	1	Rtr2	110
1799	1	Rtr2	90
1800	1	Rtr2	182
1801	1	Rtr2	172
1802	1	Rtr2	158
1803	1	Rtr2	99
1804	1	Rtr2	93
1805	1	Rtr2	172
1806	1	Rtr2	156
1807	1	Rtr2	153
1808	1	Rtr2	105
1809	1	Rtr2	98
1810	1	Rtr2	170
1811	1	Rtr2	180
1812	1	Rtr2	176
1813	1	Rtr2	856
1814	1	Rtr2	1603
1815	1	Rtr2	1670
1816	1	Rtr2	1668
1817	1	Rtr2	942
1818	1	Rtr2	144
1819	1	Rtr2	116
1820	1	Rtr2	181
1821	1	Rtr2	200
1822	1	Rtr2	177
1823	1	Rtr2	105
1824	1	Rtr2	107
1825	1	Rtr2	162
1826	1	Rtr2	154
1827	1	Rtr2	169
1828	1	Rtr2	88
1829	1	Rtr2	78
1830	1	Rtr2	158
1831	1	Rtr2	135
1832	1	Rtr2	142
1833	1	Rtr2	117
1834	1	Rtr2	825
1835	1	Rtr2	1655
1836	1	Rtr2	1664
1837	1	Rtr2	1655
1838	1	Rtr2	884
1839	1	Rtr2	202
1840	1	Rtr2	280
1841	1	Rtr2	272
1842	1	Rtr2	256
1843	1	Rtr2	170
1844	1	Rtr2	166
1845	1	Rtr2	245
1846	1	Rtr2	184
1847	1	Rtr2	195
1848	1	Rtr2	121
1849	1	Rtr2	113
1850	1	Rtr2	182
1851	1	Rtr2	197
1852	1	Rtr2	167
1853	1	Rtr2	121
1854	1	Rtr2	96
1855	1	Rtr2	906
1856	1	Rtr2	1666
1857	1	Rtr2	1672
1858	1	Rtr2	1621
1859	1	Rtr2	886
1860	1	Rtr2	184
1861	1	Rtr2	151
1862	1	Rtr2	133
1863	1	Rtr2	109
1864	1	Rtr2	100
1865	1	Rtr2	172
1866	1	Rtr2	161
1867	1	Rtr2	161
1868	1	Rtr2	104
1869	1	Rtr2	102
1870	1	Rtr2	186
1871	1	Rtr2	176
1872	1	Rtr2	159
1873	1	Rtr2	138
1874	1	Rtr2	118
1875	1	Rtr2	184
1876	1	Rtr2	964
1877	1	Rtr2	1699
1878	1	Rtr2	1646
1879	1	Rtr2	1634
1880	1	Rtr2	942
1881	1	Rtr2	182
1882	1	Rtr2	188
1883	1	Rtr2	134
1884	1	Rtr2	97
1885	1	Rtr2	160
1886	1	Rtr2	152
1887	1	Rtr2	139
1888	1	Rtr2	91
1889	1	Rtr2	110
1890	1	Rtr2	185
1891	1	Rtr2	263
1892	1	Rtr2	269
1893	1	Rtr2	187
1894	1	Rtr2	195
1895	1	Rtr2	259
1896	1	Rtr2	287
1897	1	Rtr2	1015
1898	1	Rtr2	1636
1899	1	Rtr2	1640
1900	1	Rtr2	1704
1901	1	Rtr2	971
1902	1	Rtr2	195
1903	1	Rtr2	872
1904	1	Rtr2	1643
1905	1	Rtr2	1732
1906	1	Rtr2	1730
1907	1	Rtr2	956
1908	1	Rtr2	128
1909	1	Rtr2	124
1910	1	Rtr2	204
1911	1	Rtr2	192
1912	1	Rtr2	174
1913	1	Rtr2	110
1914	1	Rtr2	123
1915	1	Rtr2	174
1916	1	Rtr2	207
1917	1	Rtr2	176
1918	1	Rtr2	78
1919	1	Rtr2	89
1920	1	Rtr2	161
1921	1	Rtr2	141
1922	1	Rtr2	144
1923	1	Rtr2	88
1924	1	Rtr2	850
1925	1	Rtr2	1695
1926	1	Rtr2	1697
1927	1	Rtr2	1693
1928	1	Rtr2	904
1929	1	Rtr2	126
1930	1	Rtr2	184
1931	1	Rtr2	188
1932	1	Rtr2	172
1933	1	Rtr2	94
1934	1	Rtr2	121
1935	1	Rtr2	204
1936	1	Rtr2	189
1937	1	Rtr2	290
1938	1	Rtr2	203
1939	1	Rtr2	195
1940	1	Rtr2	256
1941	1	Rtr2	241
1942	1	Rtr2	228
1943	1	Rtr2	142
1944	1	Rtr2	75
1945	1	Rtr2	914
1946	1	Rtr2	1691
1947	1	Rtr2	1702
1948	1	Rtr2	1660
1949	1	Rtr2	894
1950	1	Rtr2	192
1951	1	Rtr2	187
1952	1	Rtr2	197
1953	1	Rtr2	115
1954	1	Rtr2	75
1955	1	Rtr2	148
1956	1	Rtr2	151
1957	1	Rtr2	120
1958	1	Rtr2	129
1959	1	Rtr2	106
1960	1	Rtr2	179
1961	1	Rtr2	188
1962	1	Rtr2	174
1963	1	Rtr2	100
1964	1	Rtr2	72
1965	1	Rtr2	145
1966	1	Rtr2	911
1967	1	Rtr2	1715
1968	1	Rtr2	1693
1969	1	Rtr2	1678
1970	1	Rtr2	987
1971	1	Rtr2	225
1972	1	Rtr2	183
1973	1	Rtr2	127
1974	1	Rtr2	96
1975	1	Rtr2	175
1976	1	Rtr2	168
1977	1	Rtr2	157
1978	1	Rtr2	126
1979	1	Rtr2	122
1980	1	Rtr2	199
1981	1	Rtr2	177
1982	1	Rtr2	180
1983	1	Rtr2	124
1984	1	Rtr2	101
1985	1	Rtr2	156
1986	1	Rtr2	175
1987	1	Rtr2	953
1988	1	Rtr2	1677
1989	1	Rtr2	1706
1990	1	Rtr2	1762
1991	1	Rtr2	1017
1992	1	Rtr2	217
1993	1	Rtr2	200
1994	1	Rtr2	213
1995	1	Rtr2	289
1996	1	Rtr2	280
1997	1	Rtr2	260
1998	1	Rtr2	183
1999	1	Rtr2	188
