0	1	Rtr2	0
1	1	Rtr2	585
2	1	Rtr2	529
3	1	Rtr2	1272
4	1	Rtr2	2029
5	1	Rtr2	1805
6	1	Rtr2	1788
7	1	Rtr2	1013
8	1	Rtr2	166
9	1	Rtr2	140
10	1	Rtr2	264
11	1	Rtr2	271
12	1	Rtr2	241
13	1	Rtr2	119
14	1	Rtr2	105
15	1	Rtr2	167
16	1	Rtr2	179
17	1	Rtr2	167
18	1	Rtr2	110
19	1	Rtr2	116
20	1	Rtr2	181
21	1	Rtr2	198
22	1	Rtr2	166
23	1	Rtr2	132
24	1	Rtr2	886
25	1	Rtr2	1754
26	1	Rtr2	1778
27	1	Rtr2	1763
28	1	Rtr2	923
29	1	Rtr2	121
30	1	Rtr2	189
31	1	Rtr2	168
32	1	Rtr2	166
33	1	Rtr2	102
34	1	Rtr2	90
35	1	Rtr2	159
36	1	Rtr2	145
37	1	Rtr2	126
38	1	Rtr2	78
39	1	Rtr2	72
40	1	Rtr2	133
41	1	Rtr2	119
42	1	Rtr2	107
43	1	Rtr2	87
44	1	Rtr2	72
45	1	Rtr2	920
46	1	Rtr2	1740
47	1	Rtr2	1733
48	1	Rtr2	1702
49	1	Rtr2	926
50	1	Rtr2	183
51	1	Rtr2	196
52	1	Rtr2	192
53	1	Rtr2	89
54	1	Rtr2	98
55	1	Rtr2	172
56	1	Rtr2	498
57	1	Rtr2	445
58	1	Rtr2	399
59	1	Rtr2	364
60	1	Rtr2	178
61	1	Rtr2	190
62	1	Rtr2	188
63	1	Rtr2	99
64	1	Rtr2	112
65	1	Rtr2	183
66	1	Rtr2	975
67	1	Rtr2	1768
68	1	Rtr2	1726
69	1	Rtr2	1736
70	1	Rtr2	999
71	1	Rtr2	220
72	1	Rtr2	190
73	1	Rtr2	99
74	1	Rtr2	85
75	1	Rtr2	156
76	1	Rtr2	150
77	1	Rtr2	170
78	1	Rtr2	132
79	1	Rtr2	112
80	1	Rtr2	183
81	1	Rtr2	172
82	1	Rtr2	161
83	1	Rtr2	101
84	1	Rtr2	92
85	1	Rtr2	167
86	1	Rtr2	151
87	1	Rtr2	957
88	1	Rtr2	1717
89	1	Rtr2	1720
90	1	Rtr2	1784
91	1	Rtr2	1001
92	1	Rtr2	173
93	1	Rtr2	120
94	1	Rtr2	92
95	1	Rtr2	164
96	1	Rtr2	171
97	1	Rtr2	166
98	1	Rtr2	114
99	1	Rtr2	90
100	1	Rtr2	169
101	1	Rtr2	152
102	1	Rtr2	143
103	1	Rtr2	96
104	1	Rtr2	88
105	1	Rtr2	148
106	1	Rtr2	178
107	1	Rtr2	191
108	1	Rtr2	933
109	1	Rtr2	1705
110	1	Rtr2	1799
111	1	Rtr2	2125
112	1	Rtr2	1262
113	1	Rtr2	401
114	1	Rtr2	373
115	1	Rtr2	163
116	1	Rtr2	169
117	1	Rtr2	153
118	1	Rtr2	101
119	1	Rtr2	76
120	1	Rtr2	155
121	1	Rtr2	155
122	1	Rtr2	161
123	1	Rtr2	83
124	1	Rtr2	81
125	1	Rtr2	135
126	1	Rtr2	134
127	1	Rtr2	132
128	1	Rtr2	111
129	1	Rtr2	889
130	1	Rtr2	1753
131	1	Rtr2	1759
132	1	Rtr2	1765
133	1	Rtr2	928
134	1	Rtr2	126
135	1	Rtr2	191
136	1	Rtr2	187
137	1	Rtr2	167
138	1	Rtr2	68
139	1	Rtr2	114
140	1	Rtr2	178
141	1	Rtr2	176
142	1	Rtr2	165
143	1	Rtr2	91
144	1	Rtr2	89
145	1	Rtr2	163
146	1	Rtr2	145
147	1	Rtr2	145
148	1	Rtr2	100
149	1	Rtr2	98
150	1	Rtr2	986
151	1	Rtr2	1793
152	1	Rtr2	1789
153	1	Rtr2	1721
154	1	Rtr2	962
155	1	Rtr2	211
156	1	Rtr2	184
157	1	Rtr2	171
158	1	Rtr2	86
159	1	Rtr2	99
160	1	Rtr2	180
161	1	Rtr2	541
162	1	Rtr2	460
163	1	Rtr2	406
164	1	Rtr2	404
165	1	Rtr2	200
166	1	Rtr2	188
167	1	Rtr2	211
168	1	Rtr2	108
169	1	Rtr2	79
170	1	Rtr2	144
171	1	Rtr2	951
172	1	Rtr2	1773
173	1	Rtr2	1746
174	1	Rtr2	1734
175	1	Rtr2	993
176	1	Rtr2	201
177	1	Rtr2	160
178	1	Rtr2	108
179	1	Rtr2	83
180	1	Rtr2	174
181	1	Rtr2	167
182	1	Rtr2	150
183	1	Rtr2	133
184	1	Rtr2	99
185	1	Rtr2	176
186	1	Rtr2	176
187	1	Rtr2	171
188	1	Rtr2	95
189	1	Rtr2	86
190	1	Rtr2	149
191	1	Rtr2	142
192	1	Rtr2	932
193	1	Rtr2	1732
194	1	Rtr2	1745
195	1	Rtr2	1806
196	1	Rtr2	991
197	1	Rtr2	200
198	1	Rtr2	130
199	1	Rtr2	117
200	1	Rtr2	180
201	1	Rtr2	151
202	1	Rtr2	176
203	1	Rtr2	99
204	1	Rtr2	96
205	1	Rtr2	158
206	1	Rtr2	166
207	1	Rtr2	147
208	1	Rtr2	106
209	1	Rtr2	102
210	1	Rtr2	152
211	1	Rtr2	180
212	1	Rtr2	136
213	1	Rtr2	912
214	1	Rtr2	1739
215	1	Rtr2	1806
216	1	Rtr2	1805
217	1	Rtr2	1005
218	1	Rtr2	115
219	1	Rtr2	118
220	1	Rtr2	182
221	1	Rtr2	500
222	1	Rtr2	456
223	1	Rtr2	367
224	1	Rtr2	333
225	1	Rtr2	167
226	1	Rtr2	174
227	1	Rtr2	146
228	1	Rtr2	106
229	1	Rtr2	95
230	1	Rtr2	158
231	1	Rtr2	181
232	1	Rtr2	184
233	1	Rtr2	112
234	1	Rtr2	909
235	1	Rtr2	1803
236	1	Rtr2	1810
237	1	Rtr2	1810
238	1	Rtr2	940
239	1	Rtr2	118
240	1	Rtr2	176
241	1	Rtr2	191
242	1	Rtr2	166
243	1	Rtr2	78
244	1	Rtr2	76
245	1	Rtr2	113
246	1	Rtr2	138
247	1	Rtr2	99
248	1	Rtr2	76
249	1	Rtr2	64
250	1	Rtr2	120
251	1	Rtr2	124
252	1	Rtr2	110
253	1	Rtr2	97
254	1	Rtr2	59
255	1	Rtr2	941
256	1	Rtr2	1771
257	1	Rtr2	1772
258	1	Rtr2	1752
259	1	Rtr2	944
260	1	Rtr2	189
261	1	Rtr2	163
262	1	Rtr2	184
263	1	Rtr2	110
264	1	Rtr2	85
265	1	Rtr2	153
266	1	Rtr2	483
267	1	Rtr2	433
268	1	Rtr2	386
269	1	Rtr2	355
270	1	Rtr2	158
271	1	Rtr2	186
272	1	Rtr2	175
273	1	Rtr2	92
274	1	Rtr2	99
275	1	Rtr2	153
276	1	Rtr2	973
277	1	Rtr2	1800
278	1	Rtr2	1766
279	1	Rtr2	1755
280	1	Rtr2	1006
281	1	Rtr2	169
282	1	Rtr2	150
283	1	Rtr2	76
284	1	Rtr2	91
285	1	Rtr2	163
286	1	Rtr2	155
287	1	Rtr2	133
288	1	Rtr2	85
289	1	Rtr2	63
290	1	Rtr2	104
291	1	Rtr2	114
292	1	Rtr2	101
293	1	Rtr2	79
294	1	Rtr2	72
295	1	Rtr2	143
296	1	Rtr2	122
297	1	Rtr2	951
298	1	Rtr2	1750
299	1	Rtr2	1784
300	1	Rtr2	1839
301	1	Rtr2	1015
302	1	Rtr2	180
303	1	Rtr2	929
304	1	Rtr2	1752
305	1	Rtr2	1811
306	1	Rtr2	1812
307	1	Rtr2	1001
308	1	Rtr2	136
309	1	Rtr2	98
310	1	Rtr2	163
311	1	Rtr2	161
312	1	Rtr2	134
313	1	Rtr2	73
314	1	Rtr2	68
315	1	Rtr2	131
316	1	Rtr2	112
317	1	Rtr2	116
318	1	Rtr2	82
319	1	Rtr2	96
320	1	Rtr2	137
321	1	Rtr2	513
322	1	Rtr2	456
323	1	Rtr2	395
324	1	Rtr2	1224
325	1	Rtr2	1839
326	1	Rtr2	1840
327	1	Rtr2	1839
328	1	Rtr2	950
329	1	Rtr2	118
330	1	Rtr2	170
331	1	Rtr2	160
332	1	Rtr2	153
333	1	Rtr2	60
334	1	Rtr2	72
335	1	Rtr2	113
336	1	Rtr2	125
337	1	Rtr2	126
338	1	Rtr2	80
339	1	Rtr2	71
340	1	Rtr2	140
341	1	Rtr2	133
342	1	Rtr2	108
343	1	Rtr2	81
344	1	Rtr2	92
345	1	Rtr2	976
346	1	Rtr2	1818
347	1	Rtr2	1816
348	1	Rtr2	1777
349	1	Rtr2	958
350	1	Rtr2	162
351	1	Rtr2	147
352	1	Rtr2	126
353	1	Rtr2	87
354	1	Rtr2	95
355	1	Rtr2	148
356	1	Rtr2	150
357	1	Rtr2	139
358	1	Rtr2	94
359	1	Rtr2	48
360	1	Rtr2	106
361	1	Rtr2	135
362	1	Rtr2	122
363	1	Rtr2	110
364	1	Rtr2	72
365	1	Rtr2	146
366	1	Rtr2	975
367	1	Rtr2	1809
368	1	Rtr2	1776
369	1	Rtr2	1769
370	1	Rtr2	1000
371	1	Rtr2	151
372	1	Rtr2	144
373	1	Rtr2	107
374	1	Rtr2	83
375	1	Rtr2	158
376	1	Rtr2	514
377	1	Rtr2	438
378	1	Rtr2	398
379	1	Rtr2	386
380	1	Rtr2	177
381	1	Rtr2	164
382	1	Rtr2	141
383	1	Rtr2	74
384	1	Rtr2	69
385	1	Rtr2	123
386	1	Rtr2	114
387	1	Rtr2	955
388	1	Rtr2	1774
389	1	Rtr2	1789
390	1	Rtr2	1847
391	1	Rtr2	996
392	1	Rtr2	163
393	1	Rtr2	77
394	1	Rtr2	70
395	1	Rtr2	112
396	1	Rtr2	130
397	1	Rtr2	110
398	1	Rtr2	56
399	1	Rtr2	47
400	1	Rtr2	106
401	1	Rtr2	86
402	1	Rtr2	84
403	1	Rtr2	63
404	1	Rtr2	50
405	1	Rtr2	122
406	1	Rtr2	98
407	1	Rtr2	74
408	1	Rtr2	910
409	1	Rtr2	1772
410	1	Rtr2	1830
411	1	Rtr2	1834
412	1	Rtr2	995
413	1	Rtr2	104
414	1	Rtr2	80
415	1	Rtr2	139
416	1	Rtr2	125
417	1	Rtr2	131
418	1	Rtr2	79
419	1	Rtr2	105
420	1	Rtr2	151
421	1	Rtr2	157
422	1	Rtr2	148
423	1	Rtr2	74
424	1	Rtr2	61
425	1	Rtr2	114
426	1	Rtr2	115
427	1	Rtr2	115
428	1	Rtr2	87
429	1	Rtr2	922
430	1	Rtr2	1834
431	1	Rtr2	1839
432	1	Rtr2	1849
433	1	Rtr2	1217
434	1	Rtr2	293
435	1	Rtr2	346
436	1	Rtr2	330
437	1	Rtr2	157
438	1	Rtr2	97
439	1	Rtr2	79
440	1	Rtr2	121
441	1	Rtr2	127
442	1	Rtr2	126
443	1	Rtr2	62
444	1	Rtr2	85
445	1	Rtr2	118
446	1	Rtr2	134
447	1	Rtr2	105
448	1	Rtr2	77
449	1	Rtr2	55
450	1	Rtr2	961
451	1	Rtr2	1829
452	1	Rtr2	1824
453	1	Rtr2	1799
454	1	Rtr2	965
455	1	Rtr2	170
456	1	Rtr2	122
457	1	Rtr2	121
458	1	Rtr2	73
459	1	Rtr2	42
460	1	Rtr2	111
461	1	Rtr2	91
462	1	Rtr2	90
463	1	Rtr2	80
464	1	Rtr2	96
465	1	Rtr2	139
466	1	Rtr2	141
467	1	Rtr2	134
468	1	Rtr2	73
469	1	Rtr2	77
470	1	Rtr2	129
471	1	Rtr2	982
472	1	Rtr2	1840
473	1	Rtr2	1801
474	1	Rtr2	1804
475	1	Rtr2	1012
476	1	Rtr2	147
477	1	Rtr2	112
478	1	Rtr2	63
479	1	Rtr2	73
480	1	Rtr2	145
481	1	Rtr2	151
482	1	Rtr2	135
483	1	Rtr2	106
484	1	Rtr2	74
485	1	Rtr2	114
486	1	Rtr2	103
487	1	Rtr2	124
488	1	Rtr2	78
489	1	Rtr2	82
490	1	Rtr2	135
491	1	Rtr2	455
492	1	Rtr2	1256
493	1	Rtr2	2077
494	1	Rtr2	2069
495	1	Rtr2	1856
496	1	Rtr2	1027
497	1	Rtr2	155
498	1	Rtr2	105
499	1	Rtr2	78
500	1	Rtr2	132
501	1	Rtr2	119
502	1	Rtr2	119
503	1	Rtr2	65
504	1	Rtr2	71
505	1	Rtr2	119
506	1	Rtr2	96
507	1	Rtr2	89
508	1	Rtr2	74
509	1	Rtr2	54
510	1	Rtr2	122
511	1	Rtr2	120
512	1	Rtr2	108
513	1	Rtr2	934
514	1	Rtr2	1818
515	1	Rtr2	1867
516	1	Rtr2	1871
517	1	Rtr2	1029
518	1	Rtr2	104
519	1	Rtr2	103
520	1	Rtr2	155
521	1	Rtr2	161
522	1	Rtr2	152
523	1	Rtr2	82
524	1	Rtr2	70
525	1	Rtr2	113
526	1	Rtr2	119
527	1	Rtr2	120
528	1	Rtr2	77
529	1	Rtr2	67
530	1	Rtr2	103
531	1	Rtr2	102
532	1	Rtr2	109
533	1	Rtr2	73
534	1	Rtr2	927
535	1	Rtr2	1848
536	1	Rtr2	1861
537	1	Rtr2	1853
538	1	Rtr2	977
539	1	Rtr2	96
540	1	Rtr2	128
541	1	Rtr2	124
542	1	Rtr2	153
543	1	Rtr2	95
544	1	Rtr2	68
545	1	Rtr2	116
546	1	Rtr2	136
547	1	Rtr2	390
548	1	Rtr2	308
549	1	Rtr2	295
550	1	Rtr2	351
551	1	Rtr2	141
552	1	Rtr2	130
553	1	Rtr2	85
554	1	Rtr2	69
555	1	Rtr2	970
556	1	Rtr2	1844
557	1	Rtr2	1859
558	1	Rtr2	1825
559	1	Rtr2	971
560	1	Rtr2	161
561	1	Rtr2	127
562	1	Rtr2	116
563	1	Rtr2	86
564	1	Rtr2	410
565	1	Rtr2	425
566	1	Rtr2	421
567	1	Rtr2	397
568	1	Rtr2	97
569	1	Rtr2	92
570	1	Rtr2	124
571	1	Rtr2	134
572	1	Rtr2	115
573	1	Rtr2	64
574	1	Rtr2	69
575	1	Rtr2	119
576	1	Rtr2	973
577	1	Rtr2	1864
578	1	Rtr2	1837
579	1	Rtr2	1830
580	1	Rtr2	1021
581	1	Rtr2	127
582	1	Rtr2	103
583	1	Rtr2	72
584	1	Rtr2	71
585	1	Rtr2	113
586	1	Rtr2	123
587	1	Rtr2	106
588	1	Rtr2	45
589	1	Rtr2	47
590	1	Rtr2	71
591	1	Rtr2	82
592	1	Rtr2	89
593	1	Rtr2	63
594	1	Rtr2	80
595	1	Rtr2	140
596	1	Rtr2	126
597	1	Rtr2	1006
598	1	Rtr2	1840
599	1	Rtr2	1854
600	1	Rtr2	1896
601	1	Rtr2	1027
602	1	Rtr2	133
603	1	Rtr2	949
604	1	Rtr2	1831
605	1	Rtr2	1883
606	1	Rtr2	1880
607	1	Rtr2	1032
608	1	Rtr2	106
609	1	Rtr2	94
610	1	Rtr2	142
611	1	Rtr2	124
612	1	Rtr2	132
613	1	Rtr2	100
614	1	Rtr2	90
615	1	Rtr2	142
616	1	Rtr2	147
617	1	Rtr2	147
618	1	Rtr2	87
619	1	Rtr2	75
620	1	Rtr2	118
621	1	Rtr2	129
622	1	Rtr2	117
623	1	Rtr2	396
624	1	Rtr2	1205
625	1	Rtr2	2134
626	1	Rtr2	2130
627	1	Rtr2	1896
628	1	Rtr2	984
629	1	Rtr2	98
630	1	Rtr2	135
631	1	Rtr2	143
632	1	Rtr2	136
633	1	Rtr2	79
634	1	Rtr2	74
635	1	Rtr2	107
636	1	Rtr2	116
637	1	Rtr2	97
638	1	Rtr2	68
639	1	Rtr2	44
640	1	Rtr2	96
641	1	Rtr2	124
642	1	Rtr2	107
643	1	Rtr2	85
644	1	Rtr2	88
645	1	Rtr2	1006
646	1	Rtr2	1898
647	1	Rtr2	1904
648	1	Rtr2	1852
649	1	Rtr2	979
650	1	Rtr2	123
651	1	Rtr2	116
652	1	Rtr2	106
653	1	Rtr2	59
654	1	Rtr2	59
655	1	Rtr2	96
656	1	Rtr2	84
657	1	Rtr2	91
658	1	Rtr2	54
659	1	Rtr2	52
660	1	Rtr2	87
661	1	Rtr2	98
662	1	Rtr2	66
663	1	Rtr2	69
664	1	Rtr2	72
665	1	Rtr2	109
666	1	Rtr2	992
667	1	Rtr2	1882
668	1	Rtr2	1854
669	1	Rtr2	1855
670	1	Rtr2	1015
671	1	Rtr2	115
672	1	Rtr2	104
673	1	Rtr2	77
674	1	Rtr2	70
675	1	Rtr2	123
676	1	Rtr2	117
677	1	Rtr2	114
678	1	Rtr2	68
679	1	Rtr2	415
680	1	Rtr2	440
681	1	Rtr2	422
682	1	Rtr2	414
683	1	Rtr2	81
684	1	Rtr2	85
685	1	Rtr2	139
686	1	Rtr2	120
687	1	Rtr2	1001
688	1	Rtr2	1847
689	1	Rtr2	1858
690	1	Rtr2	1902
691	1	Rtr2	1016
692	1	Rtr2	155
693	1	Rtr2	86
694	1	Rtr2	94
695	1	Rtr2	123
696	1	Rtr2	115
697	1	Rtr2	114
698	1	Rtr2	70
699	1	Rtr2	67
700	1	Rtr2	106
701	1	Rtr2	117
702	1	Rtr2	104
703	1	Rtr2	43
704	1	Rtr2	49
705	1	Rtr2	94
706	1	Rtr2	95
707	1	Rtr2	75
708	1	Rtr2	959
709	1	Rtr2	1866
710	1	Rtr2	1910
711	1	Rtr2	1913
712	1	Rtr2	1038
713	1	Rtr2	104
714	1	Rtr2	82
715	1	Rtr2	129
716	1	Rtr2	134
717	1	Rtr2	119
718	1	Rtr2	71
719	1	Rtr2	49
720	1	Rtr2	89
721	1	Rtr2	92
722	1	Rtr2	87
723	1	Rtr2	72
724	1	Rtr2	72
725	1	Rtr2	99
726	1	Rtr2	109
727	1	Rtr2	75
728	1	Rtr2	62
729	1	Rtr2	951
730	1	Rtr2	1887
731	1	Rtr2	1895
732	1	Rtr2	1894
733	1	Rtr2	984
734	1	Rtr2	90
735	1	Rtr2	106
736	1	Rtr2	107
737	1	Rtr2	103
738	1	Rtr2	48
739	1	Rtr2	56
740	1	Rtr2	79
741	1	Rtr2	87
742	1	Rtr2	388
743	1	Rtr2	310
744	1	Rtr2	305
745	1	Rtr2	338
746	1	Rtr2	119
747	1	Rtr2	104
748	1	Rtr2	53
749	1	Rtr2	48
750	1	Rtr2	980
751	1	Rtr2	1899
752	1	Rtr2	1900
753	1	Rtr2	1883
754	1	Rtr2	1003
755	1	Rtr2	145
756	1	Rtr2	119
757	1	Rtr2	111
758	1	Rtr2	69
759	1	Rtr2	47
760	1	Rtr2	75
761	1	Rtr2	76
762	1	Rtr2	86
763	1	Rtr2	45
764	1	Rtr2	55
765	1	Rtr2	95
766	1	Rtr2	90
767	1	Rtr2	65
768	1	Rtr2	66
769	1	Rtr2	71
770	1	Rtr2	384
771	1	Rtr2	1225
772	1	Rtr2	2127
773	1	Rtr2	2103
774	1	Rtr2	1885
775	1	Rtr2	1029
776	1	Rtr2	117
777	1	Rtr2	110
778	1	Rtr2	58
779	1	Rtr2	76
780	1	Rtr2	117
781	1	Rtr2	103
782	1	Rtr2	88
783	1	Rtr2	46
784	1	Rtr2	53
785	1	Rtr2	101
786	1	Rtr2	89
787	1	Rtr2	74
788	1	Rtr2	49
789	1	Rtr2	32
790	1	Rtr2	69
791	1	Rtr2	72
792	1	Rtr2	977
793	1	Rtr2	1875
794	1	Rtr2	1882
795	1	Rtr2	1912
796	1	Rtr2	1025
797	1	Rtr2	125
798	1	Rtr2	61
799	1	Rtr2	55
800	1	Rtr2	89
801	1	Rtr2	109
802	1	Rtr2	97
803	1	Rtr2	63
804	1	Rtr2	75
805	1	Rtr2	111
806	1	Rtr2	106
807	1	Rtr2	105
808	1	Rtr2	49
809	1	Rtr2	35
810	1	Rtr2	61
811	1	Rtr2	57
812	1	Rtr2	50
813	1	Rtr2	955
814	1	Rtr2	1877
815	1	Rtr2	1916
816	1	Rtr2	1917
817	1	Rtr2	1024
818	1	Rtr2	98
819	1	Rtr2	65
820	1	Rtr2	97
821	1	Rtr2	101
822	1	Rtr2	96
823	1	Rtr2	61
824	1	Rtr2	48
825	1	Rtr2	78
826	1	Rtr2	81
827	1	Rtr2	65
828	1	Rtr2	68
829	1	Rtr2	50
830	1	Rtr2	70
831	1	Rtr2	87
832	1	Rtr2	79
833	1	Rtr2	47
834	1	Rtr2	953
835	1	Rtr2	1900
836	1	Rtr2	1929
837	1	Rtr2	1927
838	1	Rtr2	1009
839	1	Rtr2	369
840	1	Rtr2	338
841	1	Rtr2	346
842	1	Rtr2	331
843	1	Rtr2	85
844	1	Rtr2	60
845	1	Rtr2	68
846	1	Rtr2	87
847	1	Rtr2	79
848	1	Rtr2	66
849	1	Rtr2	54
850	1	Rtr2	75
851	1	Rtr2	75
852	1	Rtr2	60
853	1	Rtr2	48
854	1	Rtr2	45
855	1	Rtr2	980
856	1	Rtr2	1907
857	1	Rtr2	1914
858	1	Rtr2	1905
859	1	Rtr2	1000
860	1	Rtr2	102
861	1	Rtr2	102
862	1	Rtr2	103
863	1	Rtr2	80
864	1	Rtr2	62
865	1	Rtr2	90
866	1	Rtr2	80
867	1	Rtr2	87
868	1	Rtr2	75
869	1	Rtr2	40
870	1	Rtr2	71
871	1	Rtr2	69
872	1	Rtr2	59
873	1	Rtr2	57
874	1	Rtr2	42
875	1	Rtr2	66
876	1	Rtr2	975
877	1	Rtr2	1904
878	1	Rtr2	1906
879	1	Rtr2	1905
880	1	Rtr2	1022
881	1	Rtr2	105
882	1	Rtr2	102
883	1	Rtr2	63
884	1	Rtr2	61
885	1	Rtr2	102
886	1	Rtr2	86
887	1	Rtr2	86
888	1	Rtr2	60
889	1	Rtr2	69
890	1	Rtr2	107
891	1	Rtr2	363
892	1	Rtr2	291
893	1	Rtr2	264
894	1	Rtr2	254
895	1	Rtr2	99
896	1	Rtr2	83
897	1	Rtr2	1010
898	1	Rtr2	1907
899	1	Rtr2	1905
900	1	Rtr2	1937
901	1	Rtr2	1035
902	1	Rtr2	118
903	1	Rtr2	980
904	1	Rtr2	1908
905	1	Rtr2	1954
906	1	Rtr2	1954
907	1	Rtr2	1023
908	1	Rtr2	80
909	1	Rtr2	72
910	1	Rtr2	98
911	1	Rtr2	100
912	1	Rtr2	109
913	1	Rtr2	66
914	1	Rtr2	52
915	1	Rtr2	89
916	1	Rtr2	83
917	1	Rtr2	84
918	1	Rtr2	46
919	1	Rtr2	38
920	1	Rtr2	64
921	1	Rtr2	76
922	1	Rtr2	58
923	1	Rtr2	55
924	1	Rtr2	973
925	1	Rtr2	1938
926	1	Rtr2	1945
927	1	Rtr2	1944
928	1	Rtr2	1006
929	1	Rtr2	72
930	1	Rtr2	89
931	1	Rtr2	85
932	1	Rtr2	83
933	1	Rtr2	55
934	1	Rtr2	53
935	1	Rtr2	75
936	1	Rtr2	86
937	1	Rtr2	354
938	1	Rtr2	286
939	1	Rtr2	274
940	1	Rtr2	282
941	1	Rtr2	90
942	1	Rtr2	87
943	1	Rtr2	33
944	1	Rtr2	33
945	1	Rtr2	980
946	1	Rtr2	1924
947	1	Rtr2	1931
948	1	Rtr2	1931
949	1	Rtr2	996
950	1	Rtr2	96
951	1	Rtr2	79
952	1	Rtr2	75
953	1	Rtr2	59
954	1	Rtr2	58
955	1	Rtr2	77
956	1	Rtr2	81
957	1	Rtr2	70
958	1	Rtr2	66
959	1	Rtr2	30
960	1	Rtr2	47
961	1	Rtr2	41
962	1	Rtr2	45
963	1	Rtr2	58
964	1	Rtr2	52
965	1	Rtr2	82
966	1	Rtr2	1002
967	1	Rtr2	1944
968	1	Rtr2	1926
969	1	Rtr2	1930
970	1	Rtr2	1042
971	1	Rtr2	80
972	1	Rtr2	76
973	1	Rtr2	52
974	1	Rtr2	55
975	1	Rtr2	76
976	1	Rtr2	73
977	1	Rtr2	65
978	1	Rtr2	37
979	1	Rtr2	43
980	1	Rtr2	62
981	1	Rtr2	56
982	1	Rtr2	47
983	1	Rtr2	47
984	1	Rtr2	43
985	1	Rtr2	76
986	1	Rtr2	74
987	1	Rtr2	1012
988	1	Rtr2	1921
989	1	Rtr2	1935
990	1	Rtr2	1959
991	1	Rtr2	1038
992	1	Rtr2	93
993	1	Rtr2	275
994	1	Rtr2	223
995	1	Rtr2	244
996	1	Rtr2	244
997	1	Rtr2	92
998	1	Rtr2	46
999	1	Rtr2	52
1000	1	Rtr2	87
1001	1	Rtr2	363
1002	1	Rtr2	306
1003	1	Rtr2	1213
1004	1	Rtr2	2153
1005	1	Rtr2	1974
1006	1	Rtr2	1970
1007	1	Rtr2	1030
1008	1	Rtr2	67
1009	1	Rtr2	64
1010	1	Rtr2	78
1011	1	Rtr2	100
1012	1	Rtr2	93
1013	1	Rtr2	61
1014	1	Rtr2	47
1015	1	Rtr2	76
1016	1	Rtr2	64
1017	1	Rtr2	72
1018	1	Rtr2	53
1019	1	Rtr2	45
1020	1	Rtr2	74
1021	1	Rtr2	70
1022	1	Rtr2	58
1023	1	Rtr2	51
1024	1	Rtr2	981
1025	1	Rtr2	1958
1026	1	Rtr2	1969
1027	1	Rtr2	1965
1028	1	Rtr2	1013
1029	1	Rtr2	51
1030	1	Rtr2	60
1031	1	Rtr2	51
1032	1	Rtr2	48
1033	1	Rtr2	31
1034	1	Rtr2	26
1035	1	Rtr2	36
1036	1	Rtr2	53
1037	1	Rtr2	41
1038	1	Rtr2	30
1039	1	Rtr2	45
1040	1	Rtr2	58
1041	1	Rtr2	67
1042	1	Rtr2	54
1043	1	Rtr2	40
1044	1	Rtr2	48
1045	1	Rtr2	1004
1046	1	Rtr2	1963
1047	1	Rtr2	1970
1048	1	Rtr2	1954
1049	1	Rtr2	1018
1050	1	Rtr2	86
1051	1	Rtr2	85
1052	1	Rtr2	86
1053	1	Rtr2	42
1054	1	Rtr2	30
1055	1	Rtr2	50
1056	1	Rtr2	243
1057	1	Rtr2	192
1058	1	Rtr2	194
1059	1	Rtr2	196
1060	1	Rtr2	82
1061	1	Rtr2	75
1062	1	Rtr2	51
1063	1	Rtr2	43
1064	1	Rtr2	28
1065	1	Rtr2	46
1066	1	Rtr2	994
1067	1	Rtr2	1945
1068	1	Rtr2	1954
1069	1	Rtr2	1959
1070	1	Rtr2	1044
1071	1	Rtr2	82
1072	1	Rtr2	74
1073	1	Rtr2	50
1074	1	Rtr2	49
1075	1	Rtr2	67
1076	1	Rtr2	61
1077	1	Rtr2	71
1078	1	Rtr2	47
1079	1	Rtr2	39
1080	1	Rtr2	58
1081	1	Rtr2	61
1082	1	Rtr2	58
1083	1	Rtr2	47
1084	1	Rtr2	34
1085	1	Rtr2	67
1086	1	Rtr2	62
1087	1	Rtr2	1019
1088	1	Rtr2	1954
1089	1	Rtr2	1965
1090	1	Rtr2	1981
1091	1	Rtr2	1032
1092	1	Rtr2	74
1093	1	Rtr2	63
1094	1	Rtr2	39
1095	1	Rtr2	55
1096	1	Rtr2	59
1097	1	Rtr2	52
1098	1	Rtr2	30
1099	1	Rtr2	40
1100	1	Rtr2	55
1101	1	Rtr2	54
1102	1	Rtr2	50
1103	1	Rtr2	35
1104	1	Rtr2	32
1105	1	Rtr2	53
1106	1	Rtr2	57
1107	1	Rtr2	48
1108	1	Rtr2	998
1109	1	Rtr2	1958
1110	1	Rtr2	1990
1111	1	Rtr2	2228
1112	1	Rtr2	1227
1113	1	Rtr2	236
1114	1	Rtr2	219
1115	1	Rtr2	71
1116	1	Rtr2	75
1117	1	Rtr2	61
1118	1	Rtr2	42
1119	1	Rtr2	47
1120	1	Rtr2	58
1121	1	Rtr2	68
1122	1	Rtr2	64
1123	1	Rtr2	31
1124	1	Rtr2	41
1125	1	Rtr2	53
1126	1	Rtr2	55
1127	1	Rtr2	57
1128	1	Rtr2	43
1129	1	Rtr2	1000
1130	1	Rtr2	1994
1131	1	Rtr2	1997
1132	1	Rtr2	2000
1133	1	Rtr2	1026
1134	1	Rtr2	62
1135	1	Rtr2	57
1136	1	Rtr2	55
1137	1	Rtr2	47
1138	1	Rtr2	27
1139	1	Rtr2	31
1140	1	Rtr2	44
1141	1	Rtr2	54
1142	1	Rtr2	46
1143	1	Rtr2	25
1144	1	Rtr2	34
1145	1	Rtr2	48
1146	1	Rtr2	56
1147	1	Rtr2	43
1148	1	Rtr2	35
1149	1	Rtr2	20
1150	1	Rtr2	1000
1151	1	Rtr2	1965
1152	1	Rtr2	1987
1153	1	Rtr2	1975
1154	1	Rtr2	1027
1155	1	Rtr2	81
1156	1	Rtr2	68
1157	1	Rtr2	47
1158	1	Rtr2	37
1159	1	Rtr2	38
1160	1	Rtr2	55
1161	1	Rtr2	288
1162	1	Rtr2	229
1163	1	Rtr2	190
1164	1	Rtr2	199
1165	1	Rtr2	60
1166	1	Rtr2	40
1167	1	Rtr2	28
1168	1	Rtr2	26
1169	1	Rtr2	30
1170	1	Rtr2	44
1171	1	Rtr2	1004
1172	1	Rtr2	1980
1173	1	Rtr2	1983
1174	1	Rtr2	1990
1175	1	Rtr2	1048
1176	1	Rtr2	89
1177	1	Rtr2	59
1178	1	Rtr2	24
1179	1	Rtr2	26
1180	1	Rtr2	41
1181	1	Rtr2	30
1182	1	Rtr2	28
1183	1	Rtr2	26
1184	1	Rtr2	29
1185	1	Rtr2	50
1186	1	Rtr2	25
1187	1	Rtr2	43
1188	1	Rtr2	32
1189	1	Rtr2	38
1190	1	Rtr2	58
1191	1	Rtr2	56
1192	1	Rtr2	1014
1193	1	Rtr2	1984
1194	1	Rtr2	1987
1195	1	Rtr2	2007
1196	1	Rtr2	1043
1197	1	Rtr2	75
1198	1	Rtr2	52
1199	1	Rtr2	48
1200	1	Rtr2	52
1201	1	Rtr2	44
1202	1	Rtr2	36
1203	1	Rtr2	27
1204	1	Rtr2	15
1205	1	Rtr2	34
1206	1	Rtr2	31
1207	1	Rtr2	32
1208	1	Rtr2	21
1209	1	Rtr2	33
1210	1	Rtr2	36
1211	1	Rtr2	45
1212	1	Rtr2	32
1213	1	Rtr2	1003
1214	1	Rtr2	1985
1215	1	Rtr2	2018
1216	1	Rtr2	2017
1217	1	Rtr2	1042
1218	1	Rtr2	53
1219	1	Rtr2	36
1220	1	Rtr2	41
1221	1	Rtr2	254
1222	1	Rtr2	201
1223	1	Rtr2	183
1224	1	Rtr2	175
1225	1	Rtr2	56
1226	1	Rtr2	58
1227	1	Rtr2	48
1228	1	Rtr2	31
1229	1	Rtr2	22
1230	1	Rtr2	32
1231	1	Rtr2	42
1232	1	Rtr2	40
1233	1	Rtr2	28
1234	1	Rtr2	1004
1235	1	Rtr2	2010
1236	1	Rtr2	2018
1237	1	Rtr2	2013
1238	1	Rtr2	1032
1239	1	Rtr2	49
1240	1	Rtr2	32
1241	1	Rtr2	56
1242	1	Rtr2	34
1243	1	Rtr2	23
1244	1	Rtr2	24
1245	1	Rtr2	30
1246	1	Rtr2	42
1247	1	Rtr2	21
1248	1	Rtr2	16
1249	1	Rtr2	29
1250	1	Rtr2	32
1251	1	Rtr2	35
1252	1	Rtr2	47
1253	1	Rtr2	27
1254	1	Rtr2	24
1255	1	Rtr2	1014
1256	1	Rtr2	1995
1257	1	Rtr2	2002
1258	1	Rtr2	2005
1259	1	Rtr2	1031
1260	1	Rtr2	48
1261	1	Rtr2	37
1262	1	Rtr2	29
1263	1	Rtr2	23
1264	1	Rtr2	26
1265	1	Rtr2	24
1266	1	Rtr2	303
1267	1	Rtr2	250
1268	1	Rtr2	230
1269	1	Rtr2	219
1270	1	Rtr2	34
1271	1	Rtr2	36
1272	1	Rtr2	33
1273	1	Rtr2	27
1274	1	Rtr2	25
1275	1	Rtr2	24
1276	1	Rtr2	1013
1277	1	Rtr2	1997
1278	1	Rtr2	2007
1279	1	Rtr2	2006
1280	1	Rtr2	1048
1281	1	Rtr2	59
1282	1	Rtr2	60
1283	1	Rtr2	30
1284	1	Rtr2	23
1285	1	Rtr2	35
1286	1	Rtr2	42
1287	1	Rtr2	28
1288	1	Rtr2	22
1289	1	Rtr2	26
1290	1	Rtr2	30
1291	1	Rtr2	26
1292	1	Rtr2	21
1293	1	Rtr2	27
1294	1	Rtr2	27
1295	1	Rtr2	27
1296	1	Rtr2	19
1297	1	Rtr2	1010
1298	1	Rtr2	1990
1299	1	Rtr2	2010
1300	1	Rtr2	2028
1301	1	Rtr2	1041
1302	1	Rtr2	38
1303	1	Rtr2	1014
1304	1	Rtr2	2012
1305	1	Rtr2	2028
1306	1	Rtr2	2036
1307	1	Rtr2	1044
1308	1	Rtr2	41
1309	1	Rtr2	26
1310	1	Rtr2	34
1311	1	Rtr2	29
1312	1	Rtr2	23
1313	1	Rtr2	21
1314	1	Rtr2	21
1315	1	Rtr2	20
1316	1	Rtr2	26
1317	1	Rtr2	23
1318	1	Rtr2	14
1319	1	Rtr2	20
1320	1	Rtr2	27
1321	1	Rtr2	292
1322	1	Rtr2	247
1323	1	Rtr2	226
1324	1	Rtr2	1204
1325	1	Rtr2	2035
1326	1	Rtr2	2039
1327	1	Rtr2	2035
1328	1	Rtr2	1041
1329	1	Rtr2	31
1330	1	Rtr2	33
1331	1	Rtr2	36
1332	1	Rtr2	29
1333	1	Rtr2	22
1334	1	Rtr2	18
1335	1	Rtr2	28
1336	1	Rtr2	31
1337	1	Rtr2	16
1338	1	Rtr2	34
1339	1	Rtr2	21
1340	1	Rtr2	27
1341	1	Rtr2	19
1342	1	Rtr2	24
1343	1	Rtr2	23
1344	1	Rtr2	17
1345	1	Rtr2	1017
1346	1	Rtr2	2015
1347	1	Rtr2	2038
1348	1	Rtr2	2023
1349	1	Rtr2	1040
1350	1	Rtr2	43
1351	1	Rtr2	31
1352	1	Rtr2	26
1353	1	Rtr2	23
1354	1	Rtr2	18
1355	1	Rtr2	28
1356	1	Rtr2	38
1357	1	Rtr2	36
1358	1	Rtr2	16
1359	1	Rtr2	18
1360	1	Rtr2	28
1361	1	Rtr2	29
1362	1	Rtr2	20
1363	1	Rtr2	17
1364	1	Rtr2	31
1365	1	Rtr2	38
1366	1	Rtr2	1029
1367	1	Rtr2	2027
1368	1	Rtr2	2037
1369	1	Rtr2	2039
1370	1	Rtr2	1055
1371	1	Rtr2	48
1372	1	Rtr2	32
1373	1	Rtr2	19
1374	1	Rtr2	20
1375	1	Rtr2	34
1376	1	Rtr2	291
1377	1	Rtr2	244
1378	1	Rtr2	234
1379	1	Rtr2	212
1380	1	Rtr2	21
1381	1	Rtr2	23
1382	1	Rtr2	18
1383	1	Rtr2	17
1384	1	Rtr2	18
1385	1	Rtr2	15
1386	1	Rtr2	18
1387	1	Rtr2	1024
1388	1	Rtr2	2032
1389	1	Rtr2	2044
1390	1	Rtr2	2058
1391	1	Rtr2	1058
1392	1	Rtr2	50
1393	1	Rtr2	25
1394	1	Rtr2	18
1395	1	Rtr2	25
1396	1	Rtr2	25
1397	1	Rtr2	17
1398	1	Rtr2	17
1399	1	Rtr2	20
1400	1	Rtr2	19
1401	1	Rtr2	22
1402	1	Rtr2	36
1403	1	Rtr2	21
1404	1	Rtr2	22
1405	1	Rtr2	23
1406	1	Rtr2	20
1407	1	Rtr2	21
1408	1	Rtr2	1026
1409	1	Rtr2	2031
1410	1	Rtr2	2055
1411	1	Rtr2	2049
1412	1	Rtr2	1045
1413	1	Rtr2	30
1414	1	Rtr2	18
1415	1	Rtr2	21
1416	1	Rtr2	25
1417	1	Rtr2	23
1418	1	Rtr2	16
1419	1	Rtr2	14
1420	1	Rtr2	22
1421	1	Rtr2	24
1422	1	Rtr2	21
1423	1	Rtr2	21
1424	1	Rtr2	22
1425	1	Rtr2	19
1426	1	Rtr2	23
1427	1	Rtr2	22
1428	1	Rtr2	24
1429	1	Rtr2	1026
1430	1	Rtr2	2053
1431	1	Rtr2	2057
1432	1	Rtr2	2068
1433	1	Rtr2	1310
1434	1	Rtr2	241
1435	1	Rtr2	226
1436	1	Rtr2	205
1437	1	Rtr2	30
1438	1	Rtr2	23
1439	1	Rtr2	20
1440	1	Rtr2	21
1441	1	Rtr2	23
1442	1	Rtr2	17
1443	1	Rtr2	16
1444	1	Rtr2	15
1445	1	Rtr2	19
1446	1	Rtr2	15
1447	1	Rtr2	14
1448	1	Rtr2	20
1449	1	Rtr2	20
1450	1	Rtr2	1032
1451	1	Rtr2	2047
1452	1	Rtr2	2053
1453	1	Rtr2	2058
1454	1	Rtr2	1050
1455	1	Rtr2	27
1456	1	Rtr2	15
1457	1	Rtr2	24
1458	1	Rtr2	13
1459	1	Rtr2	17
1460	1	Rtr2	20
1461	1	Rtr2	20
1462	1	Rtr2	18
1463	1	Rtr2	17
1464	1	Rtr2	16
1465	1	Rtr2	22
1466	1	Rtr2	15
1467	1	Rtr2	16
1468	1	Rtr2	14
1469	1	Rtr2	13
1470	1	Rtr2	18
1471	1	Rtr2	1031
1472	1	Rtr2	2053
1473	1	Rtr2	2058
1474	1	Rtr2	2065
1475	1	Rtr2	1063
1476	1	Rtr2	42
1477	1	Rtr2	28
1478	1	Rtr2	14
1479	1	Rtr2	20
1480	1	Rtr2	16
1481	1	Rtr2	14
1482	1	Rtr2	18
1483	1	Rtr2	13
1484	1	Rtr2	13
1485	1	Rtr2	16
1486	1	Rtr2	16
1487	1	Rtr2	17
1488	1	Rtr2	17
1489	1	Rtr2	14
1490	1	Rtr2	11
1491	1	Rtr2	256
1492	1	Rtr2	1210
1493	1	Rtr2	2225
1494	1	Rtr2	2232
1495	1	Rtr2	2080
1496	1	Rtr2	1054
1497	1	Rtr2	36
1498	1	Rtr2	21
1499	1	Rtr2	17
1500	1	Rtr2	10
1501	1	Rtr2	16
1502	1	Rtr2	16
1503	1	Rtr2	27
1504	1	Rtr2	14
1505	1	Rtr2	15
1506	1	Rtr2	16
1507	1	Rtr2	18
1508	1	Rtr2	13
1509	1	Rtr2	20
1510	1	Rtr2	19
1511	1	Rtr2	18
1512	1	Rtr2	18
1513	1	Rtr2	1036
1514	1	Rtr2	2063
1515	1	Rtr2	2084
1516	1	Rtr2	2088
1517	1	Rtr2	1062
1518	1	Rtr2	27
1519	1	Rtr2	16
1520	1	Rtr2	15
1521	1	Rtr2	18
1522	1	Rtr2	15
1523	1	Rtr2	17
1524	1	Rtr2	15
1525	1	Rtr2	14
1526	1	Rtr2	14
1527	1	Rtr2	14
1528	1	Rtr2	16
1529	1	Rtr2	9
1530	1	Rtr2	13
1531	1	Rtr2	21
1532	1	Rtr2	19
1533	1	Rtr2	15
1534	1	Rtr2	1042
1535	1	Rtr2	2076
1536	1	Rtr2	2090
1537	1	Rtr2	2088
1538	1	Rtr2	1057
1539	1	Rtr2	30
1540	1	Rtr2	21
1541	1	Rtr2	14
1542	1	Rtr2	17
1543	1	Rtr2	17
1544	1	Rtr2	17
1545	1	Rtr2	13
1546	1	Rtr2	13
1547	1	Rtr2	207
1548	1	Rtr2	136
1549	1	Rtr2	132
1550	1	Rtr2	128
1551	1	Rtr2	17
1552	1	Rtr2	16
1553	1	Rtr2	14
1554	1	Rtr2	11
1555	1	Rtr2	1040
1556	1	Rtr2	2076
1557	1	Rtr2	2082
1558	1	Rtr2	2083
1559	1	Rtr2	1060
1560	1	Rtr2	23
1561	1	Rtr2	14
1562	1	Rtr2	16
1563	1	Rtr2	17
1564	1	Rtr2	229
1565	1	Rtr2	193
1566	1	Rtr2	181
1567	1	Rtr2	178
1568	1	Rtr2	22
1569	1	Rtr2	17
1570	1	Rtr2	17
1571	1	Rtr2	17
1572	1	Rtr2	14
1573	1	Rtr2	17
1574	1	Rtr2	16
1575	1	Rtr2	17
1576	1	Rtr2	1046
1577	1	Rtr2	2084
1578	1	Rtr2	2089
1579	1	Rtr2	2088
1580	1	Rtr2	1073
1581	1	Rtr2	38
1582	1	Rtr2	26
1583	1	Rtr2	16
1584	1	Rtr2	8
1585	1	Rtr2	14
1586	1	Rtr2	16
1587	1	Rtr2	17
1588	1	Rtr2	14
1589	1	Rtr2	11
1590	1	Rtr2	17
1591	1	Rtr2	23
1592	1	Rtr2	13
1593	1	Rtr2	14
1594	1	Rtr2	11
1595	1	Rtr2	15
1596	1	Rtr2	11
1597	1	Rtr2	1050
1598	1	Rtr2	2079
1599	1	Rtr2	2097
1600	1	Rtr2	2103
1601	1	Rtr2	1069
1602	1	Rtr2	38
1603	1	Rtr2	1043
1604	1	Rtr2	2089
1605	1	Rtr2	2107
1606	1	Rtr2	2107
1607	1	Rtr2	1073
1608	1	Rtr2	26
1609	1	Rtr2	17
1610	1	Rtr2	15
1611	1	Rtr2	15
1612	1	Rtr2	11
1613	1	Rtr2	13
1614	1	Rtr2	14
1615	1	Rtr2	11
1616	1	Rtr2	15
1617	1	Rtr2	17
1618	1	Rtr2	12
1619	1	Rtr2	12
1620	1	Rtr2	12
1621	1	Rtr2	13
1622	1	Rtr2	12
1623	1	Rtr2	216
1624	1	Rtr2	1182
1625	1	Rtr2	2227
1626	1	Rtr2	2237
1627	1	Rtr2	2115
1628	1	Rtr2	1071
1629	1	Rtr2	30
1630	1	Rtr2	15
1631	1	Rtr2	16
1632	1	Rtr2	13
1633	1	Rtr2	11
1634	1	Rtr2	11
1635	1	Rtr2	18
1636	1	Rtr2	15
1637	1	Rtr2	13
1638	1	Rtr2	12
1639	1	Rtr2	17
1640	1	Rtr2	14
1641	1	Rtr2	16
1642	1	Rtr2	15
1643	1	Rtr2	13
1644	1	Rtr2	18
1645	1	Rtr2	1045
1646	1	Rtr2	2086
1647	1	Rtr2	2116
1648	1	Rtr2	2110
1649	1	Rtr2	1083
1650	1	Rtr2	33
1651	1	Rtr2	13
1652	1	Rtr2	14
1653	1	Rtr2	13
1654	1	Rtr2	9
1655	1	Rtr2	12
1656	1	Rtr2	11
1657	1	Rtr2	13
1658	1	Rtr2	18
1659	1	Rtr2	8
1660	1	Rtr2	15
1661	1	Rtr2	15
1662	1	Rtr2	13
1663	1	Rtr2	12
1664	1	Rtr2	13
1665	1	Rtr2	17
1666	1	Rtr2	1059
1667	1	Rtr2	2107
1668	1	Rtr2	2118
1669	1	Rtr2	2112
1670	1	Rtr2	1076
1671	1	Rtr2	27
1672	1	Rtr2	15
1673	1	Rtr2	12
1674	1	Rtr2	17
1675	1	Rtr2	15
1676	1	Rtr2	17
1677	1	Rtr2	14
1678	1	Rtr2	14
1679	1	Rtr2	220
1680	1	Rtr2	201
1681	1	Rtr2	186
1682	1	Rtr2	184
1683	1	Rtr2	16
1684	1	Rtr2	14
1685	1	Rtr2	14
1686	1	Rtr2	9
1687	1	Rtr2	1055
1688	1	Rtr2	2110
1689	1	Rtr2	2122
1690	1	Rtr2	2131
1691	1	Rtr2	1080
1692	1	Rtr2	33
1693	1	Rtr2	13
1694	1	Rtr2	11
1695	1	Rtr2	13
1696	1	Rtr2	13
1697	1	Rtr2	11
1698	1	Rtr2	15
1699	1	Rtr2	10
1700	1	Rtr2	9
1701	1	Rtr2	15
1702	1	Rtr2	13
1703	1	Rtr2	8
1704	1	Rtr2	10
1705	1	Rtr2	15
1706	1	Rtr2	8
1707	1	Rtr2	13
1708	1	Rtr2	1062
1709	1	Rtr2	2113
1710	1	Rtr2	2130
1711	1	Rtr2	2135
1712	1	Rtr2	1086
1713	1	Rtr2	27
1714	1	Rtr2	11
1715	1	Rtr2	14
1716	1	Rtr2	13
1717	1	Rtr2	11
1718	1	Rtr2	16
1719	1	Rtr2	13
1720	1	Rtr2	15
1721	1	Rtr2	10
1722	1	Rtr2	11
1723	1	Rtr2	12
1724	1	Rtr2	14
1725	1	Rtr2	11
1726	1	Rtr2	15
1727	1	Rtr2	12
1728	1	Rtr2	12
1729	1	Rtr2	1061
1730	1	Rtr2	2120
1731	1	Rtr2	2130
1732	1	Rtr2	2132
1733	1	Rtr2	1079
1734	1	Rtr2	24
1735	1	Rtr2	14
1736	1	Rtr2	11
1737	1	Rtr2	15
1738	1	Rtr2	13
1739	1	Rtr2	15
1740	1	Rtr2	9
1741	1	Rtr2	12
1742	1	Rtr2	254
1743	1	Rtr2	193
1744	1	Rtr2	184
1745	1	Rtr2	179
1746	1	Rtr2	10
1747	1	Rtr2	5
1748	1	Rtr2	11
1749	1	Rtr2	9
1750	1	Rtr2	1065
1751	1	Rtr2	2124
1752	1	Rtr2	2139
1753	1	Rtr2	2135
1754	1	Rtr2	1087
1755	1	Rtr2	22
1756	1	Rtr2	11
1757	1	Rtr2	11
1758	1	Rtr2	14
1759	1	Rtr2	12
1760	1	Rtr2	16
1761	1	Rtr2	11
1762	1	Rtr2	12
1763	1	Rtr2	14
1764	1	Rtr2	10
1765	1	Rtr2	15
1766	1	Rtr2	8
1767	1	Rtr2	15
1768	1	Rtr2	13
1769	1	Rtr2	10
1770	1	Rtr2	215
1771	1	Rtr2	1207
1772	1	Rtr2	2268
1773	1	Rtr2	2279
1774	1	Rtr2	2144
1775	1	Rtr2	1089
1776	1	Rtr2	26
1777	1	Rtr2	13
1778	1	Rtr2	9
1779	1	Rtr2	8
1780	1	Rtr2	12
1781	1	Rtr2	16
1782	1	Rtr2	12
1783	1	Rtr2	11
1784	1	Rtr2	14
1785	1	Rtr2	12
1786	1	Rtr2	12
1787	1	Rtr2	14
1788	1	Rtr2	9
1789	1	Rtr2	15
1790	1	Rtr2	10
1791	1	Rtr2	11
1792	1	Rtr2	1069
1793	1	Rtr2	2134
1794	1	Rtr2	2148
1795	1	Rtr2	2149
1796	1	Rtr2	1094
1797	1	Rtr2	23
1798	1	Rtr2	12
1799	1	Rtr2	11
1800	1	Rtr2	8
1801	1	Rtr2	6
1802	1	Rtr2	12
1803	1	Rtr2	9
1804	1	Rtr2	6
1805	1	Rtr2	12
1806	1	Rtr2	15
1807	1	Rtr2	13
1808	1	Rtr2	12
1809	1	Rtr2	10
1810	1	Rtr2	11
1811	1	Rtr2	11
1812	1	Rtr2	8
1813	1	Rtr2	1072
1814	1	Rtr2	2144
1815	1	Rtr2	2156
1816	1	Rtr2	2158
1817	1	Rtr2	1098
1818	1	Rtr2	23
1819	1	Rtr2	10
1820	1	Rtr2	9
1821	1	Rtr2	9
1822	1	Rtr2	7
1823	1	Rtr2	12
1824	1	Rtr2	8
1825	1	Rtr2	11
1826	1	Rtr2	8
1827	1	Rtr2	10
1828	1	Rtr2	7
1829	1	Rtr2	12
1830	1	Rtr2	8
1831	1	Rtr2	11
1832	1	Rtr2	8
1833	1	Rtr2	7
1834	1	Rtr2	1075
1835	1	Rtr2	2150
1836	1	Rtr2	2161
1837	1	Rtr2	2165
1838	1	Rtr2	1094
1839	1	Rtr2	192
1840	1	Rtr2	142
1841	1	Rtr2	140
1842	1	Rtr2	141
1843	1	Rtr2	18
1844	1	Rtr2	10
1845	1	Rtr2	13
1846	1	Rtr2	9
1847	1	Rtr2	11
1848	1	Rtr2	11
1849	1	Rtr2	13
1850	1	Rtr2	9
1851	1	Rtr2	9
1852	1	Rtr2	10
1853	1	Rtr2	10
1854	1	Rtr2	9
1855	1	Rtr2	1076
1856	1	Rtr2	2153
1857	1	Rtr2	2166
1858	1	Rtr2	2162
1859	1	Rtr2	1095
1860	1	Rtr2	17
1861	1	Rtr2	7
1862	1	Rtr2	10
1863	1	Rtr2	8
1864	1	Rtr2	10
1865	1	Rtr2	6
1866	1	Rtr2	11
1867	1	Rtr2	8
1868	1	Rtr2	9
1869	1	Rtr2	8
1870	1	Rtr2	12
1871	1	Rtr2	9
1872	1	Rtr2	12
1873	1	Rtr2	11
1874	1	Rtr2	9
1875	1	Rtr2	9
1876	1	Rtr2	1076
1877	1	Rtr2	2156
1878	1	Rtr2	2177
1879	1	Rtr2	2169
1880	1	Rtr2	1101
1881	1	Rtr2	26
1882	1	Rtr2	9
1883	1	Rtr2	10
1884	1	Rtr2	13
1885	1	Rtr2	12
1886	1	Rtr2	9
1887	1	Rtr2	9
1888	1	Rtr2	13
1889	1	Rtr2	10
1890	1	Rtr2	11
1891	1	Rtr2	156
1892	1	Rtr2	105
1893	1	Rtr2	105
1894	1	Rtr2	102
1895	1	Rtr2	11
1896	1	Rtr2	7
1897	1	Rtr2	1082
1898	1	Rtr2	2162
1899	1	Rtr2	2175
1900	1	Rtr2	2181
1901	1	Rtr2	1108
1902	1	Rtr2	23
1903	1	Rtr2	1083
1904	1	Rtr2	2167
1905	1	Rtr2	2181
1906	1	Rtr2	2178
1907	1	Rtr2	1105
1908	1	Rtr2	21
1909	1	Rtr2	10
1910	1	Rtr2	9
1911	1	Rtr2	13
1912	1	Rtr2	10
1913	1	Rtr2	12
1914	1	Rtr2	10
1915	1	Rtr2	9
1916	1	Rtr2	8
1917	1	Rtr2	9
1918	1	Rtr2	12
1919	1	Rtr2	9
1920	1	Rtr2	9
1921	1	Rtr2	9
1922	1	Rtr2	8
1923	1	Rtr2	9
1924	1	Rtr2	1088
1925	1	Rtr2	2175
1926	1	Rtr2	2189
1927	1	Rtr2	2189
1928	1	Rtr2	1104
1929	1	Rtr2	19
1930	1	Rtr2	9
1931	1	Rtr2	11
1932	1	Rtr2	8
1933	1	Rtr2	14
1934	1	Rtr2	8
1935	1	Rtr2	6
1936	1	Rtr2	8
1937	1	Rtr2	167
1938	1	Rtr2	103
1939	1	Rtr2	103
1940	1	Rtr2	103
1941	1	Rtr2	8
1942	1	Rtr2	7
1943	1	Rtr2	7
1944	1	Rtr2	7
1945	1	Rtr2	1091
1946	1	Rtr2	2183
1947	1	Rtr2	2191
1948	1	Rtr2	2191
1949	1	Rtr2	1110
1950	1	Rtr2	24
1951	1	Rtr2	12
1952	1	Rtr2	10
1953	1	Rtr2	10
1954	1	Rtr2	7
1955	1	Rtr2	10
1956	1	Rtr2	8
1957	1	Rtr2	9
1958	1	Rtr2	6
1959	1	Rtr2	10
1960	1	Rtr2	9
1961	1	Rtr2	6
1962	1	Rtr2	7
1963	1	Rtr2	9
1964	1	Rtr2	7
1965	1	Rtr2	6
1966	1	Rtr2	1093
1967	1	Rtr2	2186
1968	1	Rtr2	2198
1969	1	Rtr2	2197
1970	1	Rtr2	1116
1971	1	Rtr2	22
1972	1	Rtr2	9
1973	1	Rtr2	11
1974	1	Rtr2	8
1975	1	Rtr2	10
1976	1	Rtr2	7
1977	1	Rtr2	7
1978	1	Rtr2	7
1979	1	Rtr2	9
1980	1	Rtr2	11
1981	1	Rtr2	8
1982	1	Rtr2	8
1983	1	Rtr2	6
1984	1	Rtr2	10
1985	1	Rtr2	10
1986	1	Rtr2	6
1987	1	Rtr2	1094
1988	1	Rtr2	2190
1989	1	Rtr2	2202
1990	1	Rtr2	2203
1991	1	Rtr2	1120
1992	1	Rtr2	19
1993	1	Rtr2	173
1994	1	Rtr2	121
1995	1	Rtr2	124
1996	1	Rtr2	118
1997	1	Rtr2	10
1998	1	Rtr2	11
1999	1	Rtr2	7
