Time	Node	PitItems
1	1	Rtr2	299
2	1	Rtr2	296
3	1	Rtr2	662
4	1	Rtr2	1036
5	1	Rtr2	1132
6	1	Rtr2	1132
7	1	Rtr2	734
8	1	Rtr2	158
9	1	Rtr2	140
10	1	Rtr2	255
11	1	Rtr2	243
12	1	Rtr2	202
13	1	Rtr2	126
14	1	Rtr2	122
15	1	Rtr2	178
16	1	Rtr2	195
17	1	Rtr2	160
18	1	Rtr2	101
19	1	Rtr2	80
20	1	Rtr2	156
21	1	Rtr2	184
22	1	Rtr2	141
23	1	Rtr2	112
24	1	Rtr2	490
25	1	Rtr2	947
26	1	Rtr2	959
27	1	Rtr2	956
28	1	Rtr2	506
29	1	Rtr2	92
30	1	Rtr2	180
31	1	Rtr2	144
32	1	Rtr2	164
33	1	Rtr2	77
34	1	Rtr2	84
35	1	Rtr2	178
36	1	Rtr2	156
37	1	Rtr2	135
38	1	Rtr2	91
39	1	Rtr2	70
40	1	Rtr2	136
41	1	Rtr2	149
42	1	Rtr2	129
43	1	Rtr2	89
44	1	Rtr2	93
45	1	Rtr2	556
46	1	Rtr2	963
47	1	Rtr2	978
48	1	Rtr2	928
49	1	Rtr2	519
50	1	Rtr2	180
51	1	Rtr2	180
52	1	Rtr2	174
53	1	Rtr2	79
54	1	Rtr2	76
55	1	Rtr2	141
56	1	Rtr2	234
57	1	Rtr2	225
58	1	Rtr2	196
59	1	Rtr2	197
60	1	Rtr2	250
61	1	Rtr2	272
62	1	Rtr2	264
63	1	Rtr2	113
64	1	Rtr2	92
65	1	Rtr2	160
66	1	Rtr2	587
67	1	Rtr2	961
68	1	Rtr2	923
69	1	Rtr2	923
70	1	Rtr2	587
71	1	Rtr2	172
72	1	Rtr2	185
73	1	Rtr2	114
74	1	Rtr2	89
75	1	Rtr2	153
76	1	Rtr2	162
77	1	Rtr2	157
78	1	Rtr2	100
79	1	Rtr2	100
80	1	Rtr2	181
81	1	Rtr2	189
82	1	Rtr2	149
83	1	Rtr2	93
84	1	Rtr2	85
85	1	Rtr2	155
86	1	Rtr2	160
87	1	Rtr2	568
88	1	Rtr2	919
89	1	Rtr2	923
90	1	Rtr2	998
91	1	Rtr2	600
92	1	Rtr2	168
93	1	Rtr2	110
94	1	Rtr2	93
95	1	Rtr2	160
96	1	Rtr2	155
97	1	Rtr2	139
98	1	Rtr2	94
99	1	Rtr2	71
100	1	Rtr2	137
101	1	Rtr2	129
102	1	Rtr2	114
103	1	Rtr2	78
104	1	Rtr2	74
105	1	Rtr2	130
106	1	Rtr2	128
107	1	Rtr2	119
108	1	Rtr2	512
109	1	Rtr2	923
110	1	Rtr2	996
111	1	Rtr2	1076
112	1	Rtr2	679
113	1	Rtr2	174
114	1	Rtr2	191
115	1	Rtr2	245
116	1	Rtr2	270
117	1	Rtr2	266
118	1	Rtr2	118
119	1	Rtr2	102
120	1	Rtr2	158
121	1	Rtr2	175
122	1	Rtr2	165
123	1	Rtr2	92
124	1	Rtr2	91
125	1	Rtr2	148
126	1	Rtr2	150
127	1	Rtr2	130
128	1	Rtr2	81
129	1	Rtr2	496
130	1	Rtr2	970
131	1	Rtr2	991
132	1	Rtr2	1000
133	1	Rtr2	522
134	1	Rtr2	96
135	1	Rtr2	160
136	1	Rtr2	149
137	1	Rtr2	127
138	1	Rtr2	64
139	1	Rtr2	78
140	1	Rtr2	163
141	1	Rtr2	149
142	1	Rtr2	138
143	1	Rtr2	87
144	1	Rtr2	79
145	1	Rtr2	157
146	1	Rtr2	145
147	1	Rtr2	140
148	1	Rtr2	91
149	1	Rtr2	73
150	1	Rtr2	568
151	1	Rtr2	986
152	1	Rtr2	991
153	1	Rtr2	947
154	1	Rtr2	555
155	1	Rtr2	187
156	1	Rtr2	170
157	1	Rtr2	162
158	1	Rtr2	103
159	1	Rtr2	92
160	1	Rtr2	159
161	1	Rtr2	248
162	1	Rtr2	244
163	1	Rtr2	183
164	1	Rtr2	171
165	1	Rtr2	245
166	1	Rtr2	242
167	1	Rtr2	236
168	1	Rtr2	116
169	1	Rtr2	102
170	1	Rtr2	161
171	1	Rtr2	577
172	1	Rtr2	1014
173	1	Rtr2	958
174	1	Rtr2	965
175	1	Rtr2	618
176	1	Rtr2	185
177	1	Rtr2	166
178	1	Rtr2	92
179	1	Rtr2	89
180	1	Rtr2	176
181	1	Rtr2	168
182	1	Rtr2	140
183	1	Rtr2	105
184	1	Rtr2	89
185	1	Rtr2	140
186	1	Rtr2	147
187	1	Rtr2	144
188	1	Rtr2	102
189	1	Rtr2	84
190	1	Rtr2	151
191	1	Rtr2	138
192	1	Rtr2	542
193	1	Rtr2	953
194	1	Rtr2	960
195	1	Rtr2	1030
196	1	Rtr2	606
197	1	Rtr2	183
198	1	Rtr2	106
199	1	Rtr2	115
200	1	Rtr2	168
201	1	Rtr2	155
202	1	Rtr2	143
203	1	Rtr2	72
204	1	Rtr2	57
205	1	Rtr2	157
206	1	Rtr2	124
207	1	Rtr2	131
208	1	Rtr2	82
209	1	Rtr2	76
210	1	Rtr2	140
211	1	Rtr2	164
212	1	Rtr2	128
213	1	Rtr2	517
214	1	Rtr2	956
215	1	Rtr2	1019
216	1	Rtr2	1044
217	1	Rtr2	599
218	1	Rtr2	110
219	1	Rtr2	119
220	1	Rtr2	184
221	1	Rtr2	282
222	1	Rtr2	288
223	1	Rtr2	215
224	1	Rtr2	196
225	1	Rtr2	259
226	1	Rtr2	271
227	1	Rtr2	263
228	1	Rtr2	121
229	1	Rtr2	97
230	1	Rtr2	150
231	1	Rtr2	153
232	1	Rtr2	149
233	1	Rtr2	91
234	1	Rtr2	522
235	1	Rtr2	1016
236	1	Rtr2	1010
237	1	Rtr2	1027
238	1	Rtr2	525
239	1	Rtr2	81
240	1	Rtr2	129
241	1	Rtr2	122
242	1	Rtr2	114
243	1	Rtr2	73
244	1	Rtr2	75
245	1	Rtr2	118
246	1	Rtr2	138
247	1	Rtr2	105
248	1	Rtr2	72
249	1	Rtr2	62
250	1	Rtr2	117
251	1	Rtr2	125
252	1	Rtr2	112
253	1	Rtr2	82
254	1	Rtr2	57
255	1	Rtr2	546
256	1	Rtr2	1004
257	1	Rtr2	1002
258	1	Rtr2	1009
259	1	Rtr2	532
260	1	Rtr2	151
261	1	Rtr2	142
262	1	Rtr2	133
263	1	Rtr2	82
264	1	Rtr2	69
265	1	Rtr2	124
266	1	Rtr2	245
267	1	Rtr2	229
268	1	Rtr2	181
269	1	Rtr2	185
270	1	Rtr2	236
271	1	Rtr2	250
272	1	Rtr2	239
273	1	Rtr2	97
274	1	Rtr2	108
275	1	Rtr2	163
276	1	Rtr2	616
277	1	Rtr2	1044
278	1	Rtr2	993
279	1	Rtr2	984
280	1	Rtr2	612
281	1	Rtr2	181
282	1	Rtr2	125
283	1	Rtr2	93
284	1	Rtr2	94
285	1	Rtr2	156
286	1	Rtr2	144
287	1	Rtr2	136
288	1	Rtr2	78
289	1	Rtr2	69
290	1	Rtr2	105
291	1	Rtr2	115
292	1	Rtr2	100
293	1	Rtr2	103
294	1	Rtr2	77
295	1	Rtr2	143
296	1	Rtr2	119
297	1	Rtr2	578
298	1	Rtr2	988
299	1	Rtr2	1006
300	1	Rtr2	1061
301	1	Rtr2	628
302	1	Rtr2	170
303	1	Rtr2	544
304	1	Rtr2	976
305	1	Rtr2	1032
306	1	Rtr2	1057
307	1	Rtr2	608
308	1	Rtr2	121
309	1	Rtr2	90
310	1	Rtr2	143
311	1	Rtr2	144
312	1	Rtr2	119
313	1	Rtr2	71
314	1	Rtr2	66
315	1	Rtr2	130
316	1	Rtr2	109
317	1	Rtr2	117
318	1	Rtr2	69
319	1	Rtr2	66
320	1	Rtr2	127
321	1	Rtr2	208
322	1	Rtr2	210
323	1	Rtr2	202
324	1	Rtr2	645
325	1	Rtr2	1150
326	1	Rtr2	1158
327	1	Rtr2	1153
328	1	Rtr2	558
329	1	Rtr2	123
330	1	Rtr2	180
331	1	Rtr2	163
332	1	Rtr2	172
333	1	Rtr2	85
334	1	Rtr2	83
335	1	Rtr2	146
336	1	Rtr2	133
337	1	Rtr2	125
338	1	Rtr2	73
339	1	Rtr2	89
340	1	Rtr2	140
341	1	Rtr2	147
342	1	Rtr2	137
343	1	Rtr2	98
344	1	Rtr2	110
345	1	Rtr2	608
346	1	Rtr2	1073
347	1	Rtr2	1067
348	1	Rtr2	1031
349	1	Rtr2	558
350	1	Rtr2	144
351	1	Rtr2	131
352	1	Rtr2	101
353	1	Rtr2	59
354	1	Rtr2	74
355	1	Rtr2	131
356	1	Rtr2	128
357	1	Rtr2	112
358	1	Rtr2	83
359	1	Rtr2	39
360	1	Rtr2	100
361	1	Rtr2	121
362	1	Rtr2	86
363	1	Rtr2	80
364	1	Rtr2	61
365	1	Rtr2	117
366	1	Rtr2	568
367	1	Rtr2	1025
368	1	Rtr2	1022
369	1	Rtr2	1015
370	1	Rtr2	609
371	1	Rtr2	141
372	1	Rtr2	137
373	1	Rtr2	93
374	1	Rtr2	83
375	1	Rtr2	135
376	1	Rtr2	271
377	1	Rtr2	253
378	1	Rtr2	210
379	1	Rtr2	177
380	1	Rtr2	232
381	1	Rtr2	229
382	1	Rtr2	206
383	1	Rtr2	88
384	1	Rtr2	79
385	1	Rtr2	110
386	1	Rtr2	110
387	1	Rtr2	572
388	1	Rtr2	1018
389	1	Rtr2	1018
390	1	Rtr2	1064
391	1	Rtr2	596
392	1	Rtr2	128
393	1	Rtr2	70
394	1	Rtr2	53
395	1	Rtr2	97
396	1	Rtr2	107
397	1	Rtr2	97
398	1	Rtr2	72
399	1	Rtr2	57
400	1	Rtr2	110
401	1	Rtr2	111
402	1	Rtr2	106
403	1	Rtr2	67
404	1	Rtr2	66
405	1	Rtr2	135
406	1	Rtr2	115
407	1	Rtr2	95
408	1	Rtr2	535
409	1	Rtr2	1021
410	1	Rtr2	1093
411	1	Rtr2	1084
412	1	Rtr2	609
413	1	Rtr2	107
414	1	Rtr2	64
415	1	Rtr2	116
416	1	Rtr2	133
417	1	Rtr2	115
418	1	Rtr2	84
419	1	Rtr2	89
420	1	Rtr2	141
421	1	Rtr2	136
422	1	Rtr2	130
423	1	Rtr2	74
424	1	Rtr2	57
425	1	Rtr2	123
426	1	Rtr2	97
427	1	Rtr2	119
428	1	Rtr2	89
429	1	Rtr2	555
430	1	Rtr2	1083
431	1	Rtr2	1079
432	1	Rtr2	1091
433	1	Rtr2	663
434	1	Rtr2	189
435	1	Rtr2	228
436	1	Rtr2	241
437	1	Rtr2	217
438	1	Rtr2	184
439	1	Rtr2	165
440	1	Rtr2	157
441	1	Rtr2	151
442	1	Rtr2	149
443	1	Rtr2	78
444	1	Rtr2	92
445	1	Rtr2	121
446	1	Rtr2	132
447	1	Rtr2	111
448	1	Rtr2	64
449	1	Rtr2	80
450	1	Rtr2	593
451	1	Rtr2	1091
452	1	Rtr2	1100
453	1	Rtr2	1062
454	1	Rtr2	582
455	1	Rtr2	167
456	1	Rtr2	160
457	1	Rtr2	136
458	1	Rtr2	89
459	1	Rtr2	69
460	1	Rtr2	126
461	1	Rtr2	106
462	1	Rtr2	106
463	1	Rtr2	87
464	1	Rtr2	78
465	1	Rtr2	130
466	1	Rtr2	140
467	1	Rtr2	119
468	1	Rtr2	69
469	1	Rtr2	69
470	1	Rtr2	113
471	1	Rtr2	591
472	1	Rtr2	1094
473	1	Rtr2	1048
474	1	Rtr2	1050
475	1	Rtr2	640
476	1	Rtr2	131
477	1	Rtr2	111
478	1	Rtr2	57
479	1	Rtr2	52
480	1	Rtr2	123
481	1	Rtr2	118
482	1	Rtr2	116
483	1	Rtr2	109
484	1	Rtr2	70
485	1	Rtr2	122
486	1	Rtr2	109
487	1	Rtr2	117
488	1	Rtr2	80
489	1	Rtr2	83
490	1	Rtr2	142
491	1	Rtr2	244
492	1	Rtr2	717
493	1	Rtr2	1157
494	1	Rtr2	1159
495	1	Rtr2	1194
496	1	Rtr2	732
497	1	Rtr2	234
498	1	Rtr2	93
499	1	Rtr2	61
500	1	Rtr2	110
501	1	Rtr2	105
502	1	Rtr2	93
503	1	Rtr2	48
504	1	Rtr2	54
505	1	Rtr2	106
506	1	Rtr2	92
507	1	Rtr2	78
508	1	Rtr2	67
509	1	Rtr2	51
510	1	Rtr2	111
511	1	Rtr2	108
512	1	Rtr2	90
513	1	Rtr2	563
514	1	Rtr2	1067
515	1	Rtr2	1119
516	1	Rtr2	1113
517	1	Rtr2	651
518	1	Rtr2	98
519	1	Rtr2	102
520	1	Rtr2	146
521	1	Rtr2	153
522	1	Rtr2	131
523	1	Rtr2	56
524	1	Rtr2	71
525	1	Rtr2	111
526	1	Rtr2	133
527	1	Rtr2	117
528	1	Rtr2	61
529	1	Rtr2	53
530	1	Rtr2	110
531	1	Rtr2	111
532	1	Rtr2	112
533	1	Rtr2	78
534	1	Rtr2	558
535	1	Rtr2	1100
536	1	Rtr2	1115
537	1	Rtr2	1110
538	1	Rtr2	595
539	1	Rtr2	86
540	1	Rtr2	114
541	1	Rtr2	117
542	1	Rtr2	112
543	1	Rtr2	66
544	1	Rtr2	53
545	1	Rtr2	109
546	1	Rtr2	107
547	1	Rtr2	216
548	1	Rtr2	179
549	1	Rtr2	177
550	1	Rtr2	250
551	1	Rtr2	220
552	1	Rtr2	242
553	1	Rtr2	158
554	1	Rtr2	79
555	1	Rtr2	627
556	1	Rtr2	1125
557	1	Rtr2	1136
558	1	Rtr2	1079
559	1	Rtr2	607
560	1	Rtr2	174
561	1	Rtr2	124
562	1	Rtr2	131
563	1	Rtr2	64
564	1	Rtr2	196
565	1	Rtr2	247
566	1	Rtr2	240
567	1	Rtr2	235
568	1	Rtr2	160
569	1	Rtr2	160
570	1	Rtr2	193
571	1	Rtr2	142
572	1	Rtr2	117
573	1	Rtr2	63
574	1	Rtr2	71
575	1	Rtr2	100
576	1	Rtr2	588
577	1	Rtr2	1105
578	1	Rtr2	1100
579	1	Rtr2	1090
580	1	Rtr2	642
581	1	Rtr2	124
582	1	Rtr2	119
583	1	Rtr2	67
584	1	Rtr2	69
585	1	Rtr2	119
586	1	Rtr2	121
587	1	Rtr2	108
588	1	Rtr2	65
589	1	Rtr2	36
590	1	Rtr2	65
591	1	Rtr2	73
592	1	Rtr2	87
593	1	Rtr2	67
594	1	Rtr2	87
595	1	Rtr2	136
596	1	Rtr2	133
597	1	Rtr2	626
598	1	Rtr2	1100
599	1	Rtr2	1103
600	1	Rtr2	1150
601	1	Rtr2	650
602	1	Rtr2	137
603	1	Rtr2	588
604	1	Rtr2	1110
605	1	Rtr2	1160
606	1	Rtr2	1151
607	1	Rtr2	663
608	1	Rtr2	113
609	1	Rtr2	94
610	1	Rtr2	148
611	1	Rtr2	141
612	1	Rtr2	112
613	1	Rtr2	70
614	1	Rtr2	53
615	1	Rtr2	96
616	1	Rtr2	92
617	1	Rtr2	82
618	1	Rtr2	53
619	1	Rtr2	54
620	1	Rtr2	89
621	1	Rtr2	101
622	1	Rtr2	100
623	1	Rtr2	225
624	1	Rtr2	716
625	1	Rtr2	1290
626	1	Rtr2	1282
627	1	Rtr2	1251
628	1	Rtr2	692
629	1	Rtr2	158
630	1	Rtr2	127
631	1	Rtr2	120
632	1	Rtr2	124
633	1	Rtr2	74
634	1	Rtr2	67
635	1	Rtr2	107
636	1	Rtr2	95
637	1	Rtr2	92
638	1	Rtr2	54
639	1	Rtr2	34
640	1	Rtr2	81
641	1	Rtr2	95
642	1	Rtr2	67
643	1	Rtr2	62
644	1	Rtr2	83
645	1	Rtr2	637
646	1	Rtr2	1168
647	1	Rtr2	1161
648	1	Rtr2	1113
649	1	Rtr2	595
650	1	Rtr2	115
651	1	Rtr2	95
652	1	Rtr2	98
653	1	Rtr2	59
654	1	Rtr2	53
655	1	Rtr2	101
656	1	Rtr2	90
657	1	Rtr2	79
658	1	Rtr2	54
659	1	Rtr2	44
660	1	Rtr2	77
661	1	Rtr2	78
662	1	Rtr2	68
663	1	Rtr2	71
664	1	Rtr2	68
665	1	Rtr2	102
666	1	Rtr2	614
667	1	Rtr2	1148
668	1	Rtr2	1135
669	1	Rtr2	1123
670	1	Rtr2	644
671	1	Rtr2	115
672	1	Rtr2	103
673	1	Rtr2	84
674	1	Rtr2	72
675	1	Rtr2	117
676	1	Rtr2	118
677	1	Rtr2	112
678	1	Rtr2	67
679	1	Rtr2	201
680	1	Rtr2	221
681	1	Rtr2	229
682	1	Rtr2	226
683	1	Rtr2	173
684	1	Rtr2	166
685	1	Rtr2	203
686	1	Rtr2	119
687	1	Rtr2	629
688	1	Rtr2	1116
689	1	Rtr2	1126
690	1	Rtr2	1177
691	1	Rtr2	644
692	1	Rtr2	141
693	1	Rtr2	81
694	1	Rtr2	71
695	1	Rtr2	110
696	1	Rtr2	116
697	1	Rtr2	95
698	1	Rtr2	61
699	1	Rtr2	64
700	1	Rtr2	103
701	1	Rtr2	105
702	1	Rtr2	108
703	1	Rtr2	52
704	1	Rtr2	54
705	1	Rtr2	89
706	1	Rtr2	91
707	1	Rtr2	85
708	1	Rtr2	612
709	1	Rtr2	1139
710	1	Rtr2	1184
711	1	Rtr2	1181
712	1	Rtr2	662
713	1	Rtr2	87
714	1	Rtr2	76
715	1	Rtr2	110
716	1	Rtr2	114
717	1	Rtr2	105
718	1	Rtr2	41
719	1	Rtr2	44
720	1	Rtr2	76
721	1	Rtr2	81
722	1	Rtr2	83
723	1	Rtr2	77
724	1	Rtr2	57
725	1	Rtr2	81
726	1	Rtr2	96
727	1	Rtr2	75
728	1	Rtr2	61
729	1	Rtr2	580
730	1	Rtr2	1168
731	1	Rtr2	1166
732	1	Rtr2	1156
733	1	Rtr2	627
734	1	Rtr2	89
735	1	Rtr2	108
736	1	Rtr2	112
737	1	Rtr2	123
738	1	Rtr2	58
739	1	Rtr2	61
740	1	Rtr2	95
741	1	Rtr2	88
742	1	Rtr2	219
743	1	Rtr2	191
744	1	Rtr2	182
745	1	Rtr2	218
746	1	Rtr2	194
747	1	Rtr2	190
748	1	Rtr2	143
749	1	Rtr2	44
750	1	Rtr2	619
751	1	Rtr2	1170
752	1	Rtr2	1162
753	1	Rtr2	1155
754	1	Rtr2	636
755	1	Rtr2	132
756	1	Rtr2	108
757	1	Rtr2	102
758	1	Rtr2	76
759	1	Rtr2	44
760	1	Rtr2	75
761	1	Rtr2	76
762	1	Rtr2	84
763	1	Rtr2	52
764	1	Rtr2	58
765	1	Rtr2	97
766	1	Rtr2	92
767	1	Rtr2	84
768	1	Rtr2	63
769	1	Rtr2	60
770	1	Rtr2	216
771	1	Rtr2	760
772	1	Rtr2	1285
773	1	Rtr2	1265
774	1	Rtr2	1230
775	1	Rtr2	727
776	1	Rtr2	164
777	1	Rtr2	89
778	1	Rtr2	51
779	1	Rtr2	81
780	1	Rtr2	103
781	1	Rtr2	101
782	1	Rtr2	82
783	1	Rtr2	67
784	1	Rtr2	40
785	1	Rtr2	87
786	1	Rtr2	88
787	1	Rtr2	92
788	1	Rtr2	56
789	1	Rtr2	41
790	1	Rtr2	71
791	1	Rtr2	67
792	1	Rtr2	611
793	1	Rtr2	1153
794	1	Rtr2	1170
795	1	Rtr2	1196
796	1	Rtr2	667
797	1	Rtr2	120
798	1	Rtr2	70
799	1	Rtr2	71
800	1	Rtr2	100
801	1	Rtr2	119
802	1	Rtr2	107
803	1	Rtr2	68
804	1	Rtr2	60
805	1	Rtr2	104
806	1	Rtr2	100
807	1	Rtr2	104
808	1	Rtr2	47
809	1	Rtr2	46
810	1	Rtr2	80
811	1	Rtr2	79
812	1	Rtr2	78
813	1	Rtr2	605
814	1	Rtr2	1164
815	1	Rtr2	1195
816	1	Rtr2	1193
817	1	Rtr2	664
818	1	Rtr2	100
819	1	Rtr2	63
820	1	Rtr2	88
821	1	Rtr2	96
822	1	Rtr2	80
823	1	Rtr2	62
824	1	Rtr2	45
825	1	Rtr2	74
826	1	Rtr2	74
827	1	Rtr2	55
828	1	Rtr2	66
829	1	Rtr2	39
830	1	Rtr2	59
831	1	Rtr2	71
832	1	Rtr2	48
833	1	Rtr2	47
834	1	Rtr2	600
835	1	Rtr2	1179
836	1	Rtr2	1198
837	1	Rtr2	1204
838	1	Rtr2	647
839	1	Rtr2	198
840	1	Rtr2	209
841	1	Rtr2	226
842	1	Rtr2	238
843	1	Rtr2	160
844	1	Rtr2	143
845	1	Rtr2	152
846	1	Rtr2	88
847	1	Rtr2	94
848	1	Rtr2	59
849	1	Rtr2	49
850	1	Rtr2	81
851	1	Rtr2	89
852	1	Rtr2	72
853	1	Rtr2	55
854	1	Rtr2	36
855	1	Rtr2	626
856	1	Rtr2	1196
857	1	Rtr2	1200
858	1	Rtr2	1182
859	1	Rtr2	640
860	1	Rtr2	99
861	1	Rtr2	98
862	1	Rtr2	114
863	1	Rtr2	75
864	1	Rtr2	68
865	1	Rtr2	96
866	1	Rtr2	105
867	1	Rtr2	94
868	1	Rtr2	72
869	1	Rtr2	37
870	1	Rtr2	67
871	1	Rtr2	67
872	1	Rtr2	71
873	1	Rtr2	59
874	1	Rtr2	55
875	1	Rtr2	82
876	1	Rtr2	635
877	1	Rtr2	1214
878	1	Rtr2	1199
879	1	Rtr2	1198
880	1	Rtr2	668
881	1	Rtr2	104
882	1	Rtr2	103
883	1	Rtr2	65
884	1	Rtr2	56
885	1	Rtr2	94
886	1	Rtr2	70
887	1	Rtr2	81
888	1	Rtr2	48
889	1	Rtr2	50
890	1	Rtr2	103
891	1	Rtr2	217
892	1	Rtr2	214
893	1	Rtr2	176
894	1	Rtr2	166
895	1	Rtr2	185
896	1	Rtr2	172
897	1	Rtr2	738
898	1	Rtr2	1201
899	1	Rtr2	1196
900	1	Rtr2	1226
901	1	Rtr2	679
902	1	Rtr2	109
903	1	Rtr2	636
904	1	Rtr2	1214
905	1	Rtr2	1252
906	1	Rtr2	1251
907	1	Rtr2	678
908	1	Rtr2	76
909	1	Rtr2	73
910	1	Rtr2	106
911	1	Rtr2	107
912	1	Rtr2	119
913	1	Rtr2	68
914	1	Rtr2	59
915	1	Rtr2	89
916	1	Rtr2	91
917	1	Rtr2	86
918	1	Rtr2	49
919	1	Rtr2	45
920	1	Rtr2	72
921	1	Rtr2	83
922	1	Rtr2	69
923	1	Rtr2	52
924	1	Rtr2	616
925	1	Rtr2	1226
926	1	Rtr2	1232
927	1	Rtr2	1235
928	1	Rtr2	652
929	1	Rtr2	86
930	1	Rtr2	104
931	1	Rtr2	92
932	1	Rtr2	87
933	1	Rtr2	49
934	1	Rtr2	37
935	1	Rtr2	63
936	1	Rtr2	71
937	1	Rtr2	202
938	1	Rtr2	193
939	1	Rtr2	179
940	1	Rtr2	222
941	1	Rtr2	190
942	1	Rtr2	207
943	1	Rtr2	137
944	1	Rtr2	47
945	1	Rtr2	641
946	1	Rtr2	1239
947	1	Rtr2	1242
948	1	Rtr2	1219
949	1	Rtr2	636
950	1	Rtr2	85
951	1	Rtr2	74
952	1	Rtr2	52
953	1	Rtr2	48
954	1	Rtr2	45
955	1	Rtr2	62
956	1	Rtr2	66
957	1	Rtr2	56
958	1	Rtr2	56
959	1	Rtr2	27
960	1	Rtr2	44
961	1	Rtr2	49
962	1	Rtr2	58
963	1	Rtr2	65
964	1	Rtr2	60
965	1	Rtr2	87
966	1	Rtr2	660
967	1	Rtr2	1243
968	1	Rtr2	1222
969	1	Rtr2	1223
970	1	Rtr2	681
971	1	Rtr2	73
972	1	Rtr2	64
973	1	Rtr2	40
974	1	Rtr2	47
975	1	Rtr2	64
976	1	Rtr2	58
977	1	Rtr2	45
978	1	Rtr2	35
979	1	Rtr2	33
980	1	Rtr2	57
981	1	Rtr2	51
982	1	Rtr2	41
983	1	Rtr2	41
984	1	Rtr2	49
985	1	Rtr2	73
986	1	Rtr2	68
987	1	Rtr2	661
988	1	Rtr2	1222
989	1	Rtr2	1229
990	1	Rtr2	1249
991	1	Rtr2	676
992	1	Rtr2	95
993	1	Rtr2	178
994	1	Rtr2	195
995	1	Rtr2	224
996	1	Rtr2	225
997	1	Rtr2	190
998	1	Rtr2	139
999	1	Rtr2	106
1000	1	Rtr2	59
1001	1	Rtr2	208
1002	1	Rtr2	180
1003	1	Rtr2	768
1004	1	Rtr2	1336
1005	1	Rtr2	1350
1006	1	Rtr2	1348
1007	1	Rtr2	753
1008	1	Rtr2	48
1009	1	Rtr2	30
1010	1	Rtr2	51
1011	1	Rtr2	58
1012	1	Rtr2	60
1013	1	Rtr2	47
1014	1	Rtr2	25
1015	1	Rtr2	58
1016	1	Rtr2	53
1017	1	Rtr2	57
1018	1	Rtr2	42
1019	1	Rtr2	33
1020	1	Rtr2	68
1021	1	Rtr2	58
1022	1	Rtr2	48
1023	1	Rtr2	37
1024	1	Rtr2	633
1025	1	Rtr2	1258
1026	1	Rtr2	1270
1027	1	Rtr2	1265
1028	1	Rtr2	664
1029	1	Rtr2	56
1030	1	Rtr2	72
1031	1	Rtr2	69
1032	1	Rtr2	56
1033	1	Rtr2	36
1034	1	Rtr2	33
1035	1	Rtr2	36
1036	1	Rtr2	62
1037	1	Rtr2	47
1038	1	Rtr2	37
1039	1	Rtr2	39
1040	1	Rtr2	50
1041	1	Rtr2	55
1042	1	Rtr2	40
1043	1	Rtr2	22
1044	1	Rtr2	43
1045	1	Rtr2	657
1046	1	Rtr2	1255
1047	1	Rtr2	1263
1048	1	Rtr2	1259
1049	1	Rtr2	664
1050	1	Rtr2	80
1051	1	Rtr2	81
1052	1	Rtr2	87
1053	1	Rtr2	48
1054	1	Rtr2	35
1055	1	Rtr2	48
1056	1	Rtr2	191
1057	1	Rtr2	184
1058	1	Rtr2	163
1059	1	Rtr2	155
1060	1	Rtr2	172
1061	1	Rtr2	169
1062	1	Rtr2	149
1063	1	Rtr2	35
1064	1	Rtr2	22
1065	1	Rtr2	46
1066	1	Rtr2	654
1067	1	Rtr2	1257
1068	1	Rtr2	1260
1069	1	Rtr2	1264
1070	1	Rtr2	687
1071	1	Rtr2	78
1072	1	Rtr2	66
1073	1	Rtr2	44
1074	1	Rtr2	49
1075	1	Rtr2	67
1076	1	Rtr2	63
1077	1	Rtr2	73
1078	1	Rtr2	46
1079	1	Rtr2	30
1080	1	Rtr2	57
1081	1	Rtr2	54
1082	1	Rtr2	58
1083	1	Rtr2	47
1084	1	Rtr2	43
1085	1	Rtr2	65
1086	1	Rtr2	67
1087	1	Rtr2	673
1088	1	Rtr2	1264
1089	1	Rtr2	1272
1090	1	Rtr2	1286
1091	1	Rtr2	679
1092	1	Rtr2	64
1093	1	Rtr2	66
1094	1	Rtr2	33
1095	1	Rtr2	51
1096	1	Rtr2	54
1097	1	Rtr2	36
1098	1	Rtr2	28
1099	1	Rtr2	30
1100	1	Rtr2	45
1101	1	Rtr2	44
1102	1	Rtr2	48
1103	1	Rtr2	40
1104	1	Rtr2	33
1105	1	Rtr2	58
1106	1	Rtr2	64
1107	1	Rtr2	44
1108	1	Rtr2	656
1109	1	Rtr2	1274
1110	1	Rtr2	1301
1111	1	Rtr2	1423
1112	1	Rtr2	847
1113	1	Rtr2	190
1114	1	Rtr2	176
1115	1	Rtr2	186
1116	1	Rtr2	190
1117	1	Rtr2	176
1118	1	Rtr2	40
1119	1	Rtr2	35
1120	1	Rtr2	36
1121	1	Rtr2	48
1122	1	Rtr2	30
1123	1	Rtr2	21
1124	1	Rtr2	32
1125	1	Rtr2	50
1126	1	Rtr2	52
1127	1	Rtr2	49
1128	1	Rtr2	35
1129	1	Rtr2	654
1130	1	Rtr2	1303
1131	1	Rtr2	1298
1132	1	Rtr2	1305
1133	1	Rtr2	675
1134	1	Rtr2	50
1135	1	Rtr2	54
1136	1	Rtr2	49
1137	1	Rtr2	32
1138	1	Rtr2	30
1139	1	Rtr2	30
1140	1	Rtr2	41
1141	1	Rtr2	54
1142	1	Rtr2	46
1143	1	Rtr2	32
1144	1	Rtr2	32
1145	1	Rtr2	45
1146	1	Rtr2	52
1147	1	Rtr2	42
1148	1	Rtr2	42
1149	1	Rtr2	26
1150	1	Rtr2	659
1151	1	Rtr2	1283
1152	1	Rtr2	1293
1153	1	Rtr2	1289
1154	1	Rtr2	685
1155	1	Rtr2	72
1156	1	Rtr2	70
1157	1	Rtr2	45
1158	1	Rtr2	33
1159	1	Rtr2	33
1160	1	Rtr2	46
1161	1	Rtr2	196
1162	1	Rtr2	218
1163	1	Rtr2	212
1164	1	Rtr2	167
1165	1	Rtr2	180
1166	1	Rtr2	148
1167	1	Rtr2	153
1168	1	Rtr2	28
1169	1	Rtr2	21
1170	1	Rtr2	32
1171	1	Rtr2	661
1172	1	Rtr2	1292
1173	1	Rtr2	1301
1174	1	Rtr2	1300
1175	1	Rtr2	696
1176	1	Rtr2	77
1177	1	Rtr2	57
1178	1	Rtr2	31
1179	1	Rtr2	26
1180	1	Rtr2	40
1181	1	Rtr2	30
1182	1	Rtr2	29
1183	1	Rtr2	25
1184	1	Rtr2	22
1185	1	Rtr2	48
1186	1	Rtr2	24
1187	1	Rtr2	36
1188	1	Rtr2	30
1189	1	Rtr2	46
1190	1	Rtr2	60
1191	1	Rtr2	57
1192	1	Rtr2	682
1193	1	Rtr2	1305
1194	1	Rtr2	1305
1195	1	Rtr2	1322
1196	1	Rtr2	699
1197	1	Rtr2	77
1198	1	Rtr2	56
1199	1	Rtr2	51
1200	1	Rtr2	58
1201	1	Rtr2	44
1202	1	Rtr2	47
1203	1	Rtr2	38
1204	1	Rtr2	31
1205	1	Rtr2	39
1206	1	Rtr2	34
1207	1	Rtr2	27
1208	1	Rtr2	20
1209	1	Rtr2	30
1210	1	Rtr2	40
1211	1	Rtr2	47
1212	1	Rtr2	38
1213	1	Rtr2	667
1214	1	Rtr2	1307
1215	1	Rtr2	1332
1216	1	Rtr2	1332
1217	1	Rtr2	687
1218	1	Rtr2	42
1219	1	Rtr2	33
1220	1	Rtr2	39
1221	1	Rtr2	197
1222	1	Rtr2	197
1223	1	Rtr2	165
1224	1	Rtr2	186
1225	1	Rtr2	192
1226	1	Rtr2	188
1227	1	Rtr2	168
1228	1	Rtr2	24
1229	1	Rtr2	19
1230	1	Rtr2	29
1231	1	Rtr2	40
1232	1	Rtr2	36
1233	1	Rtr2	27
1234	1	Rtr2	666
1235	1	Rtr2	1328
1236	1	Rtr2	1332
1237	1	Rtr2	1326
1238	1	Rtr2	687
1239	1	Rtr2	45
1240	1	Rtr2	39
1241	1	Rtr2	55
1242	1	Rtr2	43
1243	1	Rtr2	32
1244	1	Rtr2	26
1245	1	Rtr2	26
1246	1	Rtr2	34
1247	1	Rtr2	20
1248	1	Rtr2	18
1249	1	Rtr2	28
1250	1	Rtr2	32
1251	1	Rtr2	36
1252	1	Rtr2	47
1253	1	Rtr2	26
1254	1	Rtr2	16
1255	1	Rtr2	678
1256	1	Rtr2	1320
1257	1	Rtr2	1328
1258	1	Rtr2	1322
1259	1	Rtr2	689
1260	1	Rtr2	45
1261	1	Rtr2	39
1262	1	Rtr2	31
1263	1	Rtr2	24
1264	1	Rtr2	26
1265	1	Rtr2	22
1266	1	Rtr2	206
1267	1	Rtr2	210
1268	1	Rtr2	178
1269	1	Rtr2	159
1270	1	Rtr2	149
1271	1	Rtr2	151
1272	1	Rtr2	143
1273	1	Rtr2	23
1274	1	Rtr2	25
1275	1	Rtr2	27
1276	1	Rtr2	679
1277	1	Rtr2	1325
1278	1	Rtr2	1333
1279	1	Rtr2	1334
1280	1	Rtr2	706
1281	1	Rtr2	53
1282	1	Rtr2	59
1283	1	Rtr2	32
1284	1	Rtr2	22
1285	1	Rtr2	32
1286	1	Rtr2	39
1287	1	Rtr2	28
1288	1	Rtr2	22
1289	1	Rtr2	25
1290	1	Rtr2	31
1291	1	Rtr2	27
1292	1	Rtr2	18
1293	1	Rtr2	22
1294	1	Rtr2	30
1295	1	Rtr2	31
1296	1	Rtr2	27
1297	1	Rtr2	682
1298	1	Rtr2	1321
1299	1	Rtr2	1339
1300	1	Rtr2	1354
1301	1	Rtr2	699
1302	1	Rtr2	32
1303	1	Rtr2	679
1304	1	Rtr2	1345
1305	1	Rtr2	1358
1306	1	Rtr2	1361
1307	1	Rtr2	703
1308	1	Rtr2	40
1309	1	Rtr2	29
1310	1	Rtr2	37
1311	1	Rtr2	34
1312	1	Rtr2	21
1313	1	Rtr2	23
1314	1	Rtr2	21
1315	1	Rtr2	21
1316	1	Rtr2	24
1317	1	Rtr2	28
1318	1	Rtr2	18
1319	1	Rtr2	19
1320	1	Rtr2	23
1321	1	Rtr2	195
1322	1	Rtr2	206
1323	1	Rtr2	182
1324	1	Rtr2	826
1325	1	Rtr2	1495
1326	1	Rtr2	1491
1327	1	Rtr2	1485
1328	1	Rtr2	699
1329	1	Rtr2	32
1330	1	Rtr2	35
1331	1	Rtr2	29
1332	1	Rtr2	29
1333	1	Rtr2	24
1334	1	Rtr2	23
1335	1	Rtr2	32
1336	1	Rtr2	33
1337	1	Rtr2	17
1338	1	Rtr2	36
1339	1	Rtr2	23
1340	1	Rtr2	29
1341	1	Rtr2	17
1342	1	Rtr2	18
1343	1	Rtr2	22
1344	1	Rtr2	15
1345	1	Rtr2	687
1346	1	Rtr2	1351
1347	1	Rtr2	1367
1348	1	Rtr2	1359
1349	1	Rtr2	707
1350	1	Rtr2	40
1351	1	Rtr2	35
1352	1	Rtr2	27
1353	1	Rtr2	25
1354	1	Rtr2	17
1355	1	Rtr2	27
1356	1	Rtr2	35
1357	1	Rtr2	36
1358	1	Rtr2	16
1359	1	Rtr2	17
1360	1	Rtr2	28
1361	1	Rtr2	31
1362	1	Rtr2	19
1363	1	Rtr2	18
1364	1	Rtr2	30
1365	1	Rtr2	36
1366	1	Rtr2	697
1367	1	Rtr2	1365
1368	1	Rtr2	1371
1369	1	Rtr2	1372
1370	1	Rtr2	716
1371	1	Rtr2	41
1372	1	Rtr2	29
1373	1	Rtr2	21
1374	1	Rtr2	23
1375	1	Rtr2	35
1376	1	Rtr2	181
1377	1	Rtr2	190
1378	1	Rtr2	184
1379	1	Rtr2	200
1380	1	Rtr2	180
1381	1	Rtr2	177
1382	1	Rtr2	161
1383	1	Rtr2	21
1384	1	Rtr2	19
1385	1	Rtr2	18
1386	1	Rtr2	19
1387	1	Rtr2	692
1388	1	Rtr2	1367
1389	1	Rtr2	1370
1390	1	Rtr2	1384
1391	1	Rtr2	713
1392	1	Rtr2	36
1393	1	Rtr2	26
1394	1	Rtr2	21
1395	1	Rtr2	25
1396	1	Rtr2	26
1397	1	Rtr2	18
1398	1	Rtr2	18
1399	1	Rtr2	20
1400	1	Rtr2	19
1401	1	Rtr2	20
1402	1	Rtr2	35
1403	1	Rtr2	18
1404	1	Rtr2	23
1405	1	Rtr2	23
1406	1	Rtr2	23
1407	1	Rtr2	21
1408	1	Rtr2	698
1409	1	Rtr2	1376
1410	1	Rtr2	1390
1411	1	Rtr2	1393
1412	1	Rtr2	714
1413	1	Rtr2	26
1414	1	Rtr2	22
1415	1	Rtr2	21
1416	1	Rtr2	26
1417	1	Rtr2	25
1418	1	Rtr2	19
1419	1	Rtr2	14
1420	1	Rtr2	22
1421	1	Rtr2	24
1422	1	Rtr2	21
1423	1	Rtr2	20
1424	1	Rtr2	22
1425	1	Rtr2	20
1426	1	Rtr2	26
1427	1	Rtr2	19
1428	1	Rtr2	24
1429	1	Rtr2	700
1430	1	Rtr2	1395
1431	1	Rtr2	1397
1432	1	Rtr2	1398
1433	1	Rtr2	875
1434	1	Rtr2	219
1435	1	Rtr2	259
1436	1	Rtr2	224
1437	1	Rtr2	179
1438	1	Rtr2	121
1439	1	Rtr2	111
1440	1	Rtr2	24
1441	1	Rtr2	18
1442	1	Rtr2	19
1443	1	Rtr2	16
1444	1	Rtr2	16
1445	1	Rtr2	18
1446	1	Rtr2	15
1447	1	Rtr2	13
1448	1	Rtr2	22
1449	1	Rtr2	20
1450	1	Rtr2	704
1451	1	Rtr2	1389
1452	1	Rtr2	1399
1453	1	Rtr2	1399
1454	1	Rtr2	723
1455	1	Rtr2	29
1456	1	Rtr2	18
1457	1	Rtr2	27
1458	1	Rtr2	14
1459	1	Rtr2	17
1460	1	Rtr2	18
1461	1	Rtr2	19
1462	1	Rtr2	17
1463	1	Rtr2	18
1464	1	Rtr2	15
1465	1	Rtr2	22
1466	1	Rtr2	15
1467	1	Rtr2	16
1468	1	Rtr2	14
1469	1	Rtr2	13
1470	1	Rtr2	18
1471	1	Rtr2	705
1472	1	Rtr2	1398
1473	1	Rtr2	1401
1474	1	Rtr2	1412
1475	1	Rtr2	734
1476	1	Rtr2	40
1477	1	Rtr2	27
1478	1	Rtr2	13
1479	1	Rtr2	20
1480	1	Rtr2	16
1481	1	Rtr2	15
1482	1	Rtr2	18
1483	1	Rtr2	15
1484	1	Rtr2	15
1485	1	Rtr2	16
1486	1	Rtr2	16
1487	1	Rtr2	17
1488	1	Rtr2	17
1489	1	Rtr2	14
1490	1	Rtr2	11
1491	1	Rtr2	167
1492	1	Rtr2	860
1493	1	Rtr2	1554
1494	1	Rtr2	1541
1495	1	Rtr2	1534
1496	1	Rtr2	838
1497	1	Rtr2	138
1498	1	Rtr2	27
1499	1	Rtr2	7
1500	1	Rtr2	13
1501	1	Rtr2	17
1502	1	Rtr2	15
1503	1	Rtr2	26
1504	1	Rtr2	14
1505	1	Rtr2	15
1506	1	Rtr2	16
1507	1	Rtr2	18
1508	1	Rtr2	13
1509	1	Rtr2	20
1510	1	Rtr2	19
1511	1	Rtr2	18
1512	1	Rtr2	18
1513	1	Rtr2	706
1514	1	Rtr2	1414
1515	1	Rtr2	1427
1516	1	Rtr2	1427
1517	1	Rtr2	731
1518	1	Rtr2	23
1519	1	Rtr2	14
1520	1	Rtr2	15
1521	1	Rtr2	18
1522	1	Rtr2	15
1523	1	Rtr2	17
1524	1	Rtr2	15
1525	1	Rtr2	14
1526	1	Rtr2	14
1527	1	Rtr2	14
1528	1	Rtr2	16
1529	1	Rtr2	9
1530	1	Rtr2	13
1531	1	Rtr2	21
1532	1	Rtr2	19
1533	1	Rtr2	15
1534	1	Rtr2	718
1535	1	Rtr2	1423
1536	1	Rtr2	1436
1537	1	Rtr2	1431
1538	1	Rtr2	730
1539	1	Rtr2	25
1540	1	Rtr2	22
1541	1	Rtr2	14
1542	1	Rtr2	16
1543	1	Rtr2	17
1544	1	Rtr2	18
1545	1	Rtr2	14
1546	1	Rtr2	13
1547	1	Rtr2	176
1548	1	Rtr2	179
1549	1	Rtr2	187
1550	1	Rtr2	242
1551	1	Rtr2	193
1552	1	Rtr2	172
1553	1	Rtr2	139
1554	1	Rtr2	14
1555	1	Rtr2	716
1556	1	Rtr2	1429
1557	1	Rtr2	1432
1558	1	Rtr2	1437
1559	1	Rtr2	729
1560	1	Rtr2	19
1561	1	Rtr2	14
1562	1	Rtr2	17
1563	1	Rtr2	16
1564	1	Rtr2	166
1565	1	Rtr2	231
1566	1	Rtr2	234
1567	1	Rtr2	216
1568	1	Rtr2	130
1569	1	Rtr2	127
1570	1	Rtr2	128
1571	1	Rtr2	17
1572	1	Rtr2	13
1573	1	Rtr2	17
1574	1	Rtr2	16
1575	1	Rtr2	18
1576	1	Rtr2	726
1577	1	Rtr2	1437
1578	1	Rtr2	1443
1579	1	Rtr2	1445
1580	1	Rtr2	746
1581	1	Rtr2	33
1582	1	Rtr2	23
1583	1	Rtr2	16
1584	1	Rtr2	8
1585	1	Rtr2	14
1586	1	Rtr2	16
1587	1	Rtr2	17
1588	1	Rtr2	14
1589	1	Rtr2	11
1590	1	Rtr2	17
1591	1	Rtr2	23
1592	1	Rtr2	13
1593	1	Rtr2	14
1594	1	Rtr2	11
1595	1	Rtr2	15
1596	1	Rtr2	11
1597	1	Rtr2	729
1598	1	Rtr2	1439
1599	1	Rtr2	1450
1600	1	Rtr2	1457
1601	1	Rtr2	739
1602	1	Rtr2	29
1603	1	Rtr2	726
1604	1	Rtr2	1451
1605	1	Rtr2	1462
1606	1	Rtr2	1465
1607	1	Rtr2	749
1608	1	Rtr2	22
1609	1	Rtr2	16
1610	1	Rtr2	14
1611	1	Rtr2	15
1612	1	Rtr2	12
1613	1	Rtr2	13
1614	1	Rtr2	14
1615	1	Rtr2	11
1616	1	Rtr2	15
1617	1	Rtr2	17
1618	1	Rtr2	12
1619	1	Rtr2	12
1620	1	Rtr2	12
1621	1	Rtr2	13
1622	1	Rtr2	12
1623	1	Rtr2	164
1624	1	Rtr2	865
1625	1	Rtr2	1615
1626	1	Rtr2	1608
1627	1	Rtr2	1573
1628	1	Rtr2	825
1629	1	Rtr2	101
1630	1	Rtr2	17
1631	1	Rtr2	14
1632	1	Rtr2	13
1633	1	Rtr2	11
1634	1	Rtr2	11
1635	1	Rtr2	19
1636	1	Rtr2	15
1637	1	Rtr2	13
1638	1	Rtr2	11
1639	1	Rtr2	17
1640	1	Rtr2	14
1641	1	Rtr2	16
1642	1	Rtr2	15
1643	1	Rtr2	13
1644	1	Rtr2	18
1645	1	Rtr2	730
1646	1	Rtr2	1461
1647	1	Rtr2	1477
1648	1	Rtr2	1473
1649	1	Rtr2	758
1650	1	Rtr2	27
1651	1	Rtr2	14
1652	1	Rtr2	15
1653	1	Rtr2	13
1654	1	Rtr2	10
1655	1	Rtr2	12
1656	1	Rtr2	11
1657	1	Rtr2	14
1658	1	Rtr2	18
1659	1	Rtr2	9
1660	1	Rtr2	15
1661	1	Rtr2	15
1662	1	Rtr2	13
1663	1	Rtr2	12
1664	1	Rtr2	13
1665	1	Rtr2	17
1666	1	Rtr2	741
1667	1	Rtr2	1475
1668	1	Rtr2	1478
1669	1	Rtr2	1483
1670	1	Rtr2	757
1671	1	Rtr2	25
1672	1	Rtr2	16
1673	1	Rtr2	12
1674	1	Rtr2	17
1675	1	Rtr2	15
1676	1	Rtr2	18
1677	1	Rtr2	14
1678	1	Rtr2	14
1679	1	Rtr2	165
1680	1	Rtr2	186
1681	1	Rtr2	200
1682	1	Rtr2	188
1683	1	Rtr2	112
1684	1	Rtr2	111
1685	1	Rtr2	107
1686	1	Rtr2	13
1687	1	Rtr2	741
1688	1	Rtr2	1481
1689	1	Rtr2	1487
1690	1	Rtr2	1499
1691	1	Rtr2	763
1692	1	Rtr2	29
1693	1	Rtr2	12
1694	1	Rtr2	10
1695	1	Rtr2	13
1696	1	Rtr2	13
1697	1	Rtr2	12
1698	1	Rtr2	15
1699	1	Rtr2	11
1700	1	Rtr2	9
1701	1	Rtr2	15
1702	1	Rtr2	13
1703	1	Rtr2	8
1704	1	Rtr2	10
1705	1	Rtr2	15
1706	1	Rtr2	8
1707	1	Rtr2	13
1708	1	Rtr2	749
1709	1	Rtr2	1487
1710	1	Rtr2	1496
1711	1	Rtr2	1496
1712	1	Rtr2	761
1713	1	Rtr2	21
1714	1	Rtr2	15
1715	1	Rtr2	13
1716	1	Rtr2	12
1717	1	Rtr2	11
1718	1	Rtr2	16
1719	1	Rtr2	13
1720	1	Rtr2	15
1721	1	Rtr2	10
1722	1	Rtr2	11
1723	1	Rtr2	12
1724	1	Rtr2	14
1725	1	Rtr2	12
1726	1	Rtr2	15
1727	1	Rtr2	12
1728	1	Rtr2	12
1729	1	Rtr2	747
1730	1	Rtr2	1492
1731	1	Rtr2	1501
1732	1	Rtr2	1499
1733	1	Rtr2	764
1734	1	Rtr2	21
1735	1	Rtr2	13
1736	1	Rtr2	11
1737	1	Rtr2	15
1738	1	Rtr2	13
1739	1	Rtr2	15
1740	1	Rtr2	9
1741	1	Rtr2	12
1742	1	Rtr2	177
1743	1	Rtr2	167
1744	1	Rtr2	165
1745	1	Rtr2	166
1746	1	Rtr2	116
1747	1	Rtr2	116
1748	1	Rtr2	88
1749	1	Rtr2	14
1750	1	Rtr2	754
1751	1	Rtr2	1500
1752	1	Rtr2	1511
1753	1	Rtr2	1501
1754	1	Rtr2	765
1755	1	Rtr2	18
1756	1	Rtr2	11
1757	1	Rtr2	11
1758	1	Rtr2	14
1759	1	Rtr2	12
1760	1	Rtr2	16
1761	1	Rtr2	11
1762	1	Rtr2	12
1763	1	Rtr2	14
1764	1	Rtr2	10
1765	1	Rtr2	15
1766	1	Rtr2	8
1767	1	Rtr2	15
1768	1	Rtr2	13
1769	1	Rtr2	10
1770	1	Rtr2	178
1771	1	Rtr2	887
1772	1	Rtr2	1654
1773	1	Rtr2	1659
1774	1	Rtr2	1618
1775	1	Rtr2	875
1776	1	Rtr2	122
1777	1	Rtr2	13
1778	1	Rtr2	9
1779	1	Rtr2	8
1780	1	Rtr2	13
1781	1	Rtr2	17
1782	1	Rtr2	11
1783	1	Rtr2	12
1784	1	Rtr2	12
1785	1	Rtr2	12
1786	1	Rtr2	12
1787	1	Rtr2	14
1788	1	Rtr2	9
1789	1	Rtr2	15
1790	1	Rtr2	10
1791	1	Rtr2	11
1792	1	Rtr2	760
1793	1	Rtr2	1511
1794	1	Rtr2	1522
1795	1	Rtr2	1523
1796	1	Rtr2	777
1797	1	Rtr2	18
1798	1	Rtr2	13
1799	1	Rtr2	10
1800	1	Rtr2	8
1801	1	Rtr2	6
1802	1	Rtr2	12
1803	1	Rtr2	9
1804	1	Rtr2	6
1805	1	Rtr2	12
1806	1	Rtr2	15
1807	1	Rtr2	13
1808	1	Rtr2	12
1809	1	Rtr2	10
1810	1	Rtr2	11
1811	1	Rtr2	11
1812	1	Rtr2	8
1813	1	Rtr2	766
1814	1	Rtr2	1526
1815	1	Rtr2	1533
1816	1	Rtr2	1535
1817	1	Rtr2	782
1818	1	Rtr2	15
1819	1	Rtr2	10
1820	1	Rtr2	9
1821	1	Rtr2	9
1822	1	Rtr2	7
1823	1	Rtr2	12
1824	1	Rtr2	8
1825	1	Rtr2	11
1826	1	Rtr2	8
1827	1	Rtr2	10
1828	1	Rtr2	7
1829	1	Rtr2	12
1830	1	Rtr2	8
1831	1	Rtr2	11
1832	1	Rtr2	8
1833	1	Rtr2	7
1834	1	Rtr2	769
1835	1	Rtr2	1534
1836	1	Rtr2	1541
1837	1	Rtr2	1543
1838	1	Rtr2	784
1839	1	Rtr2	185
1840	1	Rtr2	205
1841	1	Rtr2	182
1842	1	Rtr2	165
1843	1	Rtr2	84
1844	1	Rtr2	83
1845	1	Rtr2	83
1846	1	Rtr2	12
1847	1	Rtr2	13
1848	1	Rtr2	11
1849	1	Rtr2	14
1850	1	Rtr2	8
1851	1	Rtr2	10
1852	1	Rtr2	10
1853	1	Rtr2	10
1854	1	Rtr2	8
1855	1	Rtr2	769
1856	1	Rtr2	1537
1857	1	Rtr2	1547
1858	1	Rtr2	1551
1859	1	Rtr2	786
1860	1	Rtr2	13
1861	1	Rtr2	7
1862	1	Rtr2	10
1863	1	Rtr2	8
1864	1	Rtr2	10
1865	1	Rtr2	6
1866	1	Rtr2	11
1867	1	Rtr2	8
1868	1	Rtr2	9
1869	1	Rtr2	8
1870	1	Rtr2	12
1871	1	Rtr2	9
1872	1	Rtr2	11
1873	1	Rtr2	11
1874	1	Rtr2	9
1875	1	Rtr2	9
1876	1	Rtr2	772
1877	1	Rtr2	1545
1878	1	Rtr2	1561
1879	1	Rtr2	1553
1880	1	Rtr2	789
1881	1	Rtr2	21
1882	1	Rtr2	9
1883	1	Rtr2	10
1884	1	Rtr2	13
1885	1	Rtr2	12
1886	1	Rtr2	9
1887	1	Rtr2	9
1888	1	Rtr2	13
1889	1	Rtr2	10
1890	1	Rtr2	11
1891	1	Rtr2	160
1892	1	Rtr2	171
1893	1	Rtr2	139
1894	1	Rtr2	122
1895	1	Rtr2	89
1896	1	Rtr2	86
1897	1	Rtr2	856
1898	1	Rtr2	1556
1899	1	Rtr2	1562
1900	1	Rtr2	1565
1901	1	Rtr2	795
1902	1	Rtr2	18
1903	1	Rtr2	784
1904	1	Rtr2	1559
1905	1	Rtr2	1571
1906	1	Rtr2	1570
1907	1	Rtr2	797
1908	1	Rtr2	19
1909	1	Rtr2	7
1910	1	Rtr2	9
1911	1	Rtr2	13
1912	1	Rtr2	10
1913	1	Rtr2	12
1914	1	Rtr2	10
1915	1	Rtr2	9
1916	1	Rtr2	8
1917	1	Rtr2	9
1918	1	Rtr2	12
1919	1	Rtr2	9
1920	1	Rtr2	9
1921	1	Rtr2	9
1922	1	Rtr2	8
1923	1	Rtr2	9
1924	1	Rtr2	787
1925	1	Rtr2	1568
1926	1	Rtr2	1577
1927	1	Rtr2	1573
1928	1	Rtr2	802
1929	1	Rtr2	15
1930	1	Rtr2	9
1931	1	Rtr2	11
1932	1	Rtr2	8
1933	1	Rtr2	14
1934	1	Rtr2	9
1935	1	Rtr2	6
1936	1	Rtr2	8
1937	1	Rtr2	156
1938	1	Rtr2	158
1939	1	Rtr2	123
1940	1	Rtr2	148
1941	1	Rtr2	102
1942	1	Rtr2	98
1943	1	Rtr2	85
1944	1	Rtr2	12
1945	1	Rtr2	789
1946	1	Rtr2	1577
1947	1	Rtr2	1586
1948	1	Rtr2	1588
1949	1	Rtr2	805
1950	1	Rtr2	21
1951	1	Rtr2	11
1952	1	Rtr2	10
1953	1	Rtr2	10
1954	1	Rtr2	8
1955	1	Rtr2	10
1956	1	Rtr2	8
1957	1	Rtr2	9
1958	1	Rtr2	6
1959	1	Rtr2	10
1960	1	Rtr2	10
1961	1	Rtr2	6
1962	1	Rtr2	7
1963	1	Rtr2	9
1964	1	Rtr2	7
1965	1	Rtr2	6
1966	1	Rtr2	793
1967	1	Rtr2	1584
1968	1	Rtr2	1592
1969	1	Rtr2	1591
1970	1	Rtr2	809
1971	1	Rtr2	17
1972	1	Rtr2	7
1973	1	Rtr2	11
1974	1	Rtr2	8
1975	1	Rtr2	10
1976	1	Rtr2	8
1977	1	Rtr2	6
1978	1	Rtr2	7
1979	1	Rtr2	10
1980	1	Rtr2	11
1981	1	Rtr2	8
1982	1	Rtr2	8
1983	1	Rtr2	6
1984	1	Rtr2	10
1985	1	Rtr2	10
1986	1	Rtr2	6
1987	1	Rtr2	792
1988	1	Rtr2	1590
1989	1	Rtr2	1602
1990	1	Rtr2	1599
1991	1	Rtr2	814
1992	1	Rtr2	15
1993	1	Rtr2	169
1994	1	Rtr2	176
1995	1	Rtr2	182
1996	1	Rtr2	172
1997	1	Rtr2	113
1998	1	Rtr2	89
1999	1	Rtr2	85
