Time	Node	PitItems
	194
2	1	Rtr2	146
3	1	Rtr2	922
4	1	Rtr2	1719
5	1	Rtr2	1615
6	1	Rtr2	1610
7	1	Rtr2	827
8	1	Rtr2	27
9	1	Rtr2	10
10	1	Rtr2	9
11	1	Rtr2	12
12	1	Rtr2	9
13	1	Rtr2	11
14	1	Rtr2	10
15	1	Rtr2	5
16	1	Rtr2	9
17	1	Rtr2	8
18	1	Rtr2	12
19	1	Rtr2	9
20	1	Rtr2	4
21	1	Rtr2	9
22	1	Rtr2	10
23	1	Rtr2	9
24	1	Rtr2	804
25	1	Rtr2	1603
26	1	Rtr2	1611
27	1	Rtr2	1615
28	1	Rtr2	817
29	1	Rtr2	15
30	1	Rtr2	9
31	1	Rtr2	6
32	1	Rtr2	7
33	1	Rtr2	8
34	1	Rtr2	9
35	1	Rtr2	9
36	1	Rtr2	6
37	1	Rtr2	6
38	1	Rtr2	7
39	1	Rtr2	6
40	1	Rtr2	8
41	1	Rtr2	11
42	1	Rtr2	5
43	1	Rtr2	11
44	1	Rtr2	9
45	1	Rtr2	809
46	1	Rtr2	1611
47	1	Rtr2	1622
48	1	Rtr2	1624
49	1	Rtr2	823
50	1	Rtr2	15
51	1	Rtr2	6
52	1	Rtr2	8
53	1	Rtr2	11
54	1	Rtr2	12
55	1	Rtr2	10
56	1	Rtr2	155
57	1	Rtr2	103
58	1	Rtr2	106
59	1	Rtr2	108
60	1	Rtr2	12
61	1	Rtr2	9
62	1	Rtr2	9
63	1	Rtr2	7
64	1	Rtr2	11
65	1	Rtr2	10
66	1	Rtr2	809
67	1	Rtr2	1621
68	1	Rtr2	1630
69	1	Rtr2	1631
70	1	Rtr2	827
71	1	Rtr2	21
72	1	Rtr2	10
73	1	Rtr2	9
74	1	Rtr2	10
75	1	Rtr2	13
76	1	Rtr2	9
77	1	Rtr2	8
78	1	Rtr2	7
79	1	Rtr2	10
80	1	Rtr2	10
81	1	Rtr2	7
82	1	Rtr2	10
83	1	Rtr2	7
84	1	Rtr2	10
85	1	Rtr2	8
86	1	Rtr2	11
87	1	Rtr2	813
88	1	Rtr2	1621
89	1	Rtr2	1633
90	1	Rtr2	1633
91	1	Rtr2	835
92	1	Rtr2	20
93	1	Rtr2	7
94	1	Rtr2	7
95	1	Rtr2	11
96	1	Rtr2	8
97	1	Rtr2	8
98	1	Rtr2	8
99	1	Rtr2	11
100	1	Rtr2	10
101	1	Rtr2	6
102	1	Rtr2	10
103	1	Rtr2	11
104	1	Rtr2	7
105	1	Rtr2	7
106	1	Rtr2	10
107	1	Rtr2	9
108	1	Rtr2	812
109	1	Rtr2	1632
110	1	Rtr2	1641
111	1	Rtr2	1801
112	1	Rtr2	960
113	1	Rtr2	138
114	1	Rtr2	131
115	1	Rtr2	11
116	1	Rtr2	7
117	1	Rtr2	10
118	1	Rtr2	11
119	1	Rtr2	9
120	1	Rtr2	9
121	1	Rtr2	10
122	1	Rtr2	11
123	1	Rtr2	11
124	1	Rtr2	9
125	1	Rtr2	10
126	1	Rtr2	13
127	1	Rtr2	10
128	1	Rtr2	10
129	1	Rtr2	823
130	1	Rtr2	1640
131	1	Rtr2	1647
132	1	Rtr2	1647
133	1	Rtr2	838
134	1	Rtr2	19
135	1	Rtr2	9
136	1	Rtr2	10
137	1	Rtr2	12
138	1	Rtr2	12
139	1	Rtr2	8
140	1	Rtr2	10
141	1	Rtr2	10
142	1	Rtr2	8
143	1	Rtr2	6
144	1	Rtr2	12
145	1	Rtr2	10
146	1	Rtr2	9
147	1	Rtr2	13
148	1	Rtr2	13
149	1	Rtr2	10
150	1	Rtr2	827
151	1	Rtr2	1647
152	1	Rtr2	1656
153	1	Rtr2	1651
154	1	Rtr2	843
155	1	Rtr2	24
156	1	Rtr2	15
157	1	Rtr2	13
158	1	Rtr2	6
159	1	Rtr2	11
160	1	Rtr2	10
161	1	Rtr2	213
162	1	Rtr2	159
163	1	Rtr2	152
164	1	Rtr2	146
165	1	Rtr2	16
166	1	Rtr2	12
167	1	Rtr2	7
168	1	Rtr2	13
169	1	Rtr2	10
170	1	Rtr2	8
171	1	Rtr2	828
172	1	Rtr2	1649
173	1	Rtr2	1659
174	1	Rtr2	1662
175	1	Rtr2	845
176	1	Rtr2	26
177	1	Rtr2	15
178	1	Rtr2	11
179	1	Rtr2	12
180	1	Rtr2	12
181	1	Rtr2	16
182	1	Rtr2	12
183	1	Rtr2	13
184	1	Rtr2	8
185	1	Rtr2	12
186	1	Rtr2	6
187	1	Rtr2	8
188	1	Rtr2	14
189	1	Rtr2	12
190	1	Rtr2	6
191	1	Rtr2	9
192	1	Rtr2	832
193	1	Rtr2	1659
194	1	Rtr2	1664
195	1	Rtr2	1667
196	1	Rtr2	851
197	1	Rtr2	18
198	1	Rtr2	9
199	1	Rtr2	13
200	1	Rtr2	9
201	1	Rtr2	8
202	1	Rtr2	9
203	1	Rtr2	8
204	1	Rtr2	10
205	1	Rtr2	11
206	1	Rtr2	12
207	1	Rtr2	10
208	1	Rtr2	10
209	1	Rtr2	9
210	1	Rtr2	8
211	1	Rtr2	12
212	1	Rtr2	10
213	1	Rtr2	836
214	1	Rtr2	1662
215	1	Rtr2	1675
216	1	Rtr2	1671
217	1	Rtr2	850
218	1	Rtr2	20
219	1	Rtr2	12
220	1	Rtr2	13
221	1	Rtr2	218
222	1	Rtr2	163
223	1	Rtr2	163
224	1	Rtr2	160
225	1	Rtr2	12
226	1	Rtr2	11
227	1	Rtr2	9
228	1	Rtr2	11
229	1	Rtr2	7
230	1	Rtr2	11
231	1	Rtr2	9
232	1	Rtr2	14
233	1	Rtr2	13
234	1	Rtr2	838
235	1	Rtr2	1673
236	1	Rtr2	1685
237	1	Rtr2	1684
238	1	Rtr2	854
239	1	Rtr2	18
240	1	Rtr2	11
241	1	Rtr2	13
242	1	Rtr2	12
243	1	Rtr2	12
244	1	Rtr2	10
245	1	Rtr2	10
246	1	Rtr2	12
247	1	Rtr2	14
248	1	Rtr2	14
249	1	Rtr2	13
250	1	Rtr2	12
251	1	Rtr2	9
252	1	Rtr2	10
253	1	Rtr2	17
254	1	Rtr2	12
255	1	Rtr2	842
256	1	Rtr2	1678
257	1	Rtr2	1686
258	1	Rtr2	1684
259	1	Rtr2	857
260	1	Rtr2	21
261	1	Rtr2	13
262	1	Rtr2	8
263	1	Rtr2	11
264	1	Rtr2	12
265	1	Rtr2	9
266	1	Rtr2	178
267	1	Rtr2	120
268	1	Rtr2	119
269	1	Rtr2	116
270	1	Rtr2	13
271	1	Rtr2	16
272	1	Rtr2	16
273	1	Rtr2	15
274	1	Rtr2	10
275	1	Rtr2	6
276	1	Rtr2	845
277	1	Rtr2	1682
278	1	Rtr2	1696
279	1	Rtr2	1693
280	1	Rtr2	864
281	1	Rtr2	24
282	1	Rtr2	15
283	1	Rtr2	14
284	1	Rtr2	14
285	1	Rtr2	14
286	1	Rtr2	12
287	1	Rtr2	15
288	1	Rtr2	13
289	1	Rtr2	11
290	1	Rtr2	12
291	1	Rtr2	13
292	1	Rtr2	12
293	1	Rtr2	14
294	1	Rtr2	12
295	1	Rtr2	12
296	1	Rtr2	9
297	1	Rtr2	849
298	1	Rtr2	1692
299	1	Rtr2	1701
300	1	Rtr2	1705
301	1	Rtr2	872
302	1	Rtr2	26
303	1	Rtr2	855
304	1	Rtr2	1698
305	1	Rtr2	1708
306	1	Rtr2	1703
307	1	Rtr2	868
308	1	Rtr2	25
309	1	Rtr2	10
310	1	Rtr2	11
311	1	Rtr2	8
312	1	Rtr2	12
313	1	Rtr2	15
314	1	Rtr2	11
315	1	Rtr2	15
316	1	Rtr2	16
317	1	Rtr2	11
318	1	Rtr2	16
319	1	Rtr2	13
320	1	Rtr2	17
321	1	Rtr2	214
322	1	Rtr2	164
323	1	Rtr2	161
324	1	Rtr2	999
325	1	Rtr2	1708
326	1	Rtr2	1718
327	1	Rtr2	1716
328	1	Rtr2	867
329	1	Rtr2	22
330	1	Rtr2	15
331	1	Rtr2	14
332	1	Rtr2	9
333	1	Rtr2	14
334	1	Rtr2	9
335	1	Rtr2	10
336	1	Rtr2	11
337	1	Rtr2	14
338	1	Rtr2	15
339	1	Rtr2	16
340	1	Rtr2	16
341	1	Rtr2	12
342	1	Rtr2	14
343	1	Rtr2	13
344	1	Rtr2	12
345	1	Rtr2	858
346	1	Rtr2	1713
347	1	Rtr2	1721
348	1	Rtr2	1720
349	1	Rtr2	869
350	1	Rtr2	22
351	1	Rtr2	12
352	1	Rtr2	11
353	1	Rtr2	9
354	1	Rtr2	15
355	1	Rtr2	12
356	1	Rtr2	15
357	1	Rtr2	11
358	1	Rtr2	13
359	1	Rtr2	11
360	1	Rtr2	12
361	1	Rtr2	14
362	1	Rtr2	14
363	1	Rtr2	14
364	1	Rtr2	19
365	1	Rtr2	13
366	1	Rtr2	867
367	1	Rtr2	1722
368	1	Rtr2	1724
369	1	Rtr2	1724
370	1	Rtr2	878
371	1	Rtr2	28
372	1	Rtr2	23
373	1	Rtr2	14
374	1	Rtr2	9
375	1	Rtr2	12
376	1	Rtr2	209
377	1	Rtr2	146
378	1	Rtr2	145
379	1	Rtr2	139
380	1	Rtr2	14
381	1	Rtr2	15
382	1	Rtr2	12
383	1	Rtr2	15
384	1	Rtr2	10
385	1	Rtr2	9
386	1	Rtr2	13
387	1	Rtr2	867
388	1	Rtr2	1725
389	1	Rtr2	1737
390	1	Rtr2	1750
391	1	Rtr2	894
392	1	Rtr2	27
393	1	Rtr2	13
394	1	Rtr2	13
395	1	Rtr2	14
396	1	Rtr2	18
397	1	Rtr2	14
398	1	Rtr2	15
399	1	Rtr2	14
400	1	Rtr2	16
401	1	Rtr2	9
402	1	Rtr2	9
403	1	Rtr2	18
404	1	Rtr2	18
405	1	Rtr2	19
406	1	Rtr2	11
407	1	Rtr2	18
408	1	Rtr2	872
409	1	Rtr2	1728
410	1	Rtr2	1744
411	1	Rtr2	1742
412	1	Rtr2	894
413	1	Rtr2	28
414	1	Rtr2	16
415	1	Rtr2	12
416	1	Rtr2	17
417	1	Rtr2	16
418	1	Rtr2	20
419	1	Rtr2	12
420	1	Rtr2	13
421	1	Rtr2	16
422	1	Rtr2	19
423	1	Rtr2	13
424	1	Rtr2	17
425	1	Rtr2	15
426	1	Rtr2	16
427	1	Rtr2	10
428	1	Rtr2	15
429	1	Rtr2	881
430	1	Rtr2	1748
431	1	Rtr2	1760
432	1	Rtr2	1760
433	1	Rtr2	1092
434	1	Rtr2	184
435	1	Rtr2	165
436	1	Rtr2	155
437	1	Rtr2	19
438	1	Rtr2	14
439	1	Rtr2	16
440	1	Rtr2	12
441	1	Rtr2	15
442	1	Rtr2	14
443	1	Rtr2	19
444	1	Rtr2	15
445	1	Rtr2	15
446	1	Rtr2	15
447	1	Rtr2	15
448	1	Rtr2	14
449	1	Rtr2	13
450	1	Rtr2	876
451	1	Rtr2	1742
452	1	Rtr2	1759
453	1	Rtr2	1755
454	1	Rtr2	891
455	1	Rtr2	23
456	1	Rtr2	17
457	1	Rtr2	16
458	1	Rtr2	10
459	1	Rtr2	20
460	1	Rtr2	14
461	1	Rtr2	18
462	1	Rtr2	17
463	1	Rtr2	15
464	1	Rtr2	19
465	1	Rtr2	12
466	1	Rtr2	13
467	1	Rtr2	19
468	1	Rtr2	14
469	1	Rtr2	16
470	1	Rtr2	9
471	1	Rtr2	876
472	1	Rtr2	1748
473	1	Rtr2	1758
474	1	Rtr2	1756
475	1	Rtr2	904
476	1	Rtr2	27
477	1	Rtr2	19
478	1	Rtr2	13
479	1	Rtr2	12
480	1	Rtr2	17
481	1	Rtr2	18
482	1	Rtr2	14
483	1	Rtr2	13
484	1	Rtr2	21
485	1	Rtr2	16
486	1	Rtr2	16
487	1	Rtr2	16
488	1	Rtr2	17
489	1	Rtr2	17
490	1	Rtr2	14
491	1	Rtr2	225
492	1	Rtr2	1033
493	1	Rtr2	1895
494	1	Rtr2	1901
495	1	Rtr2	1778
496	1	Rtr2	912
497	1	Rtr2	44
498	1	Rtr2	14
499	1	Rtr2	17
500	1	Rtr2	14
501	1	Rtr2	15
502	1	Rtr2	17
503	1	Rtr2	17
504	1	Rtr2	15
505	1	Rtr2	15
506	1	Rtr2	12
507	1	Rtr2	10
508	1	Rtr2	15
509	1	Rtr2	16
510	1	Rtr2	16
511	1	Rtr2	22
512	1	Rtr2	19
513	1	Rtr2	887
514	1	Rtr2	1760
515	1	Rtr2	1782
516	1	Rtr2	1784
517	1	Rtr2	909
518	1	Rtr2	30
519	1	Rtr2	17
520	1	Rtr2	13
521	1	Rtr2	20
522	1	Rtr2	19
523	1	Rtr2	15
524	1	Rtr2	16
525	1	Rtr2	11
526	1	Rtr2	13
527	1	Rtr2	21
528	1	Rtr2	19
529	1	Rtr2	22
530	1	Rtr2	24
531	1	Rtr2	14
532	1	Rtr2	23
533	1	Rtr2	20
534	1	Rtr2	891
535	1	Rtr2	1774
536	1	Rtr2	1792
537	1	Rtr2	1794
538	1	Rtr2	904
539	1	Rtr2	27
540	1	Rtr2	12
541	1	Rtr2	18
542	1	Rtr2	17
543	1	Rtr2	17
544	1	Rtr2	18
545	1	Rtr2	20
546	1	Rtr2	19
547	1	Rtr2	242
548	1	Rtr2	183
549	1	Rtr2	171
550	1	Rtr2	175
551	1	Rtr2	20
552	1	Rtr2	23
553	1	Rtr2	17
554	1	Rtr2	13
555	1	Rtr2	898
556	1	Rtr2	1780
557	1	Rtr2	1787
558	1	Rtr2	1790
559	1	Rtr2	909
560	1	Rtr2	35
561	1	Rtr2	13
562	1	Rtr2	12
563	1	Rtr2	15
564	1	Rtr2	223
565	1	Rtr2	207
566	1	Rtr2	181
567	1	Rtr2	180
568	1	Rtr2	22
569	1	Rtr2	24
570	1	Rtr2	21
571	1	Rtr2	17
572	1	Rtr2	24
573	1	Rtr2	21
574	1	Rtr2	26
575	1	Rtr2	20
576	1	Rtr2	896
577	1	Rtr2	1779
578	1	Rtr2	1793
579	1	Rtr2	1792
580	1	Rtr2	927
581	1	Rtr2	44
582	1	Rtr2	30
583	1	Rtr2	22
584	1	Rtr2	17
585	1	Rtr2	20
586	1	Rtr2	26
587	1	Rtr2	26
588	1	Rtr2	16
589	1	Rtr2	13
590	1	Rtr2	18
591	1	Rtr2	18
592	1	Rtr2	27
593	1	Rtr2	20
594	1	Rtr2	17
595	1	Rtr2	19
596	1	Rtr2	22
597	1	Rtr2	901
598	1	Rtr2	1794
599	1	Rtr2	1799
600	1	Rtr2	1815
601	1	Rtr2	938
602	1	Rtr2	41
603	1	Rtr2	907
604	1	Rtr2	1797
605	1	Rtr2	1818
606	1	Rtr2	1818
607	1	Rtr2	930
608	1	Rtr2	35
609	1	Rtr2	28
610	1	Rtr2	28
611	1	Rtr2	26
612	1	Rtr2	16
613	1	Rtr2	22
614	1	Rtr2	31
615	1	Rtr2	31
616	1	Rtr2	20
617	1	Rtr2	23
618	1	Rtr2	19
619	1	Rtr2	20
620	1	Rtr2	24
621	1	Rtr2	23
622	1	Rtr2	28
623	1	Rtr2	305
624	1	Rtr2	1117
625	1	Rtr2	2020
626	1	Rtr2	2021
627	1	Rtr2	1831
628	1	Rtr2	929
629	1	Rtr2	36
630	1	Rtr2	26
631	1	Rtr2	23
632	1	Rtr2	24
633	1	Rtr2	28
634	1	Rtr2	23
635	1	Rtr2	30
636	1	Rtr2	15
637	1	Rtr2	23
638	1	Rtr2	26
639	1	Rtr2	18
640	1	Rtr2	18
641	1	Rtr2	27
642	1	Rtr2	35
643	1	Rtr2	31
644	1	Rtr2	22
645	1	Rtr2	913
646	1	Rtr2	1813
647	1	Rtr2	1822
648	1	Rtr2	1820
649	1	Rtr2	930
650	1	Rtr2	30
651	1	Rtr2	14
652	1	Rtr2	18
653	1	Rtr2	22
654	1	Rtr2	17
655	1	Rtr2	24
656	1	Rtr2	20
657	1	Rtr2	16
658	1	Rtr2	18
659	1	Rtr2	21
660	1	Rtr2	23
661	1	Rtr2	21
662	1	Rtr2	26
663	1	Rtr2	28
664	1	Rtr2	26
665	1	Rtr2	21
666	1	Rtr2	916
667	1	Rtr2	1812
668	1	Rtr2	1828
669	1	Rtr2	1830
670	1	Rtr2	952
671	1	Rtr2	46
672	1	Rtr2	46
673	1	Rtr2	23
674	1	Rtr2	19
675	1	Rtr2	21
676	1	Rtr2	16
677	1	Rtr2	16
678	1	Rtr2	24
679	1	Rtr2	263
680	1	Rtr2	237
681	1	Rtr2	215
682	1	Rtr2	220
683	1	Rtr2	29
684	1	Rtr2	20
685	1	Rtr2	25
686	1	Rtr2	26
687	1	Rtr2	915
688	1	Rtr2	1813
689	1	Rtr2	1829
690	1	Rtr2	1846
691	1	Rtr2	941
692	1	Rtr2	53
693	1	Rtr2	41
694	1	Rtr2	30
695	1	Rtr2	30
696	1	Rtr2	26
697	1	Rtr2	20
698	1	Rtr2	24
699	1	Rtr2	26
700	1	Rtr2	31
701	1	Rtr2	29
702	1	Rtr2	43
703	1	Rtr2	25
704	1	Rtr2	23
705	1	Rtr2	32
706	1	Rtr2	24
707	1	Rtr2	21
708	1	Rtr2	924
709	1	Rtr2	1833
710	1	Rtr2	1848
711	1	Rtr2	1853
712	1	Rtr2	960
713	1	Rtr2	52
714	1	Rtr2	30
715	1	Rtr2	33
716	1	Rtr2	40
717	1	Rtr2	38
718	1	Rtr2	18
719	1	Rtr2	18
720	1	Rtr2	28
721	1	Rtr2	33
722	1	Rtr2	23
723	1	Rtr2	16
724	1	Rtr2	28
725	1	Rtr2	24
726	1	Rtr2	22
727	1	Rtr2	19
728	1	Rtr2	28
729	1	Rtr2	932
730	1	Rtr2	1864
731	1	Rtr2	1869
732	1	Rtr2	1859
733	1	Rtr2	952
734	1	Rtr2	47
735	1	Rtr2	37
736	1	Rtr2	35
737	1	Rtr2	45
738	1	Rtr2	27
739	1	Rtr2	24
740	1	Rtr2	22
741	1	Rtr2	22
742	1	Rtr2	262
743	1	Rtr2	208
744	1	Rtr2	190
745	1	Rtr2	187
746	1	Rtr2	32
747	1	Rtr2	27
748	1	Rtr2	19
749	1	Rtr2	15
750	1	Rtr2	932
751	1	Rtr2	1854
752	1	Rtr2	1857
753	1	Rtr2	1863
754	1	Rtr2	976
755	1	Rtr2	69
756	1	Rtr2	58
757	1	Rtr2	51
758	1	Rtr2	29
759	1	Rtr2	37
760	1	Rtr2	34
761	1	Rtr2	43
762	1	Rtr2	26
763	1	Rtr2	22
764	1	Rtr2	22
765	1	Rtr2	32
766	1	Rtr2	39
767	1	Rtr2	16
768	1	Rtr2	27
769	1	Rtr2	24
770	1	Rtr2	252
771	1	Rtr2	1109
772	1	Rtr2	2010
773	1	Rtr2	2016
774	1	Rtr2	1865
775	1	Rtr2	967
776	1	Rtr2	58
777	1	Rtr2	49
778	1	Rtr2	28
779	1	Rtr2	28
780	1	Rtr2	40
781	1	Rtr2	29
782	1	Rtr2	23
783	1	Rtr2	22
784	1	Rtr2	24
785	1	Rtr2	38
786	1	Rtr2	39
787	1	Rtr2	36
788	1	Rtr2	32
789	1	Rtr2	25
790	1	Rtr2	38
791	1	Rtr2	29
792	1	Rtr2	952
793	1	Rtr2	1860
794	1	Rtr2	1866
795	1	Rtr2	1884
796	1	Rtr2	981
797	1	Rtr2	75
798	1	Rtr2	43
799	1	Rtr2	29
800	1	Rtr2	36
801	1	Rtr2	52
802	1	Rtr2	38
803	1	Rtr2	42
804	1	Rtr2	37
805	1	Rtr2	35
806	1	Rtr2	48
807	1	Rtr2	52
808	1	Rtr2	28
809	1	Rtr2	27
810	1	Rtr2	33
811	1	Rtr2	28
812	1	Rtr2	25
813	1	Rtr2	944
814	1	Rtr2	1863
815	1	Rtr2	1893
816	1	Rtr2	1891
817	1	Rtr2	982
818	1	Rtr2	63
819	1	Rtr2	40
820	1	Rtr2	54
821	1	Rtr2	59
822	1	Rtr2	49
823	1	Rtr2	39
824	1	Rtr2	36
825	1	Rtr2	43
826	1	Rtr2	46
827	1	Rtr2	38
828	1	Rtr2	49
829	1	Rtr2	26
830	1	Rtr2	23
831	1	Rtr2	48
832	1	Rtr2	41
833	1	Rtr2	26
834	1	Rtr2	936
835	1	Rtr2	1876
836	1	Rtr2	1907
837	1	Rtr2	1904
838	1	Rtr2	992
839	1	Rtr2	321
840	1	Rtr2	282
841	1	Rtr2	290
842	1	Rtr2	277
843	1	Rtr2	49
844	1	Rtr2	48
845	1	Rtr2	43
846	1	Rtr2	53
847	1	Rtr2	43
848	1	Rtr2	31
849	1	Rtr2	33
850	1	Rtr2	39
851	1	Rtr2	36
852	1	Rtr2	20
853	1	Rtr2	22
854	1	Rtr2	35
855	1	Rtr2	959
856	1	Rtr2	1882
857	1	Rtr2	1893
858	1	Rtr2	1895
859	1	Rtr2	980
860	1	Rtr2	73
861	1	Rtr2	58
862	1	Rtr2	69
863	1	Rtr2	63
864	1	Rtr2	48
865	1	Rtr2	66
866	1	Rtr2	53
867	1	Rtr2	48
868	1	Rtr2	49
869	1	Rtr2	19
870	1	Rtr2	39
871	1	Rtr2	43
872	1	Rtr2	35
873	1	Rtr2	39
874	1	Rtr2	30
875	1	Rtr2	42
876	1	Rtr2	963
877	1	Rtr2	1891
878	1	Rtr2	1899
879	1	Rtr2	1898
880	1	Rtr2	1001
881	1	Rtr2	84
882	1	Rtr2	80
883	1	Rtr2	49
884	1	Rtr2	31
885	1	Rtr2	54
886	1	Rtr2	42
887	1	Rtr2	41
888	1	Rtr2	38
889	1	Rtr2	33
890	1	Rtr2	59
891	1	Rtr2	306
892	1	Rtr2	249
893	1	Rtr2	234
894	1	Rtr2	221
895	1	Rtr2	71
896	1	Rtr2	63
897	1	Rtr2	982
898	1	Rtr2	1897
899	1	Rtr2	1900
900	1	Rtr2	1922
901	1	Rtr2	1007
902	1	Rtr2	92
903	1	Rtr2	967
904	1	Rtr2	1899
905	1	Rtr2	1929
906	1	Rtr2	1933
907	1	Rtr2	1012
908	1	Rtr2	64
909	1	Rtr2	56
910	1	Rtr2	74
911	1	Rtr2	74
912	1	Rtr2	78
913	1	Rtr2	55
914	1	Rtr2	28
915	1	Rtr2	57
916	1	Rtr2	55
917	1	Rtr2	59
918	1	Rtr2	27
919	1	Rtr2	22
920	1	Rtr2	42
921	1	Rtr2	52
922	1	Rtr2	45
923	1	Rtr2	41
924	1	Rtr2	967
925	1	Rtr2	1928
926	1	Rtr2	1938
927	1	Rtr2	1936
928	1	Rtr2	1003
929	1	Rtr2	68
930	1	Rtr2	79
931	1	Rtr2	78
932	1	Rtr2	72
933	1	Rtr2	47
934	1	Rtr2	42
935	1	Rtr2	55
936	1	Rtr2	57
937	1	Rtr2	293
938	1	Rtr2	236
939	1	Rtr2	228
940	1	Rtr2	233
941	1	Rtr2	65
942	1	Rtr2	71
943	1	Rtr2	38
944	1	Rtr2	33
945	1	Rtr2	970
946	1	Rtr2	1919
947	1	Rtr2	1926
948	1	Rtr2	1928
949	1	Rtr2	990
950	1	Rtr2	83
951	1	Rtr2	68
952	1	Rtr2	65
953	1	Rtr2	47
954	1	Rtr2	44
955	1	Rtr2	61
956	1	Rtr2	53
957	1	Rtr2	57
958	1	Rtr2	55
959	1	Rtr2	37
960	1	Rtr2	44
961	1	Rtr2	31
962	1	Rtr2	36
963	1	Rtr2	42
964	1	Rtr2	41
965	1	Rtr2	62
966	1	Rtr2	990
967	1	Rtr2	1927
968	1	Rtr2	1924
969	1	Rtr2	1924
970	1	Rtr2	1028
971	1	Rtr2	77
972	1	Rtr2	62
973	1	Rtr2	48
974	1	Rtr2	42
975	1	Rtr2	67
976	1	Rtr2	59
977	1	Rtr2	56
978	1	Rtr2	42
979	1	Rtr2	39
980	1	Rtr2	70
981	1	Rtr2	57
982	1	Rtr2	52
983	1	Rtr2	41
984	1	Rtr2	40
985	1	Rtr2	66
986	1	Rtr2	65
987	1	Rtr2	1002
988	1	Rtr2	1918
989	1	Rtr2	1934
990	1	Rtr2	1956
991	1	Rtr2	1035
992	1	Rtr2	92
993	1	Rtr2	296
994	1	Rtr2	238
995	1	Rtr2	255
996	1	Rtr2	254
997	1	Rtr2	90
998	1	Rtr2	44
999	1	Rtr2	46
1000	1	Rtr2	78
1001	1	Rtr2	349
1002	1	Rtr2	294
1003	1	Rtr2	1210
1004	1	Rtr2	2153
1005	1	Rtr2	1976
1006	1	Rtr2	1969
1007	1	Rtr2	1029
1008	1	Rtr2	67
1009	1	Rtr2	66
1010	1	Rtr2	89
1011	1	Rtr2	104
1012	1	Rtr2	103
1013	1	Rtr2	62
1014	1	Rtr2	42
1015	1	Rtr2	74
1016	1	Rtr2	68
1017	1	Rtr2	58
1018	1	Rtr2	49
1019	1	Rtr2	41
1020	1	Rtr2	69
1021	1	Rtr2	59
1022	1	Rtr2	54
1023	1	Rtr2	60
1024	1	Rtr2	985
1025	1	Rtr2	1961
1026	1	Rtr2	1973
1027	1	Rtr2	1970
1028	1	Rtr2	1016
1029	1	Rtr2	57
1030	1	Rtr2	74
1031	1	Rtr2	64
1032	1	Rtr2	58
1033	1	Rtr2	39
1034	1	Rtr2	34
1035	1	Rtr2	52
1036	1	Rtr2	71
1037	1	Rtr2	56
1038	1	Rtr2	38
1039	1	Rtr2	49
1040	1	Rtr2	66
1041	1	Rtr2	75
1042	1	Rtr2	67
1043	1	Rtr2	28
1044	1	Rtr2	49
1045	1	Rtr2	1007
1046	1	Rtr2	1956
1047	1	Rtr2	1972
1048	1	Rtr2	1956
1049	1	Rtr2	1021
1050	1	Rtr2	93
1051	1	Rtr2	92
1052	1	Rtr2	91
1053	1	Rtr2	48
1054	1	Rtr2	25
1055	1	Rtr2	51
1056	1	Rtr2	333
1057	1	Rtr2	278
1058	1	Rtr2	281
1059	1	Rtr2	274
1060	1	Rtr2	102
1061	1	Rtr2	108
1062	1	Rtr2	95
1063	1	Rtr2	55
1064	1	Rtr2	40
1065	1	Rtr2	70
1066	1	Rtr2	1011
1067	1	Rtr2	1966
1068	1	Rtr2	1961
1069	1	Rtr2	1967
1070	1	Rtr2	1059
1071	1	Rtr2	120
1072	1	Rtr2	95
1073	1	Rtr2	67
1074	1	Rtr2	70
1075	1	Rtr2	95
1076	1	Rtr2	93
1077	1	Rtr2	93
1078	1	Rtr2	61
1079	1	Rtr2	46
1080	1	Rtr2	73
1081	1	Rtr2	69
1082	1	Rtr2	69
1083	1	Rtr2	71
1084	1	Rtr2	43
1085	1	Rtr2	81
1086	1	Rtr2	89
1087	1	Rtr2	1039
1088	1	Rtr2	1962
1089	1	Rtr2	1974
1090	1	Rtr2	1995
1091	1	Rtr2	1055
1092	1	Rtr2	91
1093	1	Rtr2	74
1094	1	Rtr2	34
1095	1	Rtr2	65
1096	1	Rtr2	71
1097	1	Rtr2	50
1098	1	Rtr2	45
1099	1	Rtr2	43
1100	1	Rtr2	63
1101	1	Rtr2	55
1102	1	Rtr2	50
1103	1	Rtr2	41
1104	1	Rtr2	41
1105	1	Rtr2	79
1106	1	Rtr2	90
1107	1	Rtr2	70
1108	1	Rtr2	1009
1109	1	Rtr2	1970
1110	1	Rtr2	2010
1111	1	Rtr2	2284
1112	1	Rtr2	1267
1113	1	Rtr2	269
1114	1	Rtr2	256
1115	1	Rtr2	103
1116	1	Rtr2	113
1117	1	Rtr2	103
1118	1	Rtr2	80
1119	1	Rtr2	75
1120	1	Rtr2	97
1121	1	Rtr2	116
1122	1	Rtr2	115
1123	1	Rtr2	65
1124	1	Rtr2	66
1125	1	Rtr2	101
1126	1	Rtr2	117
1127	1	Rtr2	108
1128	1	Rtr2	66
1129	1	Rtr2	1009
1130	1	Rtr2	2008
1131	1	Rtr2	2013
1132	1	Rtr2	2014
1133	1	Rtr2	1040
1134	1	Rtr2	80
1135	1	Rtr2	93
1136	1	Rtr2	88
1137	1	Rtr2	79
1138	1	Rtr2	39
1139	1	Rtr2	36
1140	1	Rtr2	66
1141	1	Rtr2	80
1142	1	Rtr2	72
1143	1	Rtr2	67
1144	1	Rtr2	68
1145	1	Rtr2	109
1146	1	Rtr2	111
1147	1	Rtr2	87
1148	1	Rtr2	61
1149	1	Rtr2	39
1150	1	Rtr2	1029
1151	1	Rtr2	1996
1152	1	Rtr2	2006
1153	1	Rtr2	1998
1154	1	Rtr2	1055
1155	1	Rtr2	118
1156	1	Rtr2	113
1157	1	Rtr2	93
1158	1	Rtr2	65
1159	1	Rtr2	75
1160	1	Rtr2	94
1161	1	Rtr2	436
1162	1	Rtr2	394
1163	1	Rtr2	354
1164	1	Rtr2	328
1165	1	Rtr2	95
1166	1	Rtr2	81
1167	1	Rtr2	80
1168	1	Rtr2	55
1169	1	Rtr2	56
1170	1	Rtr2	88
1171	1	Rtr2	1035
1172	1	Rtr2	2005
1173	1	Rtr2	2000
1174	1	Rtr2	2003
1175	1	Rtr2	1088
1176	1	Rtr2	127
1177	1	Rtr2	84
1178	1	Rtr2	41
1179	1	Rtr2	41
1180	1	Rtr2	73
1181	1	Rtr2	70
1182	1	Rtr2	63
1183	1	Rtr2	44
1184	1	Rtr2	32
1185	1	Rtr2	73
1186	1	Rtr2	47
1187	1	Rtr2	47
1188	1	Rtr2	44
1189	1	Rtr2	46
1190	1	Rtr2	87
1191	1	Rtr2	86
1192	1	Rtr2	1038
1193	1	Rtr2	2001
1194	1	Rtr2	2005
1195	1	Rtr2	2032
1196	1	Rtr2	1092
1197	1	Rtr2	149
1198	1	Rtr2	94
1199	1	Rtr2	77
1200	1	Rtr2	122
1201	1	Rtr2	98
1202	1	Rtr2	86
1203	1	Rtr2	68
1204	1	Rtr2	65
1205	1	Rtr2	94
1206	1	Rtr2	89
1207	1	Rtr2	82
1208	1	Rtr2	32
1209	1	Rtr2	39
1210	1	Rtr2	75
1211	1	Rtr2	82
1212	1	Rtr2	62
1213	1	Rtr2	1039
1214	1	Rtr2	2013
1215	1	Rtr2	2059
1216	1	Rtr2	2060
1217	1	Rtr2	1085
1218	1	Rtr2	88
1219	1	Rtr2	71
1220	1	Rtr2	109
1221	1	Rtr2	373
1222	1	Rtr2	314
1223	1	Rtr2	272
1224	1	Rtr2	273
1225	1	Rtr2	121
1226	1	Rtr2	107
1227	1	Rtr2	103
1228	1	Rtr2	58
1229	1	Rtr2	44
1230	1	Rtr2	80
1231	1	Rtr2	83
1232	1	Rtr2	90
1233	1	Rtr2	68
1234	1	Rtr2	1027
1235	1	Rtr2	2040
1236	1	Rtr2	2049
1237	1	Rtr2	2046
1238	1	Rtr2	1075
1239	1	Rtr2	82
1240	1	Rtr2	114
1241	1	Rtr2	118
1242	1	Rtr2	95
1243	1	Rtr2	66
1244	1	Rtr2	40
1245	1	Rtr2	70
1246	1	Rtr2	64
1247	1	Rtr2	58
1248	1	Rtr2	37
1249	1	Rtr2	51
1250	1	Rtr2	83
1251	1	Rtr2	102
1252	1	Rtr2	80
1253	1	Rtr2	52
1254	1	Rtr2	51
1255	1	Rtr2	1052
1256	1	Rtr2	2035
1257	1	Rtr2	2047
1258	1	Rtr2	2029
1259	1	Rtr2	1062
1260	1	Rtr2	108
1261	1	Rtr2	108
1262	1	Rtr2	103
1263	1	Rtr2	58
1264	1	Rtr2	62
1265	1	Rtr2	98
1266	1	Rtr2	381
1267	1	Rtr2	308
1268	1	Rtr2	287
1269	1	Rtr2	273
1270	1	Rtr2	100
1271	1	Rtr2	101
1272	1	Rtr2	102
1273	1	Rtr2	60
1274	1	Rtr2	54
1275	1	Rtr2	95
1276	1	Rtr2	1060
1277	1	Rtr2	2048
1278	1	Rtr2	2030
1279	1	Rtr2	2033
1280	1	Rtr2	1108
1281	1	Rtr2	126
1282	1	Rtr2	100
1283	1	Rtr2	53
1284	1	Rtr2	73
1285	1	Rtr2	113
1286	1	Rtr2	113
1287	1	Rtr2	99
1288	1	Rtr2	76
1289	1	Rtr2	58
1290	1	Rtr2	98
1291	1	Rtr2	88
1292	1	Rtr2	87
1293	1	Rtr2	76
1294	1	Rtr2	69
1295	1	Rtr2	110
1296	1	Rtr2	110
1297	1	Rtr2	1076
1298	1	Rtr2	2024
1299	1	Rtr2	2038
1300	1	Rtr2	2087
1301	1	Rtr2	1109
1302	1	Rtr2	116
1303	1	Rtr2	1058
1304	1	Rtr2	2043
1305	1	Rtr2	2087
1306	1	Rtr2	2094
1307	1	Rtr2	1123
1308	1	Rtr2	92
1309	1	Rtr2	66
1310	1	Rtr2	109
1311	1	Rtr2	120
1312	1	Rtr2	98
1313	1	Rtr2	72
1314	1	Rtr2	53
1315	1	Rtr2	87
1316	1	Rtr2	114
1317	1	Rtr2	94
1318	1	Rtr2	66
1319	1	Rtr2	88
1320	1	Rtr2	115
1321	1	Rtr2	398
1322	1	Rtr2	336
1323	1	Rtr2	301
1324	1	Rtr2	1272
1325	1	Rtr2	2110
1326	1	Rtr2	2108
1327	1	Rtr2	2112
1328	1	Rtr2	1083
1329	1	Rtr2	94
1330	1	Rtr2	121
1331	1	Rtr2	131
1332	1	Rtr2	122
1333	1	Rtr2	76
1334	1	Rtr2	50
1335	1	Rtr2	105
1336	1	Rtr2	106
1337	1	Rtr2	84
1338	1	Rtr2	82
1339	1	Rtr2	75
1340	1	Rtr2	123
1341	1	Rtr2	121
1342	1	Rtr2	121
1343	1	Rtr2	85
1344	1	Rtr2	70
1345	1	Rtr2	1080
1346	1	Rtr2	2084
1347	1	Rtr2	2083
1348	1	Rtr2	2062
1349	1	Rtr2	1106
1350	1	Rtr2	153
1351	1	Rtr2	144
1352	1	Rtr2	123
1353	1	Rtr2	58
1354	1	Rtr2	44
1355	1	Rtr2	97
1356	1	Rtr2	106
1357	1	Rtr2	87
1358	1	Rtr2	70
1359	1	Rtr2	48
1360	1	Rtr2	104
1361	1	Rtr2	82
1362	1	Rtr2	63
1363	1	Rtr2	69
1364	1	Rtr2	71
1365	1	Rtr2	106
1366	1	Rtr2	1088
1367	1	Rtr2	2086
1368	1	Rtr2	2071
1369	1	Rtr2	2068
1370	1	Rtr2	1125
1371	1	Rtr2	147
1372	1	Rtr2	138
1373	1	Rtr2	95
1374	1	Rtr2	69
1375	1	Rtr2	130
1376	1	Rtr2	404
1377	1	Rtr2	343
1378	1	Rtr2	297
1379	1	Rtr2	286
1380	1	Rtr2	118
1381	1	Rtr2	134
1382	1	Rtr2	108
1383	1	Rtr2	56
1384	1	Rtr2	49
1385	1	Rtr2	90
1386	1	Rtr2	105
1387	1	Rtr2	1097
1388	1	Rtr2	2076
1389	1	Rtr2	2076
1390	1	Rtr2	2123
1391	1	Rtr2	1140
1392	1	Rtr2	166
1393	1	Rtr2	73
1394	1	Rtr2	62
1395	1	Rtr2	113
1396	1	Rtr2	112
1397	1	Rtr2	114
1398	1	Rtr2	69
1399	1	Rtr2	74
1400	1	Rtr2	123
1401	1	Rtr2	150
1402	1	Rtr2	109
1403	1	Rtr2	88
1404	1	Rtr2	67
1405	1	Rtr2	118
1406	1	Rtr2	124
1407	1	Rtr2	122
1408	1	Rtr2	1061
1409	1	Rtr2	2073
1410	1	Rtr2	2127
1411	1	Rtr2	2123
1412	1	Rtr2	1139
1413	1	Rtr2	107
1414	1	Rtr2	91
1415	1	Rtr2	153
1416	1	Rtr2	155
1417	1	Rtr2	140
1418	1	Rtr2	72
1419	1	Rtr2	48
1420	1	Rtr2	93
1421	1	Rtr2	108
1422	1	Rtr2	105
1423	1	Rtr2	96
1424	1	Rtr2	81
1425	1	Rtr2	140
1426	1	Rtr2	125
1427	1	Rtr2	100
1428	1	Rtr2	71
1429	1	Rtr2	1065
1430	1	Rtr2	2121
1431	1	Rtr2	2129
1432	1	Rtr2	2130
1433	1	Rtr2	1365
1434	1	Rtr2	311
1435	1	Rtr2	363
1436	1	Rtr2	340
1437	1	Rtr2	131
1438	1	Rtr2	93
1439	1	Rtr2	66
1440	1	Rtr2	118
1441	1	Rtr2	98
1442	1	Rtr2	98
1443	1	Rtr2	55
1444	1	Rtr2	66
1445	1	Rtr2	119
1446	1	Rtr2	119
1447	1	Rtr2	126
1448	1	Rtr2	61
1449	1	Rtr2	67
1450	1	Rtr2	1102
1451	1	Rtr2	2111
1452	1	Rtr2	2127
1453	1	Rtr2	2100
1454	1	Rtr2	1108
1455	1	Rtr2	152
1456	1	Rtr2	146
1457	1	Rtr2	140
1458	1	Rtr2	82
1459	1	Rtr2	82
1460	1	Rtr2	144
1461	1	Rtr2	137
1462	1	Rtr2	142
1463	1	Rtr2	95
1464	1	Rtr2	48
1465	1	Rtr2	97
1466	1	Rtr2	101
1467	1	Rtr2	99
1468	1	Rtr2	65
1469	1	Rtr2	66
1470	1	Rtr2	120
1471	1	Rtr2	1117
1472	1	Rtr2	2119
1473	1	Rtr2	2108
1474	1	Rtr2	2102
1475	1	Rtr2	1167
1476	1	Rtr2	153
1477	1	Rtr2	121
1478	1	Rtr2	69
1479	1	Rtr2	93
1480	1	Rtr2	159
1481	1	Rtr2	138
1482	1	Rtr2	120
1483	1	Rtr2	59
1484	1	Rtr2	62
1485	1	Rtr2	103
1486	1	Rtr2	125
1487	1	Rtr2	100
1488	1	Rtr2	85
1489	1	Rtr2	58
1490	1	Rtr2	98
1491	1	Rtr2	423
1492	1	Rtr2	1370
1493	1	Rtr2	2353
1494	1	Rtr2	2345
1495	1	Rtr2	2153
1496	1	Rtr2	1163
1497	1	Rtr2	156
1498	1	Rtr2	74
1499	1	Rtr2	94
1500	1	Rtr2	141
1501	1	Rtr2	132
1502	1	Rtr2	161
1503	1	Rtr2	58
1504	1	Rtr2	79
1505	1	Rtr2	139
1506	1	Rtr2	111
1507	1	Rtr2	96
1508	1	Rtr2	75
1509	1	Rtr2	90
1510	1	Rtr2	139
1511	1	Rtr2	136
1512	1	Rtr2	110
1513	1	Rtr2	1094
1514	1	Rtr2	2110
1515	1	Rtr2	2168
1516	1	Rtr2	2160
1517	1	Rtr2	1176
1518	1	Rtr2	119
1519	1	Rtr2	95
1520	1	Rtr2	139
1521	1	Rtr2	150
1522	1	Rtr2	132
1523	1	Rtr2	71
1524	1	Rtr2	65
1525	1	Rtr2	109
1526	1	Rtr2	100
1527	1	Rtr2	109
1528	1	Rtr2	63
1529	1	Rtr2	81
1530	1	Rtr2	121
1531	1	Rtr2	132
1532	1	Rtr2	103
1533	1	Rtr2	65
1534	1	Rtr2	1083
1535	1	Rtr2	2156
1536	1	Rtr2	2165
1537	1	Rtr2	2164
1538	1	Rtr2	1132
1539	1	Rtr2	100
1540	1	Rtr2	159
1541	1	Rtr2	132
1542	1	Rtr2	149
1543	1	Rtr2	88
1544	1	Rtr2	68
1545	1	Rtr2	120
1546	1	Rtr2	122
1547	1	Rtr2	458
1548	1	Rtr2	371
1549	1	Rtr2	379
1550	1	Rtr2	436
1551	1	Rtr2	173
1552	1	Rtr2	174
1553	1	Rtr2	94
1554	1	Rtr2	68
1555	1	Rtr2	1108
1556	1	Rtr2	2136
1557	1	Rtr2	2156
1558	1	Rtr2	2129
1559	1	Rtr2	1132
1560	1	Rtr2	155
1561	1	Rtr2	148
1562	1	Rtr2	138
1563	1	Rtr2	65
1564	1	Rtr2	418
1565	1	Rtr2	450
1566	1	Rtr2	445
1567	1	Rtr2	411
1568	1	Rtr2	72
1569	1	Rtr2	71
1570	1	Rtr2	124
1571	1	Rtr2	103
1572	1	Rtr2	113
1573	1	Rtr2	72
1574	1	Rtr2	53
1575	1	Rtr2	130
1576	1	Rtr2	1126
1577	1	Rtr2	2162
1578	1	Rtr2	2141
1579	1	Rtr2	2137
1580	1	Rtr2	1185
1581	1	Rtr2	154
1582	1	Rtr2	151
1583	1	Rtr2	94
1584	1	Rtr2	76
1585	1	Rtr2	140
1586	1	Rtr2	127
1587	1	Rtr2	127
1588	1	Rtr2	75
1589	1	Rtr2	55
1590	1	Rtr2	107
1591	1	Rtr2	116
1592	1	Rtr2	78
1593	1	Rtr2	64
1594	1	Rtr2	66
1595	1	Rtr2	113
1596	1	Rtr2	112
1597	1	Rtr2	1136
1598	1	Rtr2	2150
1599	1	Rtr2	2143
1600	1	Rtr2	2192
1601	1	Rtr2	1178
1602	1	Rtr2	142
1603	1	Rtr2	1117
1604	1	Rtr2	2138
1605	1	Rtr2	2198
1606	1	Rtr2	2204
1607	1	Rtr2	1193
1608	1	Rtr2	104
1609	1	Rtr2	89
1610	1	Rtr2	146
1611	1	Rtr2	144
1612	1	Rtr2	129
1613	1	Rtr2	78
1614	1	Rtr2	73
1615	1	Rtr2	147
1616	1	Rtr2	142
1617	1	Rtr2	124
1618	1	Rtr2	70
1619	1	Rtr2	68
1620	1	Rtr2	108
1621	1	Rtr2	113
1622	1	Rtr2	121
1623	1	Rtr2	426
1624	1	Rtr2	1383
1625	1	Rtr2	2460
1626	1	Rtr2	2472
1627	1	Rtr2	2215
1628	1	Rtr2	1158
1629	1	Rtr2	114
1630	1	Rtr2	167
1631	1	Rtr2	151
1632	1	Rtr2	164
1633	1	Rtr2	68
1634	1	Rtr2	79
1635	1	Rtr2	142
1636	1	Rtr2	118
1637	1	Rtr2	111
1638	1	Rtr2	72
1639	1	Rtr2	81
1640	1	Rtr2	150
1641	1	Rtr2	151
1642	1	Rtr2	121
1643	1	Rtr2	99
1644	1	Rtr2	75
1645	1	Rtr2	1150
1646	1	Rtr2	2195
1647	1	Rtr2	2212
1648	1	Rtr2	2157
1649	1	Rtr2	1155
1650	1	Rtr2	178
1651	1	Rtr2	157
1652	1	Rtr2	131
1653	1	Rtr2	71
1654	1	Rtr2	59
1655	1	Rtr2	114
1656	1	Rtr2	135
1657	1	Rtr2	117
1658	1	Rtr2	59
1659	1	Rtr2	73
1660	1	Rtr2	136
1661	1	Rtr2	110
1662	1	Rtr2	95
1663	1	Rtr2	87
1664	1	Rtr2	91
1665	1	Rtr2	159
1666	1	Rtr2	1185
1667	1	Rtr2	2209
1668	1	Rtr2	2170
1669	1	Rtr2	2168
1670	1	Rtr2	1193
1671	1	Rtr2	171
1672	1	Rtr2	128
1673	1	Rtr2	92
1674	1	Rtr2	113
1675	1	Rtr2	187
1676	1	Rtr2	165
1677	1	Rtr2	170
1678	1	Rtr2	80
1679	1	Rtr2	425
1680	1	Rtr2	454
1681	1	Rtr2	451
1682	1	Rtr2	421
1683	1	Rtr2	84
1684	1	Rtr2	88
1685	1	Rtr2	161
1686	1	Rtr2	137
1687	1	Rtr2	1180
1688	1	Rtr2	2170
1689	1	Rtr2	2178
1690	1	Rtr2	2251
1691	1	Rtr2	1218
1692	1	Rtr2	183
1693	1	Rtr2	113
1694	1	Rtr2	92
1695	1	Rtr2	147
1696	1	Rtr2	182
1697	1	Rtr2	182
1698	1	Rtr2	106
1699	1	Rtr2	94
1700	1	Rtr2	147
1701	1	Rtr2	134
1702	1	Rtr2	132
1703	1	Rtr2	100
1704	1	Rtr2	64
1705	1	Rtr2	117
1706	1	Rtr2	129
1707	1	Rtr2	110
1708	1	Rtr2	1112
1709	1	Rtr2	2196
1710	1	Rtr2	2258
1711	1	Rtr2	2258
1712	1	Rtr2	1236
1713	1	Rtr2	99
1714	1	Rtr2	78
1715	1	Rtr2	157
1716	1	Rtr2	167
1717	1	Rtr2	140
1718	1	Rtr2	84
1719	1	Rtr2	106
1720	1	Rtr2	184
1721	1	Rtr2	177
1722	1	Rtr2	170
1723	1	Rtr2	90
1724	1	Rtr2	79
1725	1	Rtr2	159
1726	1	Rtr2	156
1727	1	Rtr2	122
1728	1	Rtr2	107
1729	1	Rtr2	1124
1730	1	Rtr2	2239
1731	1	Rtr2	2243
1732	1	Rtr2	2245
1733	1	Rtr2	1183
1734	1	Rtr2	118
1735	1	Rtr2	164
1736	1	Rtr2	155
1737	1	Rtr2	152
1738	1	Rtr2	87
1739	1	Rtr2	74
1740	1	Rtr2	142
1741	1	Rtr2	133
1742	1	Rtr2	465
1743	1	Rtr2	373
1744	1	Rtr2	360
1745	1	Rtr2	409
1746	1	Rtr2	152
1747	1	Rtr2	166
1748	1	Rtr2	100
1749	1	Rtr2	92
1750	1	Rtr2	1192
1751	1	Rtr2	2268
1752	1	Rtr2	2264
1753	1	Rtr2	2204
1754	1	Rtr2	1185
1755	1	Rtr2	182
1756	1	Rtr2	186
1757	1	Rtr2	166
1758	1	Rtr2	80
1759	1	Rtr2	91
1760	1	Rtr2	143
1761	1	Rtr2	151
1762	1	Rtr2	136
1763	1	Rtr2	105
1764	1	Rtr2	123
1765	1	Rtr2	192
1766	1	Rtr2	188
1767	1	Rtr2	161
1768	1	Rtr2	65
1769	1	Rtr2	71
1770	1	Rtr2	456
1771	1	Rtr2	1429
1772	1	Rtr2	2488
1773	1	Rtr2	2464
1774	1	Rtr2	2216
1775	1	Rtr2	1237
1776	1	Rtr2	163
1777	1	Rtr2	176
1778	1	Rtr2	114
1779	1	Rtr2	121
1780	1	Rtr2	197
1781	1	Rtr2	179
1782	1	Rtr2	162
1783	1	Rtr2	100
1784	1	Rtr2	99
1785	1	Rtr2	137
1786	1	Rtr2	164
1787	1	Rtr2	141
1788	1	Rtr2	117
1789	1	Rtr2	117
1790	1	Rtr2	155
1791	1	Rtr2	147
1792	1	Rtr2	1202
1793	1	Rtr2	2199
1794	1	Rtr2	2231
1795	1	Rtr2	2289
1796	1	Rtr2	1268
1797	1	Rtr2	193
1798	1	Rtr2	101
1799	1	Rtr2	89
1800	1	Rtr2	152
1801	1	Rtr2	148
1802	1	Rtr2	136
1803	1	Rtr2	115
1804	1	Rtr2	91
1805	1	Rtr2	176
1806	1	Rtr2	166
1807	1	Rtr2	148
1808	1	Rtr2	90
1809	1	Rtr2	84
1810	1	Rtr2	158
1811	1	Rtr2	177
1812	1	Rtr2	146
1813	1	Rtr2	1133
1814	1	Rtr2	2224
1815	1	Rtr2	2287
1816	1	Rtr2	2290
1817	1	Rtr2	1243
1818	1	Rtr2	146
1819	1	Rtr2	120
1820	1	Rtr2	179
1821	1	Rtr2	173
1822	1	Rtr2	186
1823	1	Rtr2	96
1824	1	Rtr2	93
1825	1	Rtr2	133
1826	1	Rtr2	125
1827	1	Rtr2	150
1828	1	Rtr2	106
1829	1	Rtr2	79
1830	1	Rtr2	123
1831	1	Rtr2	124
1832	1	Rtr2	116
1833	1	Rtr2	123
1834	1	Rtr2	1143
1835	1	Rtr2	2283
1836	1	Rtr2	2278
1837	1	Rtr2	2277
1838	1	Rtr2	1197
1839	1	Rtr2	458
1840	1	Rtr2	485
1841	1	Rtr2	469
1842	1	Rtr2	441
1843	1	Rtr2	108
1844	1	Rtr2	115
1845	1	Rtr2	182
1846	1	Rtr2	159
1847	1	Rtr2	182
1848	1	Rtr2	89
1849	1	Rtr2	75
1850	1	Rtr2	170
1851	1	Rtr2	159
1852	1	Rtr2	142
1853	1	Rtr2	98
1854	1	Rtr2	81
1855	1	Rtr2	1195
1856	1	Rtr2	2271
1857	1	Rtr2	2283
1858	1	Rtr2	2240
1859	1	Rtr2	1185
1860	1	Rtr2	186
1861	1	Rtr2	149
1862	1	Rtr2	135
1863	1	Rtr2	108
1864	1	Rtr2	111
1865	1	Rtr2	176
1866	1	Rtr2	174
1867	1	Rtr2	161
1868	1	Rtr2	122
1869	1	Rtr2	88
1870	1	Rtr2	164
1871	1	Rtr2	153
1872	1	Rtr2	125
1873	1	Rtr2	100
1874	1	Rtr2	82
1875	1	Rtr2	130
1876	1	Rtr2	1218
1877	1	Rtr2	2270
1878	1	Rtr2	2245
1879	1	Rtr2	2247
1880	1	Rtr2	1254
1881	1	Rtr2	210
1882	1	Rtr2	195
1883	1	Rtr2	138
1884	1	Rtr2	93
1885	1	Rtr2	173
1886	1	Rtr2	162
1887	1	Rtr2	168
1888	1	Rtr2	93
1889	1	Rtr2	100
1890	1	Rtr2	167
1891	1	Rtr2	451
1892	1	Rtr2	395
1893	1	Rtr2	323
1894	1	Rtr2	342
1895	1	Rtr2	223
1896	1	Rtr2	226
1897	1	Rtr2	1258
1898	1	Rtr2	2254
1899	1	Rtr2	2261
1900	1	Rtr2	2330
1901	1	Rtr2	1284
1902	1	Rtr2	207
1903	1	Rtr2	1180
1904	1	Rtr2	2256
1905	1	Rtr2	2335
1906	1	Rtr2	2334
1907	1	Rtr2	1277
1908	1	Rtr2	136
1909	1	Rtr2	107
1910	1	Rtr2	168
1911	1	Rtr2	194
1912	1	Rtr2	164
1913	1	Rtr2	97
1914	1	Rtr2	124
1915	1	Rtr2	167
1916	1	Rtr2	179
1917	1	Rtr2	160
1918	1	Rtr2	103
1919	1	Rtr2	99
1920	1	Rtr2	157
1921	1	Rtr2	129
1922	1	Rtr2	141
1923	1	Rtr2	99
1924	1	Rtr2	1171
1925	1	Rtr2	2310
1926	1	Rtr2	2316
1927	1	Rtr2	2320
1928	1	Rtr2	1208
1929	1	Rtr2	129
1930	1	Rtr2	201
1931	1	Rtr2	202
1932	1	Rtr2	170
1933	1	Rtr2	87
1934	1	Rtr2	95
1935	1	Rtr2	189
1936	1	Rtr2	174
1937	1	Rtr2	451
1938	1	Rtr2	344
1939	1	Rtr2	330
1940	1	Rtr2	389
1941	1	Rtr2	178
1942	1	Rtr2	145
1943	1	Rtr2	82
1944	1	Rtr2	72
1945	1	Rtr2	1207
1946	1	Rtr2	2280
1947	1	Rtr2	2297
1948	1	Rtr2	2266
1949	1	Rtr2	1220
1950	1	Rtr2	200
1951	1	Rtr2	174
1952	1	Rtr2	200
1953	1	Rtr2	129
1954	1	Rtr2	78
1955	1	Rtr2	157
1956	1	Rtr2	136
1957	1	Rtr2	115
1958	1	Rtr2	97
1959	1	Rtr2	88
1960	1	Rtr2	167
1961	1	Rtr2	163
1962	1	Rtr2	167
1963	1	Rtr2	122
1964	1	Rtr2	103
1965	1	Rtr2	164
1966	1	Rtr2	1228
1967	1	Rtr2	2327
1968	1	Rtr2	2282
1969	1	Rtr2	2285
1970	1	Rtr2	1301
1971	1	Rtr2	196
1972	1	Rtr2	160
1973	1	Rtr2	77
1974	1	Rtr2	72
1975	1	Rtr2	146
1976	1	Rtr2	118
1977	1	Rtr2	93
1978	1	Rtr2	72
1979	1	Rtr2	91
1980	1	Rtr2	162
1981	1	Rtr2	145
1982	1	Rtr2	136
1983	1	Rtr2	95
1984	1	Rtr2	100
1985	1	Rtr2	145
1986	1	Rtr2	139
1987	1	Rtr2	1227
1988	1	Rtr2	2276
1989	1	Rtr2	2299
1990	1	Rtr2	2350
1991	1	Rtr2	1293
1992	1	Rtr2	187
1993	1	Rtr2	400
1994	1	Rtr2	344
1995	1	Rtr2	429
1996	1	Rtr2	408
1997	1	Rtr2	188
1998	1	Rtr2	145
1999	1	Rtr2	123
