Time	Node	PitItems
1	1	Rtr2	191
2	1	Rtr2	211
3	1	Rtr2	976
4	1	Rtr2	1744
5	1	Rtr2	1756
6	1	Rtr2	1752
7	1	Rtr2	960
8	1	Rtr2	33
9	1	Rtr2	11
10	1	Rtr2	10
11	1	Rtr2	13
12	1	Rtr2	10
13	1	Rtr2	11
14	1	Rtr2	10
15	1	Rtr2	5
16	1	Rtr2	8
17	1	Rtr2	8
18	1	Rtr2	12
19	1	Rtr2	9
20	1	Rtr2	4
21	1	Rtr2	9
22	1	Rtr2	10
23	1	Rtr2	10
24	1	Rtr2	797
25	1	Rtr2	1589
26	1	Rtr2	1597
27	1	Rtr2	1601
28	1	Rtr2	810
29	1	Rtr2	15
30	1	Rtr2	9
31	1	Rtr2	6
32	1	Rtr2	7
33	1	Rtr2	8
34	1	Rtr2	9
35	1	Rtr2	9
36	1	Rtr2	6
37	1	Rtr2	6
38	1	Rtr2	7
39	1	Rtr2	6
40	1	Rtr2	8
41	1	Rtr2	11
42	1	Rtr2	5
43	1	Rtr2	11
44	1	Rtr2	9
45	1	Rtr2	795
46	1	Rtr2	1584
47	1	Rtr2	1595
48	1	Rtr2	1596
49	1	Rtr2	809
50	1	Rtr2	15
51	1	Rtr2	6
52	1	Rtr2	8
53	1	Rtr2	11
54	1	Rtr2	12
55	1	Rtr2	10
56	1	Rtr2	182
57	1	Rtr2	156
58	1	Rtr2	130
59	1	Rtr2	134
60	1	Rtr2	86
61	1	Rtr2	88
62	1	Rtr2	86
63	1	Rtr2	8
64	1	Rtr2	11
65	1	Rtr2	10
66	1	Rtr2	788
67	1	Rtr2	1579
68	1	Rtr2	1587
69	1	Rtr2	1589
70	1	Rtr2	806
71	1	Rtr2	20
72	1	Rtr2	10
73	1	Rtr2	9
74	1	Rtr2	10
75	1	Rtr2	13
76	1	Rtr2	9
77	1	Rtr2	8
78	1	Rtr2	7
79	1	Rtr2	10
80	1	Rtr2	10
81	1	Rtr2	7
82	1	Rtr2	10
83	1	Rtr2	7
84	1	Rtr2	10
85	1	Rtr2	8
86	1	Rtr2	11
87	1	Rtr2	785
88	1	Rtr2	1565
89	1	Rtr2	1577
90	1	Rtr2	1577
91	1	Rtr2	807
92	1	Rtr2	20
93	1	Rtr2	7
94	1	Rtr2	7
95	1	Rtr2	11
96	1	Rtr2	8
97	1	Rtr2	8
98	1	Rtr2	8
99	1	Rtr2	11
100	1	Rtr2	10
101	1	Rtr2	6
102	1	Rtr2	10
103	1	Rtr2	11
104	1	Rtr2	7
105	1	Rtr2	7
106	1	Rtr2	10
107	1	Rtr2	9
108	1	Rtr2	777
109	1	Rtr2	1562
110	1	Rtr2	1571
111	1	Rtr2	1719
112	1	Rtr2	986
113	1	Rtr2	190
114	1	Rtr2	170
115	1	Rtr2	132
116	1	Rtr2	131
117	1	Rtr2	132
118	1	Rtr2	14
119	1	Rtr2	10
120	1	Rtr2	11
121	1	Rtr2	10
122	1	Rtr2	10
123	1	Rtr2	11
124	1	Rtr2	9
125	1	Rtr2	10
126	1	Rtr2	13
127	1	Rtr2	10
128	1	Rtr2	10
129	1	Rtr2	782
130	1	Rtr2	1557
131	1	Rtr2	1564
132	1	Rtr2	1564
133	1	Rtr2	793
134	1	Rtr2	19
135	1	Rtr2	9
136	1	Rtr2	10
137	1	Rtr2	12
138	1	Rtr2	12
139	1	Rtr2	8
140	1	Rtr2	10
141	1	Rtr2	10
142	1	Rtr2	8
143	1	Rtr2	6
144	1	Rtr2	12
145	1	Rtr2	10
146	1	Rtr2	9
147	1	Rtr2	13
148	1	Rtr2	13
149	1	Rtr2	10
150	1	Rtr2	779
151	1	Rtr2	1550
152	1	Rtr2	1559
153	1	Rtr2	1552
154	1	Rtr2	791
155	1	Rtr2	23
156	1	Rtr2	15
157	1	Rtr2	13
158	1	Rtr2	6
159	1	Rtr2	11
160	1	Rtr2	10
161	1	Rtr2	165
162	1	Rtr2	189
163	1	Rtr2	172
164	1	Rtr2	175
165	1	Rtr2	155
166	1	Rtr2	153
167	1	Rtr2	144
168	1	Rtr2	15
169	1	Rtr2	11
170	1	Rtr2	6
171	1	Rtr2	773
172	1	Rtr2	1537
173	1	Rtr2	1548
174	1	Rtr2	1549
175	1	Rtr2	787
176	1	Rtr2	26
177	1	Rtr2	15
178	1	Rtr2	11
179	1	Rtr2	12
180	1	Rtr2	12
181	1	Rtr2	16
182	1	Rtr2	11
183	1	Rtr2	13
184	1	Rtr2	8
185	1	Rtr2	12
186	1	Rtr2	6
187	1	Rtr2	8
188	1	Rtr2	14
189	1	Rtr2	12
190	1	Rtr2	6
191	1	Rtr2	9
192	1	Rtr2	770
193	1	Rtr2	1534
194	1	Rtr2	1538
195	1	Rtr2	1540
196	1	Rtr2	787
197	1	Rtr2	19
198	1	Rtr2	8
199	1	Rtr2	11
200	1	Rtr2	9
201	1	Rtr2	8
202	1	Rtr2	9
203	1	Rtr2	8
204	1	Rtr2	10
205	1	Rtr2	11
206	1	Rtr2	12
207	1	Rtr2	10
208	1	Rtr2	10
209	1	Rtr2	9
210	1	Rtr2	8
211	1	Rtr2	12
212	1	Rtr2	10
213	1	Rtr2	767
214	1	Rtr2	1523
215	1	Rtr2	1535
216	1	Rtr2	1530
217	1	Rtr2	780
218	1	Rtr2	19
219	1	Rtr2	12
220	1	Rtr2	13
221	1	Rtr2	136
222	1	Rtr2	163
223	1	Rtr2	153
224	1	Rtr2	144
225	1	Rtr2	118
226	1	Rtr2	116
227	1	Rtr2	113
228	1	Rtr2	16
229	1	Rtr2	8
230	1	Rtr2	10
231	1	Rtr2	8
232	1	Rtr2	14
233	1	Rtr2	12
234	1	Rtr2	759
235	1	Rtr2	1518
236	1	Rtr2	1528
237	1	Rtr2	1528
238	1	Rtr2	774
239	1	Rtr2	18
240	1	Rtr2	11
241	1	Rtr2	13
242	1	Rtr2	12
243	1	Rtr2	12
244	1	Rtr2	10
245	1	Rtr2	10
246	1	Rtr2	12
247	1	Rtr2	14
248	1	Rtr2	14
249	1	Rtr2	13
250	1	Rtr2	12
251	1	Rtr2	9
252	1	Rtr2	10
253	1	Rtr2	17
254	1	Rtr2	12
255	1	Rtr2	758
256	1	Rtr2	1512
257	1	Rtr2	1519
258	1	Rtr2	1515
259	1	Rtr2	773
260	1	Rtr2	20
261	1	Rtr2	13
262	1	Rtr2	8
263	1	Rtr2	11
264	1	Rtr2	12
265	1	Rtr2	9
266	1	Rtr2	167
267	1	Rtr2	165
268	1	Rtr2	160
269	1	Rtr2	170
270	1	Rtr2	137
271	1	Rtr2	138
272	1	Rtr2	134
273	1	Rtr2	20
274	1	Rtr2	12
275	1	Rtr2	9
276	1	Rtr2	751
277	1	Rtr2	1500
278	1	Rtr2	1516
279	1	Rtr2	1506
280	1	Rtr2	771
281	1	Rtr2	21
282	1	Rtr2	13
283	1	Rtr2	14
284	1	Rtr2	14
285	1	Rtr2	14
286	1	Rtr2	11
287	1	Rtr2	15
288	1	Rtr2	13
289	1	Rtr2	11
290	1	Rtr2	12
291	1	Rtr2	13
292	1	Rtr2	12
293	1	Rtr2	14
294	1	Rtr2	12
295	1	Rtr2	12
296	1	Rtr2	9
297	1	Rtr2	752
298	1	Rtr2	1494
299	1	Rtr2	1503
300	1	Rtr2	1507
301	1	Rtr2	772
302	1	Rtr2	24
303	1	Rtr2	747
304	1	Rtr2	1487
305	1	Rtr2	1501
306	1	Rtr2	1495
307	1	Rtr2	766
308	1	Rtr2	23
309	1	Rtr2	13
310	1	Rtr2	11
311	1	Rtr2	8
312	1	Rtr2	12
313	1	Rtr2	14
314	1	Rtr2	11
315	1	Rtr2	14
316	1	Rtr2	16
317	1	Rtr2	12
318	1	Rtr2	16
319	1	Rtr2	13
320	1	Rtr2	17
321	1	Rtr2	171
322	1	Rtr2	178
323	1	Rtr2	200
324	1	Rtr2	881
325	1	Rtr2	1599
326	1	Rtr2	1599
327	1	Rtr2	1593
328	1	Rtr2	756
329	1	Rtr2	20
330	1	Rtr2	13
331	1	Rtr2	13
332	1	Rtr2	9
333	1	Rtr2	16
334	1	Rtr2	10
335	1	Rtr2	10
336	1	Rtr2	11
337	1	Rtr2	14
338	1	Rtr2	15
339	1	Rtr2	16
340	1	Rtr2	16
341	1	Rtr2	12
342	1	Rtr2	14
343	1	Rtr2	13
344	1	Rtr2	12
345	1	Rtr2	741
346	1	Rtr2	1475
347	1	Rtr2	1482
348	1	Rtr2	1480
349	1	Rtr2	758
350	1	Rtr2	22
351	1	Rtr2	12
352	1	Rtr2	11
353	1	Rtr2	9
354	1	Rtr2	15
355	1	Rtr2	12
356	1	Rtr2	15
357	1	Rtr2	12
358	1	Rtr2	13
359	1	Rtr2	11
360	1	Rtr2	12
361	1	Rtr2	14
362	1	Rtr2	14
363	1	Rtr2	14
364	1	Rtr2	19
365	1	Rtr2	13
366	1	Rtr2	741
367	1	Rtr2	1469
368	1	Rtr2	1473
369	1	Rtr2	1473
370	1	Rtr2	749
371	1	Rtr2	25
372	1	Rtr2	20
373	1	Rtr2	14
374	1	Rtr2	9
375	1	Rtr2	12
376	1	Rtr2	191
377	1	Rtr2	178
378	1	Rtr2	171
379	1	Rtr2	157
380	1	Rtr2	135
381	1	Rtr2	134
382	1	Rtr2	128
383	1	Rtr2	18
384	1	Rtr2	11
385	1	Rtr2	9
386	1	Rtr2	13
387	1	Rtr2	737
388	1	Rtr2	1462
389	1	Rtr2	1468
390	1	Rtr2	1479
391	1	Rtr2	756
392	1	Rtr2	24
393	1	Rtr2	15
394	1	Rtr2	15
395	1	Rtr2	14
396	1	Rtr2	18
397	1	Rtr2	14
398	1	Rtr2	15
399	1	Rtr2	14
400	1	Rtr2	16
401	1	Rtr2	9
402	1	Rtr2	9
403	1	Rtr2	18
404	1	Rtr2	18
405	1	Rtr2	19
406	1	Rtr2	11
407	1	Rtr2	18
408	1	Rtr2	735
409	1	Rtr2	1448
410	1	Rtr2	1460
411	1	Rtr2	1462
412	1	Rtr2	747
413	1	Rtr2	22
414	1	Rtr2	14
415	1	Rtr2	11
416	1	Rtr2	17
417	1	Rtr2	16
418	1	Rtr2	19
419	1	Rtr2	12
420	1	Rtr2	13
421	1	Rtr2	16
422	1	Rtr2	19
423	1	Rtr2	13
424	1	Rtr2	17
425	1	Rtr2	15
426	1	Rtr2	16
427	1	Rtr2	10
428	1	Rtr2	15
429	1	Rtr2	731
430	1	Rtr2	1453
431	1	Rtr2	1458
432	1	Rtr2	1464
433	1	Rtr2	896
434	1	Rtr2	202
435	1	Rtr2	198
436	1	Rtr2	217
437	1	Rtr2	159
438	1	Rtr2	124
439	1	Rtr2	114
440	1	Rtr2	20
441	1	Rtr2	12
442	1	Rtr2	14
443	1	Rtr2	21
444	1	Rtr2	15
445	1	Rtr2	14
446	1	Rtr2	15
447	1	Rtr2	14
448	1	Rtr2	14
449	1	Rtr2	13
450	1	Rtr2	720
451	1	Rtr2	1433
452	1	Rtr2	1450
453	1	Rtr2	1445
454	1	Rtr2	734
455	1	Rtr2	22
456	1	Rtr2	17
457	1	Rtr2	16
458	1	Rtr2	10
459	1	Rtr2	19
460	1	Rtr2	14
461	1	Rtr2	18
462	1	Rtr2	17
463	1	Rtr2	15
464	1	Rtr2	19
465	1	Rtr2	12
466	1	Rtr2	13
467	1	Rtr2	19
468	1	Rtr2	14
469	1	Rtr2	16
470	1	Rtr2	9
471	1	Rtr2	716
472	1	Rtr2	1428
473	1	Rtr2	1436
474	1	Rtr2	1432
475	1	Rtr2	739
476	1	Rtr2	24
477	1	Rtr2	17
478	1	Rtr2	13
479	1	Rtr2	12
480	1	Rtr2	17
481	1	Rtr2	18
482	1	Rtr2	15
483	1	Rtr2	13
484	1	Rtr2	21
485	1	Rtr2	16
486	1	Rtr2	16
487	1	Rtr2	16
488	1	Rtr2	17
489	1	Rtr2	17
490	1	Rtr2	14
491	1	Rtr2	184
492	1	Rtr2	872
493	1	Rtr2	1543
494	1	Rtr2	1548
495	1	Rtr2	1544
496	1	Rtr2	841
497	1	Rtr2	132
498	1	Rtr2	21
499	1	Rtr2	18
500	1	Rtr2	14
501	1	Rtr2	15
502	1	Rtr2	17
503	1	Rtr2	17
504	1	Rtr2	16
505	1	Rtr2	16
506	1	Rtr2	12
507	1	Rtr2	10
508	1	Rtr2	15
509	1	Rtr2	16
510	1	Rtr2	16
511	1	Rtr2	22
512	1	Rtr2	19
513	1	Rtr2	712
514	1	Rtr2	1415
515	1	Rtr2	1431
516	1	Rtr2	1432
517	1	Rtr2	732
518	1	Rtr2	30
519	1	Rtr2	11
520	1	Rtr2	13
521	1	Rtr2	20
522	1	Rtr2	20
523	1	Rtr2	15
524	1	Rtr2	16
525	1	Rtr2	11
526	1	Rtr2	12
527	1	Rtr2	21
528	1	Rtr2	19
529	1	Rtr2	22
530	1	Rtr2	24
531	1	Rtr2	14
532	1	Rtr2	23
533	1	Rtr2	19
534	1	Rtr2	709
535	1	Rtr2	1409
536	1	Rtr2	1421
537	1	Rtr2	1426
538	1	Rtr2	721
539	1	Rtr2	28
540	1	Rtr2	12
541	1	Rtr2	19
542	1	Rtr2	18
543	1	Rtr2	18
544	1	Rtr2	18
545	1	Rtr2	20
546	1	Rtr2	19
547	1	Rtr2	184
548	1	Rtr2	183
549	1	Rtr2	223
550	1	Rtr2	244
551	1	Rtr2	197
552	1	Rtr2	174
553	1	Rtr2	147
554	1	Rtr2	17
555	1	Rtr2	708
556	1	Rtr2	1399
557	1	Rtr2	1407
558	1	Rtr2	1410
559	1	Rtr2	715
560	1	Rtr2	35
561	1	Rtr2	20
562	1	Rtr2	16
563	1	Rtr2	14
564	1	Rtr2	206
565	1	Rtr2	225
566	1	Rtr2	234
567	1	Rtr2	212
568	1	Rtr2	128
569	1	Rtr2	123
570	1	Rtr2	119
571	1	Rtr2	17
572	1	Rtr2	21
573	1	Rtr2	19
574	1	Rtr2	17
575	1	Rtr2	21
576	1	Rtr2	700
577	1	Rtr2	1388
578	1	Rtr2	1400
579	1	Rtr2	1401
580	1	Rtr2	729
581	1	Rtr2	43
582	1	Rtr2	28
583	1	Rtr2	22
584	1	Rtr2	19
585	1	Rtr2	21
586	1	Rtr2	22
587	1	Rtr2	21
588	1	Rtr2	16
589	1	Rtr2	14
590	1	Rtr2	18
591	1	Rtr2	18
592	1	Rtr2	27
593	1	Rtr2	20
594	1	Rtr2	18
595	1	Rtr2	19
596	1	Rtr2	21
597	1	Rtr2	701
598	1	Rtr2	1391
599	1	Rtr2	1394
600	1	Rtr2	1407
601	1	Rtr2	733
602	1	Rtr2	41
603	1	Rtr2	697
604	1	Rtr2	1380
605	1	Rtr2	1397
606	1	Rtr2	1394
607	1	Rtr2	718
608	1	Rtr2	35
609	1	Rtr2	26
610	1	Rtr2	26
611	1	Rtr2	24
612	1	Rtr2	15
613	1	Rtr2	21
614	1	Rtr2	32
615	1	Rtr2	31
616	1	Rtr2	21
617	1	Rtr2	21
618	1	Rtr2	19
619	1	Rtr2	21
620	1	Rtr2	24
621	1	Rtr2	21
622	1	Rtr2	32
623	1	Rtr2	205
624	1	Rtr2	871
625	1	Rtr2	1545
626	1	Rtr2	1530
627	1	Rtr2	1494
628	1	Rtr2	777
629	1	Rtr2	101
630	1	Rtr2	19
631	1	Rtr2	17
632	1	Rtr2	25
633	1	Rtr2	32
634	1	Rtr2	24
635	1	Rtr2	28
636	1	Rtr2	15
637	1	Rtr2	22
638	1	Rtr2	27
639	1	Rtr2	19
640	1	Rtr2	18
641	1	Rtr2	29
642	1	Rtr2	39
643	1	Rtr2	29
644	1	Rtr2	26
645	1	Rtr2	690
646	1	Rtr2	1365
647	1	Rtr2	1373
648	1	Rtr2	1369
649	1	Rtr2	706
650	1	Rtr2	32
651	1	Rtr2	22
652	1	Rtr2	21
653	1	Rtr2	22
654	1	Rtr2	18
655	1	Rtr2	24
656	1	Rtr2	22
657	1	Rtr2	16
658	1	Rtr2	21
659	1	Rtr2	22
660	1	Rtr2	24
661	1	Rtr2	21
662	1	Rtr2	26
663	1	Rtr2	30
664	1	Rtr2	29
665	1	Rtr2	23
666	1	Rtr2	688
667	1	Rtr2	1356
668	1	Rtr2	1363
669	1	Rtr2	1361
670	1	Rtr2	710
671	1	Rtr2	36
672	1	Rtr2	37
673	1	Rtr2	25
674	1	Rtr2	22
675	1	Rtr2	22
676	1	Rtr2	16
677	1	Rtr2	16
678	1	Rtr2	23
679	1	Rtr2	181
680	1	Rtr2	201
681	1	Rtr2	203
682	1	Rtr2	195
683	1	Rtr2	108
684	1	Rtr2	114
685	1	Rtr2	116
686	1	Rtr2	31
687	1	Rtr2	693
688	1	Rtr2	1343
689	1	Rtr2	1355
690	1	Rtr2	1366
691	1	Rtr2	702
692	1	Rtr2	57
693	1	Rtr2	39
694	1	Rtr2	28
695	1	Rtr2	29
696	1	Rtr2	22
697	1	Rtr2	22
698	1	Rtr2	21
699	1	Rtr2	21
700	1	Rtr2	31
701	1	Rtr2	28
702	1	Rtr2	42
703	1	Rtr2	24
704	1	Rtr2	24
705	1	Rtr2	33
706	1	Rtr2	25
707	1	Rtr2	21
708	1	Rtr2	680
709	1	Rtr2	1346
710	1	Rtr2	1360
711	1	Rtr2	1361
712	1	Rtr2	712
713	1	Rtr2	48
714	1	Rtr2	34
715	1	Rtr2	35
716	1	Rtr2	44
717	1	Rtr2	41
718	1	Rtr2	20
719	1	Rtr2	21
720	1	Rtr2	27
721	1	Rtr2	25
722	1	Rtr2	19
723	1	Rtr2	17
724	1	Rtr2	27
725	1	Rtr2	25
726	1	Rtr2	27
727	1	Rtr2	19
728	1	Rtr2	23
729	1	Rtr2	683
730	1	Rtr2	1360
731	1	Rtr2	1358
732	1	Rtr2	1356
733	1	Rtr2	695
734	1	Rtr2	45
735	1	Rtr2	37
736	1	Rtr2	36
737	1	Rtr2	44
738	1	Rtr2	24
739	1	Rtr2	25
740	1	Rtr2	22
741	1	Rtr2	22
742	1	Rtr2	189
743	1	Rtr2	189
744	1	Rtr2	169
745	1	Rtr2	208
746	1	Rtr2	179
747	1	Rtr2	156
748	1	Rtr2	105
749	1	Rtr2	24
750	1	Rtr2	679
751	1	Rtr2	1338
752	1	Rtr2	1342
753	1	Rtr2	1343
754	1	Rtr2	714
755	1	Rtr2	72
756	1	Rtr2	56
757	1	Rtr2	55
758	1	Rtr2	23
759	1	Rtr2	30
760	1	Rtr2	27
761	1	Rtr2	36
762	1	Rtr2	19
763	1	Rtr2	19
764	1	Rtr2	20
765	1	Rtr2	31
766	1	Rtr2	37
767	1	Rtr2	19
768	1	Rtr2	25
769	1	Rtr2	20
770	1	Rtr2	193
771	1	Rtr2	815
772	1	Rtr2	1447
773	1	Rtr2	1435
774	1	Rtr2	1392
775	1	Rtr2	765
776	1	Rtr2	116
777	1	Rtr2	41
778	1	Rtr2	20
779	1	Rtr2	26
780	1	Rtr2	46
781	1	Rtr2	36
782	1	Rtr2	31
783	1	Rtr2	35
784	1	Rtr2	22
785	1	Rtr2	39
786	1	Rtr2	36
787	1	Rtr2	41
788	1	Rtr2	27
789	1	Rtr2	23
790	1	Rtr2	39
791	1	Rtr2	27
792	1	Rtr2	682
793	1	Rtr2	1315
794	1	Rtr2	1318
795	1	Rtr2	1338
796	1	Rtr2	705
797	1	Rtr2	72
798	1	Rtr2	43
799	1	Rtr2	25
800	1	Rtr2	31
801	1	Rtr2	48
802	1	Rtr2	32
803	1	Rtr2	31
804	1	Rtr2	33
805	1	Rtr2	27
806	1	Rtr2	40
807	1	Rtr2	46
808	1	Rtr2	30
809	1	Rtr2	24
810	1	Rtr2	37
811	1	Rtr2	33
812	1	Rtr2	31
813	1	Rtr2	662
814	1	Rtr2	1304
815	1	Rtr2	1329
816	1	Rtr2	1327
817	1	Rtr2	700
818	1	Rtr2	60
819	1	Rtr2	47
820	1	Rtr2	63
821	1	Rtr2	66
822	1	Rtr2	56
823	1	Rtr2	38
824	1	Rtr2	40
825	1	Rtr2	49
826	1	Rtr2	52
827	1	Rtr2	44
828	1	Rtr2	40
829	1	Rtr2	29
830	1	Rtr2	28
831	1	Rtr2	48
832	1	Rtr2	44
833	1	Rtr2	29
834	1	Rtr2	655
835	1	Rtr2	1303
836	1	Rtr2	1329
837	1	Rtr2	1323
838	1	Rtr2	699
839	1	Rtr2	216
840	1	Rtr2	230
841	1	Rtr2	223
842	1	Rtr2	229
843	1	Rtr2	138
844	1	Rtr2	142
845	1	Rtr2	136
846	1	Rtr2	42
847	1	Rtr2	40
848	1	Rtr2	28
849	1	Rtr2	25
850	1	Rtr2	35
851	1	Rtr2	40
852	1	Rtr2	19
853	1	Rtr2	15
854	1	Rtr2	32
855	1	Rtr2	670
856	1	Rtr2	1297
857	1	Rtr2	1306
858	1	Rtr2	1301
859	1	Rtr2	676
860	1	Rtr2	64
861	1	Rtr2	48
862	1	Rtr2	61
863	1	Rtr2	57
864	1	Rtr2	47
865	1	Rtr2	58
866	1	Rtr2	53
867	1	Rtr2	47
868	1	Rtr2	52
869	1	Rtr2	28
870	1	Rtr2	41
871	1	Rtr2	46
872	1	Rtr2	40
873	1	Rtr2	34
874	1	Rtr2	25
875	1	Rtr2	42
876	1	Rtr2	663
877	1	Rtr2	1291
878	1	Rtr2	1294
879	1	Rtr2	1291
880	1	Rtr2	692
881	1	Rtr2	70
882	1	Rtr2	66
883	1	Rtr2	44
884	1	Rtr2	34
885	1	Rtr2	58
886	1	Rtr2	45
887	1	Rtr2	51
888	1	Rtr2	38
889	1	Rtr2	37
890	1	Rtr2	59
891	1	Rtr2	190
892	1	Rtr2	190
893	1	Rtr2	184
894	1	Rtr2	161
895	1	Rtr2	176
896	1	Rtr2	155
897	1	Rtr2	773
898	1	Rtr2	1282
899	1	Rtr2	1280
900	1	Rtr2	1300
901	1	Rtr2	694
902	1	Rtr2	82
903	1	Rtr2	654
904	1	Rtr2	1273
905	1	Rtr2	1304
906	1	Rtr2	1304
907	1	Rtr2	688
908	1	Rtr2	62
909	1	Rtr2	54
910	1	Rtr2	68
911	1	Rtr2	67
912	1	Rtr2	78
913	1	Rtr2	52
914	1	Rtr2	31
915	1	Rtr2	57
916	1	Rtr2	56
917	1	Rtr2	54
918	1	Rtr2	32
919	1	Rtr2	27
920	1	Rtr2	45
921	1	Rtr2	55
922	1	Rtr2	44
923	1	Rtr2	39
924	1	Rtr2	640
925	1	Rtr2	1276
926	1	Rtr2	1277
927	1	Rtr2	1276
928	1	Rtr2	670
929	1	Rtr2	67
930	1	Rtr2	81
931	1	Rtr2	77
932	1	Rtr2	78
933	1	Rtr2	47
934	1	Rtr2	43
935	1	Rtr2	61
936	1	Rtr2	60
937	1	Rtr2	203
938	1	Rtr2	201
939	1	Rtr2	168
940	1	Rtr2	197
941	1	Rtr2	169
942	1	Rtr2	183
943	1	Rtr2	113
944	1	Rtr2	44
945	1	Rtr2	655
946	1	Rtr2	1275
947	1	Rtr2	1276
948	1	Rtr2	1262
949	1	Rtr2	656
950	1	Rtr2	73
951	1	Rtr2	63
952	1	Rtr2	57
953	1	Rtr2	65
954	1	Rtr2	54
955	1	Rtr2	64
956	1	Rtr2	60
957	1	Rtr2	57
958	1	Rtr2	58
959	1	Rtr2	28
960	1	Rtr2	48
961	1	Rtr2	41
962	1	Rtr2	46
963	1	Rtr2	45
964	1	Rtr2	50
965	1	Rtr2	61
966	1	Rtr2	660
967	1	Rtr2	1258
968	1	Rtr2	1250
969	1	Rtr2	1255
970	1	Rtr2	689
971	1	Rtr2	67
972	1	Rtr2	61
973	1	Rtr2	46
974	1	Rtr2	52
975	1	Rtr2	63
976	1	Rtr2	55
977	1	Rtr2	53
978	1	Rtr2	43
979	1	Rtr2	41
980	1	Rtr2	67
981	1	Rtr2	59
982	1	Rtr2	55
983	1	Rtr2	42
984	1	Rtr2	47
985	1	Rtr2	78
986	1	Rtr2	71
987	1	Rtr2	669
988	1	Rtr2	1237
989	1	Rtr2	1244
990	1	Rtr2	1265
991	1	Rtr2	685
992	1	Rtr2	91
993	1	Rtr2	173
994	1	Rtr2	185
995	1	Rtr2	243
996	1	Rtr2	238
997	1	Rtr2	199
998	1	Rtr2	142
999	1	Rtr2	118
1000	1	Rtr2	71
1001	1	Rtr2	181
1002	1	Rtr2	191
1003	1	Rtr2	773
1004	1	Rtr2	1337
1005	1	Rtr2	1349
1006	1	Rtr2	1347
1007	1	Rtr2	749
1008	1	Rtr2	59
1009	1	Rtr2	43
1010	1	Rtr2	59
1011	1	Rtr2	71
1012	1	Rtr2	70
1013	1	Rtr2	50
1014	1	Rtr2	36
1015	1	Rtr2	61
1016	1	Rtr2	56
1017	1	Rtr2	58
1018	1	Rtr2	47
1019	1	Rtr2	48
1020	1	Rtr2	82
1021	1	Rtr2	73
1022	1	Rtr2	57
1023	1	Rtr2	52
1024	1	Rtr2	622
1025	1	Rtr2	1239
1026	1	Rtr2	1246
1027	1	Rtr2	1241
1028	1	Rtr2	659
1029	1	Rtr2	59
1030	1	Rtr2	80
1031	1	Rtr2	66
1032	1	Rtr2	59
1033	1	Rtr2	36
1034	1	Rtr2	37
1035	1	Rtr2	48
1036	1	Rtr2	69
1037	1	Rtr2	57
1038	1	Rtr2	41
1039	1	Rtr2	49
1040	1	Rtr2	63
1041	1	Rtr2	79
1042	1	Rtr2	62
1043	1	Rtr2	50
1044	1	Rtr2	44
1045	1	Rtr2	654
1046	1	Rtr2	1236
1047	1	Rtr2	1238
1048	1	Rtr2	1234
1049	1	Rtr2	659
1050	1	Rtr2	98
1051	1	Rtr2	106
1052	1	Rtr2	91
1053	1	Rtr2	38
1054	1	Rtr2	35
1055	1	Rtr2	58
1056	1	Rtr2	206
1057	1	Rtr2	188
1058	1	Rtr2	171
1059	1	Rtr2	179
1060	1	Rtr2	204
1061	1	Rtr2	207
1062	1	Rtr2	178
1063	1	Rtr2	41
1064	1	Rtr2	23
1065	1	Rtr2	56
1066	1	Rtr2	640
1067	1	Rtr2	1221
1068	1	Rtr2	1217
1069	1	Rtr2	1225
1070	1	Rtr2	681
1071	1	Rtr2	95
1072	1	Rtr2	81
1073	1	Rtr2	57
1074	1	Rtr2	51
1075	1	Rtr2	71
1076	1	Rtr2	70
1077	1	Rtr2	75
1078	1	Rtr2	58
1079	1	Rtr2	37
1080	1	Rtr2	69
1081	1	Rtr2	59
1082	1	Rtr2	66
1083	1	Rtr2	44
1084	1	Rtr2	30
1085	1	Rtr2	61
1086	1	Rtr2	69
1087	1	Rtr2	649
1088	1	Rtr2	1213
1089	1	Rtr2	1222
1090	1	Rtr2	1241
1091	1	Rtr2	678
1092	1	Rtr2	95
1093	1	Rtr2	79
1094	1	Rtr2	39
1095	1	Rtr2	65
1096	1	Rtr2	73
1097	1	Rtr2	54
1098	1	Rtr2	45
1099	1	Rtr2	43
1100	1	Rtr2	74
1101	1	Rtr2	65
1102	1	Rtr2	69
1103	1	Rtr2	55
1104	1	Rtr2	49
1105	1	Rtr2	81
1106	1	Rtr2	85
1107	1	Rtr2	79
1108	1	Rtr2	616
1109	1	Rtr2	1202
1110	1	Rtr2	1239
1111	1	Rtr2	1341
1112	1	Rtr2	790
1113	1	Rtr2	175
1114	1	Rtr2	170
1115	1	Rtr2	202
1116	1	Rtr2	206
1117	1	Rtr2	193
1118	1	Rtr2	70
1119	1	Rtr2	72
1120	1	Rtr2	82
1121	1	Rtr2	102
1122	1	Rtr2	91
1123	1	Rtr2	50
1124	1	Rtr2	59
1125	1	Rtr2	88
1126	1	Rtr2	102
1127	1	Rtr2	84
1128	1	Rtr2	59
1129	1	Rtr2	619
1130	1	Rtr2	1225
1131	1	Rtr2	1224
1132	1	Rtr2	1222
1133	1	Rtr2	647
1134	1	Rtr2	63
1135	1	Rtr2	85
1136	1	Rtr2	87
1137	1	Rtr2	80
1138	1	Rtr2	27
1139	1	Rtr2	51
1140	1	Rtr2	68
1141	1	Rtr2	82
1142	1	Rtr2	68
1143	1	Rtr2	55
1144	1	Rtr2	58
1145	1	Rtr2	100
1146	1	Rtr2	95
1147	1	Rtr2	87
1148	1	Rtr2	66
1149	1	Rtr2	56
1150	1	Rtr2	643
1151	1	Rtr2	1206
1152	1	Rtr2	1208
1153	1	Rtr2	1196
1154	1	Rtr2	650
1155	1	Rtr2	113
1156	1	Rtr2	111
1157	1	Rtr2	93
1158	1	Rtr2	70
1159	1	Rtr2	72
1160	1	Rtr2	97
1161	1	Rtr2	232
1162	1	Rtr2	213
1163	1	Rtr2	177
1164	1	Rtr2	181
1165	1	Rtr2	208
1166	1	Rtr2	187
1167	1	Rtr2	170
1168	1	Rtr2	60
1169	1	Rtr2	55
1170	1	Rtr2	72
1171	1	Rtr2	617
1172	1	Rtr2	1201
1173	1	Rtr2	1201
1174	1	Rtr2	1185
1175	1	Rtr2	666
1176	1	Rtr2	119
1177	1	Rtr2	74
1178	1	Rtr2	63
1179	1	Rtr2	44
1180	1	Rtr2	83
1181	1	Rtr2	86
1182	1	Rtr2	72
1183	1	Rtr2	59
1184	1	Rtr2	38
1185	1	Rtr2	93
1186	1	Rtr2	62
1187	1	Rtr2	71
1188	1	Rtr2	76
1189	1	Rtr2	72
1190	1	Rtr2	107
1191	1	Rtr2	91
1192	1	Rtr2	645
1193	1	Rtr2	1187
1194	1	Rtr2	1174
1195	1	Rtr2	1202
1196	1	Rtr2	667
1197	1	Rtr2	141
1198	1	Rtr2	91
1199	1	Rtr2	84
1200	1	Rtr2	127
1201	1	Rtr2	117
1202	1	Rtr2	121
1203	1	Rtr2	65
1204	1	Rtr2	72
1205	1	Rtr2	103
1206	1	Rtr2	107
1207	1	Rtr2	93
1208	1	Rtr2	36
1209	1	Rtr2	47
1210	1	Rtr2	63
1211	1	Rtr2	78
1212	1	Rtr2	55
1213	1	Rtr2	620
1214	1	Rtr2	1170
1215	1	Rtr2	1214
1216	1	Rtr2	1205
1217	1	Rtr2	654
1218	1	Rtr2	76
1219	1	Rtr2	83
1220	1	Rtr2	121
1221	1	Rtr2	244
1222	1	Rtr2	240
1223	1	Rtr2	190
1224	1	Rtr2	185
1225	1	Rtr2	218
1226	1	Rtr2	220
1227	1	Rtr2	185
1228	1	Rtr2	43
1229	1	Rtr2	37
1230	1	Rtr2	68
1231	1	Rtr2	65
1232	1	Rtr2	67
1233	1	Rtr2	62
1234	1	Rtr2	598
1235	1	Rtr2	1189
1236	1	Rtr2	1186
1237	1	Rtr2	1186
1238	1	Rtr2	631
1239	1	Rtr2	79
1240	1	Rtr2	109
1241	1	Rtr2	116
1242	1	Rtr2	101
1243	1	Rtr2	74
1244	1	Rtr2	80
1245	1	Rtr2	108
1246	1	Rtr2	110
1247	1	Rtr2	104
1248	1	Rtr2	62
1249	1	Rtr2	64
1250	1	Rtr2	99
1251	1	Rtr2	114
1252	1	Rtr2	101
1253	1	Rtr2	63
1254	1	Rtr2	60
1255	1	Rtr2	649
1256	1	Rtr2	1195
1257	1	Rtr2	1193
1258	1	Rtr2	1160
1259	1	Rtr2	635
1260	1	Rtr2	114
1261	1	Rtr2	120
1262	1	Rtr2	96
1263	1	Rtr2	42
1264	1	Rtr2	60
1265	1	Rtr2	102
1266	1	Rtr2	225
1267	1	Rtr2	211
1268	1	Rtr2	176
1269	1	Rtr2	168
1270	1	Rtr2	203
1271	1	Rtr2	216
1272	1	Rtr2	196
1273	1	Rtr2	56
1274	1	Rtr2	69
1275	1	Rtr2	93
1276	1	Rtr2	618
1277	1	Rtr2	1164
1278	1	Rtr2	1160
1279	1	Rtr2	1164
1280	1	Rtr2	668
1281	1	Rtr2	131
1282	1	Rtr2	121
1283	1	Rtr2	57
1284	1	Rtr2	68
1285	1	Rtr2	112
1286	1	Rtr2	99
1287	1	Rtr2	89
1288	1	Rtr2	75
1289	1	Rtr2	39
1290	1	Rtr2	92
1291	1	Rtr2	85
1292	1	Rtr2	79
1293	1	Rtr2	53
1294	1	Rtr2	59
1295	1	Rtr2	96
1296	1	Rtr2	95
1297	1	Rtr2	612
1298	1	Rtr2	1130
1299	1	Rtr2	1135
1300	1	Rtr2	1178
1301	1	Rtr2	639
1302	1	Rtr2	102
1303	1	Rtr2	618
1304	1	Rtr2	1147
1305	1	Rtr2	1187
1306	1	Rtr2	1188
1307	1	Rtr2	663
1308	1	Rtr2	96
1309	1	Rtr2	62
1310	1	Rtr2	104
1311	1	Rtr2	117
1312	1	Rtr2	99
1313	1	Rtr2	70
1314	1	Rtr2	61
1315	1	Rtr2	88
1316	1	Rtr2	115
1317	1	Rtr2	84
1318	1	Rtr2	81
1319	1	Rtr2	59
1320	1	Rtr2	110
1321	1	Rtr2	228
1322	1	Rtr2	229
1323	1	Rtr2	193
1324	1	Rtr2	693
1325	1	Rtr2	1267
1326	1	Rtr2	1262
1327	1	Rtr2	1272
1328	1	Rtr2	608
1329	1	Rtr2	87
1330	1	Rtr2	116
1331	1	Rtr2	120
1332	1	Rtr2	116
1333	1	Rtr2	79
1334	1	Rtr2	64
1335	1	Rtr2	113
1336	1	Rtr2	117
1337	1	Rtr2	107
1338	1	Rtr2	68
1339	1	Rtr2	76
1340	1	Rtr2	125
1341	1	Rtr2	123
1342	1	Rtr2	104
1343	1	Rtr2	82
1344	1	Rtr2	49
1345	1	Rtr2	620
1346	1	Rtr2	1162
1347	1	Rtr2	1139
1348	1	Rtr2	1132
1349	1	Rtr2	623
1350	1	Rtr2	148
1351	1	Rtr2	146
1352	1	Rtr2	123
1353	1	Rtr2	51
1354	1	Rtr2	42
1355	1	Rtr2	94
1356	1	Rtr2	87
1357	1	Rtr2	67
1358	1	Rtr2	42
1359	1	Rtr2	42
1360	1	Rtr2	89
1361	1	Rtr2	70
1362	1	Rtr2	51
1363	1	Rtr2	67
1364	1	Rtr2	53
1365	1	Rtr2	91
1366	1	Rtr2	594
1367	1	Rtr2	1128
1368	1	Rtr2	1127
1369	1	Rtr2	1118
1370	1	Rtr2	642
1371	1	Rtr2	137
1372	1	Rtr2	116
1373	1	Rtr2	72
1374	1	Rtr2	72
1375	1	Rtr2	127
1376	1	Rtr2	226
1377	1	Rtr2	228
1378	1	Rtr2	205
1379	1	Rtr2	186
1380	1	Rtr2	224
1381	1	Rtr2	241
1382	1	Rtr2	209
1383	1	Rtr2	75
1384	1	Rtr2	62
1385	1	Rtr2	101
1386	1	Rtr2	126
1387	1	Rtr2	623
1388	1	Rtr2	1108
1389	1	Rtr2	1117
1390	1	Rtr2	1163
1391	1	Rtr2	651
1392	1	Rtr2	156
1393	1	Rtr2	68
1394	1	Rtr2	51
1395	1	Rtr2	97
1396	1	Rtr2	103
1397	1	Rtr2	78
1398	1	Rtr2	48
1399	1	Rtr2	72
1400	1	Rtr2	113
1401	1	Rtr2	123
1402	1	Rtr2	100
1403	1	Rtr2	61
1404	1	Rtr2	68
1405	1	Rtr2	107
1406	1	Rtr2	108
1407	1	Rtr2	105
1408	1	Rtr2	578
1409	1	Rtr2	1088
1410	1	Rtr2	1135
1411	1	Rtr2	1131
1412	1	Rtr2	633
1413	1	Rtr2	105
1414	1	Rtr2	84
1415	1	Rtr2	143
1416	1	Rtr2	133
1417	1	Rtr2	129
1418	1	Rtr2	73
1419	1	Rtr2	70
1420	1	Rtr2	110
1421	1	Rtr2	126
1422	1	Rtr2	108
1423	1	Rtr2	96
1424	1	Rtr2	58
1425	1	Rtr2	128
1426	1	Rtr2	120
1427	1	Rtr2	118
1428	1	Rtr2	73
1429	1	Rtr2	567
1430	1	Rtr2	1136
1431	1	Rtr2	1141
1432	1	Rtr2	1158
1433	1	Rtr2	731
1434	1	Rtr2	195
1435	1	Rtr2	253
1436	1	Rtr2	248
1437	1	Rtr2	229
1438	1	Rtr2	149
1439	1	Rtr2	146
1440	1	Rtr2	125
1441	1	Rtr2	107
1442	1	Rtr2	110
1443	1	Rtr2	59
1444	1	Rtr2	70
1445	1	Rtr2	127
1446	1	Rtr2	119
1447	1	Rtr2	139
1448	1	Rtr2	71
1449	1	Rtr2	69
1450	1	Rtr2	602
1451	1	Rtr2	1113
1452	1	Rtr2	1130
1453	1	Rtr2	1111
1454	1	Rtr2	599
1455	1	Rtr2	139
1456	1	Rtr2	127
1457	1	Rtr2	131
1458	1	Rtr2	54
1459	1	Rtr2	47
1460	1	Rtr2	92
1461	1	Rtr2	101
1462	1	Rtr2	100
1463	1	Rtr2	76
1464	1	Rtr2	39
1465	1	Rtr2	83
1466	1	Rtr2	87
1467	1	Rtr2	83
1468	1	Rtr2	73
1469	1	Rtr2	60
1470	1	Rtr2	101
1471	1	Rtr2	594
1472	1	Rtr2	1095
1473	1	Rtr2	1114
1474	1	Rtr2	1088
1475	1	Rtr2	659
1476	1	Rtr2	146
1477	1	Rtr2	121
1478	1	Rtr2	65
1479	1	Rtr2	64
1480	1	Rtr2	116
1481	1	Rtr2	106
1482	1	Rtr2	90
1483	1	Rtr2	69
1484	1	Rtr2	61
1485	1	Rtr2	98
1486	1	Rtr2	115
1487	1	Rtr2	97
1488	1	Rtr2	79
1489	1	Rtr2	65
1490	1	Rtr2	103
1491	1	Rtr2	227
1492	1	Rtr2	716
1493	1	Rtr2	1173
1494	1	Rtr2	1172
1495	1	Rtr2	1205
1496	1	Rtr2	722
1497	1	Rtr2	214
1498	1	Rtr2	77
1499	1	Rtr2	42
1500	1	Rtr2	79
1501	1	Rtr2	95
1502	1	Rtr2	115
1503	1	Rtr2	65
1504	1	Rtr2	64
1505	1	Rtr2	120
1506	1	Rtr2	131
1507	1	Rtr2	105
1508	1	Rtr2	74
1509	1	Rtr2	88
1510	1	Rtr2	149
1511	1	Rtr2	148
1512	1	Rtr2	126
1513	1	Rtr2	566
1514	1	Rtr2	1055
1515	1	Rtr2	1120
1516	1	Rtr2	1107
1517	1	Rtr2	626
1518	1	Rtr2	113
1519	1	Rtr2	105
1520	1	Rtr2	153
1521	1	Rtr2	154
1522	1	Rtr2	163
1523	1	Rtr2	120
1524	1	Rtr2	81
1525	1	Rtr2	129
1526	1	Rtr2	115
1527	1	Rtr2	131
1528	1	Rtr2	64
1529	1	Rtr2	90
1530	1	Rtr2	135
1531	1	Rtr2	129
1532	1	Rtr2	105
1533	1	Rtr2	64
1534	1	Rtr2	552
1535	1	Rtr2	1113
1536	1	Rtr2	1122
1537	1	Rtr2	1122
1538	1	Rtr2	607
1539	1	Rtr2	118
1540	1	Rtr2	163
1541	1	Rtr2	159
1542	1	Rtr2	147
1543	1	Rtr2	75
1544	1	Rtr2	78
1545	1	Rtr2	114
1546	1	Rtr2	111
1547	1	Rtr2	235
1548	1	Rtr2	199
1549	1	Rtr2	194
1550	1	Rtr2	256
1551	1	Rtr2	235
1552	1	Rtr2	242
1553	1	Rtr2	161
1554	1	Rtr2	79
1555	1	Rtr2	610
1556	1	Rtr2	1101
1557	1	Rtr2	1119
1558	1	Rtr2	1082
1559	1	Rtr2	598
1560	1	Rtr2	162
1561	1	Rtr2	151
1562	1	Rtr2	129
1563	1	Rtr2	61
1564	1	Rtr2	186
1565	1	Rtr2	263
1566	1	Rtr2	255
1567	1	Rtr2	232
1568	1	Rtr2	160
1569	1	Rtr2	173
1570	1	Rtr2	236
1571	1	Rtr2	160
1572	1	Rtr2	152
1573	1	Rtr2	80
1574	1	Rtr2	82
1575	1	Rtr2	141
1576	1	Rtr2	597
1577	1	Rtr2	1080
1578	1	Rtr2	1057
1579	1	Rtr2	1043
1580	1	Rtr2	631
1581	1	Rtr2	138
1582	1	Rtr2	112
1583	1	Rtr2	74
1584	1	Rtr2	61
1585	1	Rtr2	106
1586	1	Rtr2	110
1587	1	Rtr2	101
1588	1	Rtr2	73
1589	1	Rtr2	45
1590	1	Rtr2	104
1591	1	Rtr2	103
1592	1	Rtr2	88
1593	1	Rtr2	55
1594	1	Rtr2	59
1595	1	Rtr2	102
1596	1	Rtr2	96
1597	1	Rtr2	579
1598	1	Rtr2	1032
1599	1	Rtr2	1031
1600	1	Rtr2	1089
1601	1	Rtr2	603
1602	1	Rtr2	132
1603	1	Rtr2	559
1604	1	Rtr2	1014
1605	1	Rtr2	1064
1606	1	Rtr2	1074
1607	1	Rtr2	605
1608	1	Rtr2	88
1609	1	Rtr2	83
1610	1	Rtr2	144
1611	1	Rtr2	138
1612	1	Rtr2	115
1613	1	Rtr2	70
1614	1	Rtr2	75
1615	1	Rtr2	123
1616	1	Rtr2	115
1617	1	Rtr2	100
1618	1	Rtr2	73
1619	1	Rtr2	67
1620	1	Rtr2	112
1621	1	Rtr2	110
1622	1	Rtr2	101
1623	1	Rtr2	187
1624	1	Rtr2	657
1625	1	Rtr2	1182
1626	1	Rtr2	1178
1627	1	Rtr2	1149
1628	1	Rtr2	627
1629	1	Rtr2	167
1630	1	Rtr2	165
1631	1	Rtr2	162
1632	1	Rtr2	148
1633	1	Rtr2	65
1634	1	Rtr2	74
1635	1	Rtr2	144
1636	1	Rtr2	125
1637	1	Rtr2	109
1638	1	Rtr2	79
1639	1	Rtr2	76
1640	1	Rtr2	159
1641	1	Rtr2	143
1642	1	Rtr2	106
1643	1	Rtr2	102
1644	1	Rtr2	89
1645	1	Rtr2	591
1646	1	Rtr2	1072
1647	1	Rtr2	1072
1648	1	Rtr2	1041
1649	1	Rtr2	590
1650	1	Rtr2	179
1651	1	Rtr2	153
1652	1	Rtr2	139
1653	1	Rtr2	63
1654	1	Rtr2	61
1655	1	Rtr2	109
1656	1	Rtr2	137
1657	1	Rtr2	106
1658	1	Rtr2	82
1659	1	Rtr2	77
1660	1	Rtr2	143
1661	1	Rtr2	124
1662	1	Rtr2	121
1663	1	Rtr2	87
1664	1	Rtr2	60
1665	1	Rtr2	121
1666	1	Rtr2	579
1667	1	Rtr2	1030
1668	1	Rtr2	1003
1669	1	Rtr2	1021
1670	1	Rtr2	639
1671	1	Rtr2	178
1672	1	Rtr2	149
1673	1	Rtr2	79
1674	1	Rtr2	64
1675	1	Rtr2	143
1676	1	Rtr2	134
1677	1	Rtr2	105
1678	1	Rtr2	74
1679	1	Rtr2	187
1680	1	Rtr2	256
1681	1	Rtr2	255
1682	1	Rtr2	252
1683	1	Rtr2	184
1684	1	Rtr2	183
1685	1	Rtr2	254
1686	1	Rtr2	166
1687	1	Rtr2	607
1688	1	Rtr2	994
1689	1	Rtr2	989
1690	1	Rtr2	1057
1691	1	Rtr2	598
1692	1	Rtr2	145
1693	1	Rtr2	90
1694	1	Rtr2	102
1695	1	Rtr2	158
1696	1	Rtr2	167
1697	1	Rtr2	165
1698	1	Rtr2	90
1699	1	Rtr2	72
1700	1	Rtr2	123
1701	1	Rtr2	119
1702	1	Rtr2	122
1703	1	Rtr2	100
1704	1	Rtr2	69
1705	1	Rtr2	133
1706	1	Rtr2	123
1707	1	Rtr2	105
1708	1	Rtr2	518
1709	1	Rtr2	984
1710	1	Rtr2	1038
1711	1	Rtr2	1050
1712	1	Rtr2	618
1713	1	Rtr2	107
1714	1	Rtr2	76
1715	1	Rtr2	131
1716	1	Rtr2	124
1717	1	Rtr2	134
1718	1	Rtr2	72
1719	1	Rtr2	60
1720	1	Rtr2	119
1721	1	Rtr2	106
1722	1	Rtr2	68
1723	1	Rtr2	74
1724	1	Rtr2	63
1725	1	Rtr2	122
1726	1	Rtr2	105
1727	1	Rtr2	108
1728	1	Rtr2	88
1729	1	Rtr2	534
1730	1	Rtr2	1040
1731	1	Rtr2	1042
1732	1	Rtr2	1046
1733	1	Rtr2	565
1734	1	Rtr2	105
1735	1	Rtr2	148
1736	1	Rtr2	182
1737	1	Rtr2	166
1738	1	Rtr2	103
1739	1	Rtr2	86
1740	1	Rtr2	151
1741	1	Rtr2	146
1742	1	Rtr2	250
1743	1	Rtr2	194
1744	1	Rtr2	193
1745	1	Rtr2	246
1746	1	Rtr2	245
1747	1	Rtr2	245
1748	1	Rtr2	186
1749	1	Rtr2	102
1750	1	Rtr2	617
1751	1	Rtr2	1056
1752	1	Rtr2	1038
1753	1	Rtr2	1002
1754	1	Rtr2	544
1755	1	Rtr2	152
1756	1	Rtr2	167
1757	1	Rtr2	154
1758	1	Rtr2	95
1759	1	Rtr2	86
1760	1	Rtr2	165
1761	1	Rtr2	155
1762	1	Rtr2	139
1763	1	Rtr2	97
1764	1	Rtr2	100
1765	1	Rtr2	161
1766	1	Rtr2	183
1767	1	Rtr2	138
1768	1	Rtr2	84
1769	1	Rtr2	72
1770	1	Rtr2	241
1771	1	Rtr2	654
1772	1	Rtr2	1097
1773	1	Rtr2	1081
1774	1	Rtr2	1038
1775	1	Rtr2	656
1776	1	Rtr2	197
1777	1	Rtr2	137
1778	1	Rtr2	56
1779	1	Rtr2	54
1780	1	Rtr2	118
1781	1	Rtr2	101
1782	1	Rtr2	88
1783	1	Rtr2	70
1784	1	Rtr2	80
1785	1	Rtr2	120
1786	1	Rtr2	126
1787	1	Rtr2	122
1788	1	Rtr2	80
1789	1	Rtr2	65
1790	1	Rtr2	107
1791	1	Rtr2	106
1792	1	Rtr2	535
1793	1	Rtr2	952
1794	1	Rtr2	976
1795	1	Rtr2	1037
1796	1	Rtr2	632
1797	1	Rtr2	159
1798	1	Rtr2	82
1799	1	Rtr2	89
1800	1	Rtr2	149
1801	1	Rtr2	156
1802	1	Rtr2	124
1803	1	Rtr2	80
1804	1	Rtr2	83
1805	1	Rtr2	164
1806	1	Rtr2	146
1807	1	Rtr2	129
1808	1	Rtr2	76
1809	1	Rtr2	78
1810	1	Rtr2	152
1811	1	Rtr2	144
1812	1	Rtr2	123
1813	1	Rtr2	514
1814	1	Rtr2	961
1815	1	Rtr2	1024
1816	1	Rtr2	1026
1817	1	Rtr2	600
1818	1	Rtr2	135
1819	1	Rtr2	100
1820	1	Rtr2	161
1821	1	Rtr2	169
1822	1	Rtr2	153
1823	1	Rtr2	101
1824	1	Rtr2	75
1825	1	Rtr2	133
1826	1	Rtr2	106
1827	1	Rtr2	128
1828	1	Rtr2	64
1829	1	Rtr2	60
1830	1	Rtr2	120
1831	1	Rtr2	103
1832	1	Rtr2	92
1833	1	Rtr2	87
1834	1	Rtr2	489
1835	1	Rtr2	998
1836	1	Rtr2	1006
1837	1	Rtr2	993
1838	1	Rtr2	537
1839	1	Rtr2	191
1840	1	Rtr2	278
1841	1	Rtr2	259
1842	1	Rtr2	260
1843	1	Rtr2	159
1844	1	Rtr2	164
1845	1	Rtr2	255
1846	1	Rtr2	179
1847	1	Rtr2	184
1848	1	Rtr2	103
1849	1	Rtr2	101
1850	1	Rtr2	191
1851	1	Rtr2	217
1852	1	Rtr2	175
1853	1	Rtr2	121
1854	1	Rtr2	118
1855	1	Rtr2	579
1856	1	Rtr2	1017
1857	1	Rtr2	1032
1858	1	Rtr2	980
1859	1	Rtr2	549
1860	1	Rtr2	179
1861	1	Rtr2	161
1862	1	Rtr2	132
1863	1	Rtr2	80
1864	1	Rtr2	80
1865	1	Rtr2	127
1866	1	Rtr2	107
1867	1	Rtr2	99
1868	1	Rtr2	66
1869	1	Rtr2	70
1870	1	Rtr2	152
1871	1	Rtr2	123
1872	1	Rtr2	109
1873	1	Rtr2	83
1874	1	Rtr2	78
1875	1	Rtr2	131
1876	1	Rtr2	558
1877	1	Rtr2	965
1878	1	Rtr2	951
1879	1	Rtr2	952
1880	1	Rtr2	607
1881	1	Rtr2	171
1882	1	Rtr2	167
1883	1	Rtr2	124
1884	1	Rtr2	88
1885	1	Rtr2	154
1886	1	Rtr2	151
1887	1	Rtr2	151
1888	1	Rtr2	83
1889	1	Rtr2	78
1890	1	Rtr2	149
1891	1	Rtr2	227
1892	1	Rtr2	232
1893	1	Rtr2	197
1894	1	Rtr2	181
1895	1	Rtr2	258
1896	1	Rtr2	265
1897	1	Rtr2	653
1898	1	Rtr2	933
1899	1	Rtr2	940
1900	1	Rtr2	1004
1901	1	Rtr2	603
1902	1	Rtr2	180
1903	1	Rtr2	518
1904	1	Rtr2	921
1905	1	Rtr2	1006
1906	1	Rtr2	1015
1907	1	Rtr2	582
1908	1	Rtr2	131
1909	1	Rtr2	109
1910	1	Rtr2	162
1911	1	Rtr2	179
1912	1	Rtr2	156
1913	1	Rtr2	92
1914	1	Rtr2	83
1915	1	Rtr2	148
1916	1	Rtr2	152
1917	1	Rtr2	134
1918	1	Rtr2	84
1919	1	Rtr2	86
1920	1	Rtr2	154
1921	1	Rtr2	130
1922	1	Rtr2	126
1923	1	Rtr2	81
1924	1	Rtr2	481
1925	1	Rtr2	957
1926	1	Rtr2	957
1927	1	Rtr2	968
1928	1	Rtr2	539
1929	1	Rtr2	130
1930	1	Rtr2	200
1931	1	Rtr2	178
1932	1	Rtr2	162
1933	1	Rtr2	84
1934	1	Rtr2	80
1935	1	Rtr2	164
1936	1	Rtr2	150
1937	1	Rtr2	232
1938	1	Rtr2	192
1939	1	Rtr2	184
1940	1	Rtr2	256
1941	1	Rtr2	238
1942	1	Rtr2	221
1943	1	Rtr2	149
1944	1	Rtr2	91
1945	1	Rtr2	560
1946	1	Rtr2	986
1947	1	Rtr2	988
1948	1	Rtr2	926
1949	1	Rtr2	545
1950	1	Rtr2	210
1951	1	Rtr2	180
1952	1	Rtr2	194
1953	1	Rtr2	109
1954	1	Rtr2	91
1955	1	Rtr2	164
1956	1	Rtr2	146
1957	1	Rtr2	129
1958	1	Rtr2	90
1959	1	Rtr2	81
1960	1	Rtr2	169
1961	1	Rtr2	177
1962	1	Rtr2	198
1963	1	Rtr2	129
1964	1	Rtr2	101
1965	1	Rtr2	163
1966	1	Rtr2	548
1967	1	Rtr2	953
1968	1	Rtr2	918
1969	1	Rtr2	921
1970	1	Rtr2	616
1971	1	Rtr2	203
1972	1	Rtr2	175
1973	1	Rtr2	95
1974	1	Rtr2	76
1975	1	Rtr2	155
1976	1	Rtr2	136
1977	1	Rtr2	117
1978	1	Rtr2	92
1979	1	Rtr2	92
1980	1	Rtr2	172
1981	1	Rtr2	148
1982	1	Rtr2	136
1983	1	Rtr2	93
1984	1	Rtr2	99
1985	1	Rtr2	154
1986	1	Rtr2	151
1987	1	Rtr2	543
1988	1	Rtr2	883
1989	1	Rtr2	902
1990	1	Rtr2	952
1991	1	Rtr2	573
1992	1	Rtr2	186
1993	1	Rtr2	202
1994	1	Rtr2	211
1995	1	Rtr2	280
1996	1	Rtr2	282
1997	1	Rtr2	266
1998	1	Rtr2	175
1999	1	Rtr2	204
