Time	Node	PitItems
	418
2	1	Rtr2	474
3	1	Rtr2	1529
4	1	Rtr2	2587
5	1	Rtr2	2593
6	1	Rtr2	2584
7	1	Rtr2	1491
8	1	Rtr2	41
9	1	Rtr2	10
10	1	Rtr2	10
11	1	Rtr2	13
12	1	Rtr2	9
13	1	Rtr2	12
14	1	Rtr2	10
15	1	Rtr2	5
16	1	Rtr2	8
17	1	Rtr2	8
18	1	Rtr2	12
19	1	Rtr2	9
20	1	Rtr2	4
21	1	Rtr2	9
22	1	Rtr2	10
23	1	Rtr2	10
24	1	Rtr2	1095
25	1	Rtr2	2192
26	1	Rtr2	2205
27	1	Rtr2	2204
28	1	Rtr2	1114
29	1	Rtr2	19
30	1	Rtr2	8
31	1	Rtr2	5
32	1	Rtr2	7
33	1	Rtr2	8
34	1	Rtr2	9
35	1	Rtr2	9
36	1	Rtr2	6
37	1	Rtr2	5
38	1	Rtr2	7
39	1	Rtr2	6
40	1	Rtr2	8
41	1	Rtr2	10
42	1	Rtr2	5
43	1	Rtr2	11
44	1	Rtr2	9
45	1	Rtr2	1092
46	1	Rtr2	2187
47	1	Rtr2	2203
48	1	Rtr2	2198
49	1	Rtr2	1115
50	1	Rtr2	18
51	1	Rtr2	6
52	1	Rtr2	8
53	1	Rtr2	11
54	1	Rtr2	12
55	1	Rtr2	10
56	1	Rtr2	373
57	1	Rtr2	398
58	1	Rtr2	387
59	1	Rtr2	313
60	1	Rtr2	257
61	1	Rtr2	255
62	1	Rtr2	250
63	1	Rtr2	15
64	1	Rtr2	10
65	1	Rtr2	9
66	1	Rtr2	1089
67	1	Rtr2	2182
68	1	Rtr2	2194
69	1	Rtr2	2191
70	1	Rtr2	1113
71	1	Rtr2	26
72	1	Rtr2	12
73	1	Rtr2	9
74	1	Rtr2	10
75	1	Rtr2	13
76	1	Rtr2	9
77	1	Rtr2	8
78	1	Rtr2	7
79	1	Rtr2	10
80	1	Rtr2	10
81	1	Rtr2	7
82	1	Rtr2	10
83	1	Rtr2	7
84	1	Rtr2	10
85	1	Rtr2	8
86	1	Rtr2	11
87	1	Rtr2	1086
88	1	Rtr2	2168
89	1	Rtr2	2186
90	1	Rtr2	2185
91	1	Rtr2	1116
92	1	Rtr2	25
93	1	Rtr2	8
94	1	Rtr2	8
95	1	Rtr2	11
96	1	Rtr2	8
97	1	Rtr2	8
98	1	Rtr2	9
99	1	Rtr2	11
100	1	Rtr2	10
101	1	Rtr2	6
102	1	Rtr2	10
103	1	Rtr2	11
104	1	Rtr2	7
105	1	Rtr2	7
106	1	Rtr2	10
107	1	Rtr2	9
108	1	Rtr2	1079
109	1	Rtr2	2171
110	1	Rtr2	2181
111	1	Rtr2	2523
112	1	Rtr2	1465
113	1	Rtr2	360
114	1	Rtr2	339
115	1	Rtr2	286
116	1	Rtr2	276
117	1	Rtr2	277
118	1	Rtr2	18
119	1	Rtr2	10
120	1	Rtr2	10
121	1	Rtr2	10
122	1	Rtr2	10
123	1	Rtr2	11
124	1	Rtr2	9
125	1	Rtr2	10
126	1	Rtr2	13
127	1	Rtr2	10
128	1	Rtr2	10
129	1	Rtr2	1085
130	1	Rtr2	2168
131	1	Rtr2	2180
132	1	Rtr2	2176
133	1	Rtr2	1104
134	1	Rtr2	20
135	1	Rtr2	9
136	1	Rtr2	9
137	1	Rtr2	12
138	1	Rtr2	12
139	1	Rtr2	8
140	1	Rtr2	10
141	1	Rtr2	10
142	1	Rtr2	8
143	1	Rtr2	6
144	1	Rtr2	12
145	1	Rtr2	10
146	1	Rtr2	9
147	1	Rtr2	13
148	1	Rtr2	13
149	1	Rtr2	10
150	1	Rtr2	1081
151	1	Rtr2	2159
152	1	Rtr2	2169
153	1	Rtr2	2167
154	1	Rtr2	1104
155	1	Rtr2	27
156	1	Rtr2	15
157	1	Rtr2	13
158	1	Rtr2	6
159	1	Rtr2	11
160	1	Rtr2	10
161	1	Rtr2	292
162	1	Rtr2	311
163	1	Rtr2	300
164	1	Rtr2	243
165	1	Rtr2	208
166	1	Rtr2	208
167	1	Rtr2	205
168	1	Rtr2	14
169	1	Rtr2	11
170	1	Rtr2	7
171	1	Rtr2	1076
172	1	Rtr2	2148
173	1	Rtr2	2163
174	1	Rtr2	2167
175	1	Rtr2	1101
176	1	Rtr2	31
177	1	Rtr2	16
178	1	Rtr2	11
179	1	Rtr2	12
180	1	Rtr2	12
181	1	Rtr2	16
182	1	Rtr2	12
183	1	Rtr2	13
184	1	Rtr2	8
185	1	Rtr2	12
186	1	Rtr2	6
187	1	Rtr2	8
188	1	Rtr2	14
189	1	Rtr2	12
190	1	Rtr2	6
191	1	Rtr2	9
192	1	Rtr2	1076
193	1	Rtr2	2146
194	1	Rtr2	2156
195	1	Rtr2	2160
196	1	Rtr2	1101
197	1	Rtr2	23
198	1	Rtr2	7
199	1	Rtr2	17
200	1	Rtr2	9
201	1	Rtr2	9
202	1	Rtr2	9
203	1	Rtr2	8
204	1	Rtr2	10
205	1	Rtr2	11
206	1	Rtr2	12
207	1	Rtr2	10
208	1	Rtr2	10
209	1	Rtr2	9
210	1	Rtr2	8
211	1	Rtr2	12
212	1	Rtr2	10
213	1	Rtr2	1072
214	1	Rtr2	2140
215	1	Rtr2	2158
216	1	Rtr2	2156
217	1	Rtr2	1093
218	1	Rtr2	22
219	1	Rtr2	10
220	1	Rtr2	13
221	1	Rtr2	382
222	1	Rtr2	354
223	1	Rtr2	309
224	1	Rtr2	269
225	1	Rtr2	222
226	1	Rtr2	220
227	1	Rtr2	210
228	1	Rtr2	16
229	1	Rtr2	8
230	1	Rtr2	10
231	1	Rtr2	8
232	1	Rtr2	12
233	1	Rtr2	12
234	1	Rtr2	1070
235	1	Rtr2	2139
236	1	Rtr2	2154
237	1	Rtr2	2150
238	1	Rtr2	1089
239	1	Rtr2	19
240	1	Rtr2	11
241	1	Rtr2	13
242	1	Rtr2	13
243	1	Rtr2	12
244	1	Rtr2	10
245	1	Rtr2	10
246	1	Rtr2	12
247	1	Rtr2	14
248	1	Rtr2	14
249	1	Rtr2	13
250	1	Rtr2	12
251	1	Rtr2	9
252	1	Rtr2	10
253	1	Rtr2	17
254	1	Rtr2	12
255	1	Rtr2	1067
256	1	Rtr2	2129
257	1	Rtr2	2140
258	1	Rtr2	2147
259	1	Rtr2	1090
260	1	Rtr2	24
261	1	Rtr2	13
262	1	Rtr2	8
263	1	Rtr2	11
264	1	Rtr2	12
265	1	Rtr2	9
266	1	Rtr2	274
267	1	Rtr2	289
268	1	Rtr2	258
269	1	Rtr2	248
270	1	Rtr2	190
271	1	Rtr2	193
272	1	Rtr2	187
273	1	Rtr2	18
274	1	Rtr2	12
275	1	Rtr2	10
276	1	Rtr2	1062
277	1	Rtr2	2123
278	1	Rtr2	2139
279	1	Rtr2	2137
280	1	Rtr2	1088
281	1	Rtr2	25
282	1	Rtr2	13
283	1	Rtr2	14
284	1	Rtr2	14
285	1	Rtr2	14
286	1	Rtr2	12
287	1	Rtr2	15
288	1	Rtr2	13
289	1	Rtr2	11
290	1	Rtr2	12
291	1	Rtr2	13
292	1	Rtr2	12
293	1	Rtr2	14
294	1	Rtr2	12
295	1	Rtr2	12
296	1	Rtr2	9
297	1	Rtr2	1065
298	1	Rtr2	2124
299	1	Rtr2	2132
300	1	Rtr2	2136
301	1	Rtr2	1089
302	1	Rtr2	28
303	1	Rtr2	1062
304	1	Rtr2	2115
305	1	Rtr2	2132
306	1	Rtr2	2127
307	1	Rtr2	1084
308	1	Rtr2	29
309	1	Rtr2	12
310	1	Rtr2	11
311	1	Rtr2	8
312	1	Rtr2	12
313	1	Rtr2	15
314	1	Rtr2	11
315	1	Rtr2	15
316	1	Rtr2	16
317	1	Rtr2	11
318	1	Rtr2	16
319	1	Rtr2	13
320	1	Rtr2	17
321	1	Rtr2	322
322	1	Rtr2	338
323	1	Rtr2	293
324	1	Rtr2	1317
325	1	Rtr2	2335
326	1	Rtr2	2339
327	1	Rtr2	2329
328	1	Rtr2	1080
329	1	Rtr2	24
330	1	Rtr2	13
331	1	Rtr2	13
332	1	Rtr2	9
333	1	Rtr2	15
334	1	Rtr2	10
335	1	Rtr2	10
336	1	Rtr2	11
337	1	Rtr2	14
338	1	Rtr2	15
339	1	Rtr2	16
340	1	Rtr2	16
341	1	Rtr2	12
342	1	Rtr2	14
343	1	Rtr2	13
344	1	Rtr2	12
345	1	Rtr2	1054
346	1	Rtr2	2108
347	1	Rtr2	2122
348	1	Rtr2	2118
349	1	Rtr2	1069
350	1	Rtr2	24
351	1	Rtr2	12
352	1	Rtr2	11
353	1	Rtr2	9
354	1	Rtr2	15
355	1	Rtr2	12
356	1	Rtr2	15
357	1	Rtr2	11
358	1	Rtr2	13
359	1	Rtr2	11
360	1	Rtr2	12
361	1	Rtr2	14
362	1	Rtr2	14
363	1	Rtr2	14
364	1	Rtr2	19
365	1	Rtr2	13
366	1	Rtr2	1058
367	1	Rtr2	2104
368	1	Rtr2	2108
369	1	Rtr2	2110
370	1	Rtr2	1074
371	1	Rtr2	32
372	1	Rtr2	25
373	1	Rtr2	15
374	1	Rtr2	9
375	1	Rtr2	12
376	1	Rtr2	297
377	1	Rtr2	318
378	1	Rtr2	330
379	1	Rtr2	310
380	1	Rtr2	271
381	1	Rtr2	267
382	1	Rtr2	258
383	1	Rtr2	23
384	1	Rtr2	11
385	1	Rtr2	9
386	1	Rtr2	13
387	1	Rtr2	1050
388	1	Rtr2	2098
389	1	Rtr2	2107
390	1	Rtr2	2121
391	1	Rtr2	1080
392	1	Rtr2	27
393	1	Rtr2	14
394	1	Rtr2	11
395	1	Rtr2	15
396	1	Rtr2	18
397	1	Rtr2	13
398	1	Rtr2	16
399	1	Rtr2	14
400	1	Rtr2	15
401	1	Rtr2	9
402	1	Rtr2	9
403	1	Rtr2	18
404	1	Rtr2	18
405	1	Rtr2	19
406	1	Rtr2	11
407	1	Rtr2	18
408	1	Rtr2	1052
409	1	Rtr2	2086
410	1	Rtr2	2109
411	1	Rtr2	2108
412	1	Rtr2	1077
413	1	Rtr2	29
414	1	Rtr2	12
415	1	Rtr2	12
416	1	Rtr2	17
417	1	Rtr2	16
418	1	Rtr2	19
419	1	Rtr2	12
420	1	Rtr2	13
421	1	Rtr2	16
422	1	Rtr2	19
423	1	Rtr2	13
424	1	Rtr2	18
425	1	Rtr2	15
426	1	Rtr2	16
427	1	Rtr2	10
428	1	Rtr2	15
429	1	Rtr2	1052
430	1	Rtr2	2095
431	1	Rtr2	2110
432	1	Rtr2	2108
433	1	Rtr2	1365
434	1	Rtr2	290
435	1	Rtr2	307
436	1	Rtr2	325
437	1	Rtr2	236
438	1	Rtr2	196
439	1	Rtr2	188
440	1	Rtr2	21
441	1	Rtr2	13
442	1	Rtr2	13
443	1	Rtr2	21
444	1	Rtr2	15
445	1	Rtr2	14
446	1	Rtr2	14
447	1	Rtr2	14
448	1	Rtr2	14
449	1	Rtr2	13
450	1	Rtr2	1045
451	1	Rtr2	2076
452	1	Rtr2	2096
453	1	Rtr2	2088
454	1	Rtr2	1059
455	1	Rtr2	25
456	1	Rtr2	17
457	1	Rtr2	16
458	1	Rtr2	10
459	1	Rtr2	20
460	1	Rtr2	14
461	1	Rtr2	18
462	1	Rtr2	17
463	1	Rtr2	15
464	1	Rtr2	19
465	1	Rtr2	12
466	1	Rtr2	13
467	1	Rtr2	19
468	1	Rtr2	14
469	1	Rtr2	16
470	1	Rtr2	9
471	1	Rtr2	1038
472	1	Rtr2	2069
473	1	Rtr2	2085
474	1	Rtr2	2083
475	1	Rtr2	1073
476	1	Rtr2	33
477	1	Rtr2	24
478	1	Rtr2	13
479	1	Rtr2	12
480	1	Rtr2	17
481	1	Rtr2	17
482	1	Rtr2	14
483	1	Rtr2	13
484	1	Rtr2	21
485	1	Rtr2	16
486	1	Rtr2	16
487	1	Rtr2	16
488	1	Rtr2	17
489	1	Rtr2	17
490	1	Rtr2	14
491	1	Rtr2	318
492	1	Rtr2	1319
493	1	Rtr2	2370
494	1	Rtr2	2353
495	1	Rtr2	2316
496	1	Rtr2	1285
497	1	Rtr2	253
498	1	Rtr2	20
499	1	Rtr2	17
500	1	Rtr2	13
501	1	Rtr2	15
502	1	Rtr2	17
503	1	Rtr2	18
504	1	Rtr2	16
505	1	Rtr2	15
506	1	Rtr2	12
507	1	Rtr2	10
508	1	Rtr2	15
509	1	Rtr2	16
510	1	Rtr2	16
511	1	Rtr2	22
512	1	Rtr2	19
513	1	Rtr2	1037
514	1	Rtr2	2060
515	1	Rtr2	2087
516	1	Rtr2	2088
517	1	Rtr2	1068
518	1	Rtr2	37
519	1	Rtr2	21
520	1	Rtr2	12
521	1	Rtr2	20
522	1	Rtr2	19
523	1	Rtr2	16
524	1	Rtr2	17
525	1	Rtr2	11
526	1	Rtr2	13
527	1	Rtr2	21
528	1	Rtr2	19
529	1	Rtr2	22
530	1	Rtr2	24
531	1	Rtr2	14
532	1	Rtr2	23
533	1	Rtr2	20
534	1	Rtr2	1034
535	1	Rtr2	2063
536	1	Rtr2	2082
537	1	Rtr2	2082
538	1	Rtr2	1049
539	1	Rtr2	29
540	1	Rtr2	11
541	1	Rtr2	19
542	1	Rtr2	18
543	1	Rtr2	19
544	1	Rtr2	18
545	1	Rtr2	21
546	1	Rtr2	19
547	1	Rtr2	320
548	1	Rtr2	347
549	1	Rtr2	333
550	1	Rtr2	344
551	1	Rtr2	273
552	1	Rtr2	268
553	1	Rtr2	215
554	1	Rtr2	22
555	1	Rtr2	1034
556	1	Rtr2	2055
557	1	Rtr2	2068
558	1	Rtr2	2064
559	1	Rtr2	1045
560	1	Rtr2	39
561	1	Rtr2	22
562	1	Rtr2	16
563	1	Rtr2	16
564	1	Rtr2	361
565	1	Rtr2	412
566	1	Rtr2	422
567	1	Rtr2	378
568	1	Rtr2	260
569	1	Rtr2	255
570	1	Rtr2	245
571	1	Rtr2	20
572	1	Rtr2	17
573	1	Rtr2	20
574	1	Rtr2	18
575	1	Rtr2	20
576	1	Rtr2	1029
577	1	Rtr2	2044
578	1	Rtr2	2062
579	1	Rtr2	2061
580	1	Rtr2	1061
581	1	Rtr2	47
582	1	Rtr2	32
583	1	Rtr2	22
584	1	Rtr2	18
585	1	Rtr2	20
586	1	Rtr2	25
587	1	Rtr2	29
588	1	Rtr2	13
589	1	Rtr2	13
590	1	Rtr2	18
591	1	Rtr2	18
592	1	Rtr2	27
593	1	Rtr2	22
594	1	Rtr2	17
595	1	Rtr2	19
596	1	Rtr2	21
597	1	Rtr2	1027
598	1	Rtr2	2043
599	1	Rtr2	2055
600	1	Rtr2	2069
601	1	Rtr2	1067
602	1	Rtr2	46
603	1	Rtr2	1027
604	1	Rtr2	2035
605	1	Rtr2	2057
606	1	Rtr2	2055
607	1	Rtr2	1051
608	1	Rtr2	38
609	1	Rtr2	29
610	1	Rtr2	28
611	1	Rtr2	25
612	1	Rtr2	20
613	1	Rtr2	21
614	1	Rtr2	34
615	1	Rtr2	34
616	1	Rtr2	26
617	1	Rtr2	24
618	1	Rtr2	20
619	1	Rtr2	19
620	1	Rtr2	25
621	1	Rtr2	22
622	1	Rtr2	27
623	1	Rtr2	341
624	1	Rtr2	1374
625	1	Rtr2	2397
626	1	Rtr2	2355
627	1	Rtr2	2309
628	1	Rtr2	1247
629	1	Rtr2	234
630	1	Rtr2	25
631	1	Rtr2	16
632	1	Rtr2	22
633	1	Rtr2	20
634	1	Rtr2	21
635	1	Rtr2	24
636	1	Rtr2	15
637	1	Rtr2	28
638	1	Rtr2	30
639	1	Rtr2	17
640	1	Rtr2	18
641	1	Rtr2	29
642	1	Rtr2	36
643	1	Rtr2	26
644	1	Rtr2	24
645	1	Rtr2	1019
646	1	Rtr2	2028
647	1	Rtr2	2035
648	1	Rtr2	2036
649	1	Rtr2	1039
650	1	Rtr2	32
651	1	Rtr2	15
652	1	Rtr2	20
653	1	Rtr2	21
654	1	Rtr2	20
655	1	Rtr2	25
656	1	Rtr2	20
657	1	Rtr2	22
658	1	Rtr2	17
659	1	Rtr2	20
660	1	Rtr2	23
661	1	Rtr2	21
662	1	Rtr2	26
663	1	Rtr2	27
664	1	Rtr2	29
665	1	Rtr2	21
666	1	Rtr2	1016
667	1	Rtr2	2018
668	1	Rtr2	2035
669	1	Rtr2	2035
670	1	Rtr2	1058
671	1	Rtr2	51
672	1	Rtr2	46
673	1	Rtr2	25
674	1	Rtr2	21
675	1	Rtr2	22
676	1	Rtr2	18
677	1	Rtr2	16
678	1	Rtr2	24
679	1	Rtr2	274
680	1	Rtr2	334
681	1	Rtr2	326
682	1	Rtr2	319
683	1	Rtr2	201
684	1	Rtr2	194
685	1	Rtr2	187
686	1	Rtr2	28
687	1	Rtr2	1017
688	1	Rtr2	2007
689	1	Rtr2	2025
690	1	Rtr2	2041
691	1	Rtr2	1042
692	1	Rtr2	62
693	1	Rtr2	45
694	1	Rtr2	36
695	1	Rtr2	36
696	1	Rtr2	28
697	1	Rtr2	29
698	1	Rtr2	22
699	1	Rtr2	24
700	1	Rtr2	31
701	1	Rtr2	30
702	1	Rtr2	39
703	1	Rtr2	22
704	1	Rtr2	28
705	1	Rtr2	32
706	1	Rtr2	30
707	1	Rtr2	25
708	1	Rtr2	1013
709	1	Rtr2	2008
710	1	Rtr2	2024
711	1	Rtr2	2034
712	1	Rtr2	1049
713	1	Rtr2	52
714	1	Rtr2	31
715	1	Rtr2	31
716	1	Rtr2	36
717	1	Rtr2	37
718	1	Rtr2	18
719	1	Rtr2	21
720	1	Rtr2	27
721	1	Rtr2	29
722	1	Rtr2	21
723	1	Rtr2	22
724	1	Rtr2	23
725	1	Rtr2	21
726	1	Rtr2	20
727	1	Rtr2	20
728	1	Rtr2	23
729	1	Rtr2	1014
730	1	Rtr2	2028
731	1	Rtr2	2033
732	1	Rtr2	2029
733	1	Rtr2	1038
734	1	Rtr2	49
735	1	Rtr2	37
736	1	Rtr2	35
737	1	Rtr2	41
738	1	Rtr2	22
739	1	Rtr2	23
740	1	Rtr2	24
741	1	Rtr2	21
742	1	Rtr2	356
743	1	Rtr2	380
744	1	Rtr2	363
745	1	Rtr2	349
746	1	Rtr2	306
747	1	Rtr2	271
748	1	Rtr2	215
749	1	Rtr2	23
750	1	Rtr2	1010
751	1	Rtr2	2008
752	1	Rtr2	2014
753	1	Rtr2	2017
754	1	Rtr2	1055
755	1	Rtr2	75
756	1	Rtr2	55
757	1	Rtr2	49
758	1	Rtr2	28
759	1	Rtr2	39
760	1	Rtr2	40
761	1	Rtr2	48
762	1	Rtr2	34
763	1	Rtr2	20
764	1	Rtr2	19
765	1	Rtr2	29
766	1	Rtr2	36
767	1	Rtr2	19
768	1	Rtr2	23
769	1	Rtr2	20
770	1	Rtr2	317
771	1	Rtr2	1288
772	1	Rtr2	2255
773	1	Rtr2	2244
774	1	Rtr2	2172
775	1	Rtr2	1205
776	1	Rtr2	210
777	1	Rtr2	44
778	1	Rtr2	21
779	1	Rtr2	26
780	1	Rtr2	45
781	1	Rtr2	30
782	1	Rtr2	22
783	1	Rtr2	25
784	1	Rtr2	20
785	1	Rtr2	38
786	1	Rtr2	29
787	1	Rtr2	35
788	1	Rtr2	30
789	1	Rtr2	23
790	1	Rtr2	36
791	1	Rtr2	33
792	1	Rtr2	1021
793	1	Rtr2	1992
794	1	Rtr2	1999
795	1	Rtr2	2015
796	1	Rtr2	1047
797	1	Rtr2	75
798	1	Rtr2	44
799	1	Rtr2	33
800	1	Rtr2	36
801	1	Rtr2	59
802	1	Rtr2	37
803	1	Rtr2	35
804	1	Rtr2	32
805	1	Rtr2	29
806	1	Rtr2	45
807	1	Rtr2	45
808	1	Rtr2	29
809	1	Rtr2	21
810	1	Rtr2	34
811	1	Rtr2	28
812	1	Rtr2	27
813	1	Rtr2	1004
814	1	Rtr2	1980
815	1	Rtr2	2012
816	1	Rtr2	2012
817	1	Rtr2	1046
818	1	Rtr2	64
819	1	Rtr2	37
820	1	Rtr2	55
821	1	Rtr2	47
822	1	Rtr2	44
823	1	Rtr2	28
824	1	Rtr2	32
825	1	Rtr2	44
826	1	Rtr2	44
827	1	Rtr2	33
828	1	Rtr2	49
829	1	Rtr2	20
830	1	Rtr2	31
831	1	Rtr2	50
832	1	Rtr2	43
833	1	Rtr2	30
834	1	Rtr2	990
835	1	Rtr2	1983
836	1	Rtr2	2017
837	1	Rtr2	2014
838	1	Rtr2	1049
839	1	Rtr2	325
840	1	Rtr2	387
841	1	Rtr2	372
842	1	Rtr2	334
843	1	Rtr2	234
844	1	Rtr2	220
845	1	Rtr2	212
846	1	Rtr2	53
847	1	Rtr2	40
848	1	Rtr2	33
849	1	Rtr2	32
850	1	Rtr2	44
851	1	Rtr2	41
852	1	Rtr2	26
853	1	Rtr2	21
854	1	Rtr2	27
855	1	Rtr2	1005
856	1	Rtr2	1978
857	1	Rtr2	1993
858	1	Rtr2	1988
859	1	Rtr2	1032
860	1	Rtr2	75
861	1	Rtr2	54
862	1	Rtr2	65
863	1	Rtr2	48
864	1	Rtr2	35
865	1	Rtr2	58
866	1	Rtr2	43
867	1	Rtr2	44
868	1	Rtr2	45
869	1	Rtr2	16
870	1	Rtr2	42
871	1	Rtr2	40
872	1	Rtr2	32
873	1	Rtr2	22
874	1	Rtr2	27
875	1	Rtr2	43
876	1	Rtr2	1002
877	1	Rtr2	1970
878	1	Rtr2	1984
879	1	Rtr2	1982
880	1	Rtr2	1041
881	1	Rtr2	84
882	1	Rtr2	73
883	1	Rtr2	43
884	1	Rtr2	38
885	1	Rtr2	66
886	1	Rtr2	50
887	1	Rtr2	54
888	1	Rtr2	37
889	1	Rtr2	48
890	1	Rtr2	66
891	1	Rtr2	370
892	1	Rtr2	371
893	1	Rtr2	352
894	1	Rtr2	315
895	1	Rtr2	295
896	1	Rtr2	271
897	1	Rtr2	1234
898	1	Rtr2	1967
899	1	Rtr2	1971
900	1	Rtr2	1995
901	1	Rtr2	1041
902	1	Rtr2	88
903	1	Rtr2	992
904	1	Rtr2	1957
905	1	Rtr2	1989
906	1	Rtr2	1991
907	1	Rtr2	1040
908	1	Rtr2	63
909	1	Rtr2	49
910	1	Rtr2	66
911	1	Rtr2	65
912	1	Rtr2	69
913	1	Rtr2	45
914	1	Rtr2	33
915	1	Rtr2	54
916	1	Rtr2	52
917	1	Rtr2	47
918	1	Rtr2	29
919	1	Rtr2	29
920	1	Rtr2	39
921	1	Rtr2	54
922	1	Rtr2	42
923	1	Rtr2	45
924	1	Rtr2	989
925	1	Rtr2	1971
926	1	Rtr2	1980
927	1	Rtr2	1977
928	1	Rtr2	1022
929	1	Rtr2	66
930	1	Rtr2	78
931	1	Rtr2	76
932	1	Rtr2	64
933	1	Rtr2	41
934	1	Rtr2	26
935	1	Rtr2	49
936	1	Rtr2	52
937	1	Rtr2	348
938	1	Rtr2	384
939	1	Rtr2	342
940	1	Rtr2	352
941	1	Rtr2	285
942	1	Rtr2	293
943	1	Rtr2	213
944	1	Rtr2	24
945	1	Rtr2	984
946	1	Rtr2	1949
947	1	Rtr2	1962
948	1	Rtr2	1961
949	1	Rtr2	1003
950	1	Rtr2	70
951	1	Rtr2	60
952	1	Rtr2	52
953	1	Rtr2	50
954	1	Rtr2	50
955	1	Rtr2	59
956	1	Rtr2	59
957	1	Rtr2	51
958	1	Rtr2	57
959	1	Rtr2	21
960	1	Rtr2	47
961	1	Rtr2	44
962	1	Rtr2	41
963	1	Rtr2	35
964	1	Rtr2	40
965	1	Rtr2	62
966	1	Rtr2	1001
967	1	Rtr2	1952
968	1	Rtr2	1946
969	1	Rtr2	1952
970	1	Rtr2	1042
971	1	Rtr2	77
972	1	Rtr2	66
973	1	Rtr2	48
974	1	Rtr2	50
975	1	Rtr2	71
976	1	Rtr2	69
977	1	Rtr2	61
978	1	Rtr2	44
979	1	Rtr2	38
980	1	Rtr2	71
981	1	Rtr2	62
982	1	Rtr2	56
983	1	Rtr2	47
984	1	Rtr2	47
985	1	Rtr2	81
986	1	Rtr2	75
987	1	Rtr2	1016
988	1	Rtr2	1934
989	1	Rtr2	1946
990	1	Rtr2	1967
991	1	Rtr2	1037
992	1	Rtr2	90
993	1	Rtr2	290
994	1	Rtr2	331
995	1	Rtr2	356
996	1	Rtr2	380
997	1	Rtr2	327
998	1	Rtr2	259
999	1	Rtr2	230
1000	1	Rtr2	58
1001	1	Rtr2	285
1002	1	Rtr2	279
1003	1	Rtr2	1231
1004	1	Rtr2	2168
1005	1	Rtr2	2179
1006	1	Rtr2	2176
1007	1	Rtr2	1228
1008	1	Rtr2	50
1009	1	Rtr2	30
1010	1	Rtr2	48
1011	1	Rtr2	62
1012	1	Rtr2	73
1013	1	Rtr2	50
1014	1	Rtr2	31
1015	1	Rtr2	63
1016	1	Rtr2	57
1017	1	Rtr2	55
1018	1	Rtr2	34
1019	1	Rtr2	31
1020	1	Rtr2	72
1021	1	Rtr2	54
1022	1	Rtr2	36
1023	1	Rtr2	46
1024	1	Rtr2	979
1025	1	Rtr2	1945
1026	1	Rtr2	1958
1027	1	Rtr2	1955
1028	1	Rtr2	1011
1029	1	Rtr2	56
1030	1	Rtr2	75
1031	1	Rtr2	63
1032	1	Rtr2	63
1033	1	Rtr2	35
1034	1	Rtr2	38
1035	1	Rtr2	50
1036	1	Rtr2	62
1037	1	Rtr2	26
1038	1	Rtr2	21
1039	1	Rtr2	54
1040	1	Rtr2	75
1041	1	Rtr2	83
1042	1	Rtr2	72
1043	1	Rtr2	36
1044	1	Rtr2	38
1045	1	Rtr2	986
1046	1	Rtr2	1925
1047	1	Rtr2	1937
1048	1	Rtr2	1933
1049	1	Rtr2	1016
1050	1	Rtr2	104
1051	1	Rtr2	102
1052	1	Rtr2	95
1053	1	Rtr2	51
1054	1	Rtr2	36
1055	1	Rtr2	54
1056	1	Rtr2	392
1057	1	Rtr2	396
1058	1	Rtr2	388
1059	1	Rtr2	371
1060	1	Rtr2	365
1061	1	Rtr2	364
1062	1	Rtr2	327
1063	1	Rtr2	27
1064	1	Rtr2	25
1065	1	Rtr2	47
1066	1	Rtr2	989
1067	1	Rtr2	1922
1068	1	Rtr2	1927
1069	1	Rtr2	1930
1070	1	Rtr2	1034
1071	1	Rtr2	98
1072	1	Rtr2	79
1073	1	Rtr2	54
1074	1	Rtr2	60
1075	1	Rtr2	81
1076	1	Rtr2	75
1077	1	Rtr2	84
1078	1	Rtr2	63
1079	1	Rtr2	54
1080	1	Rtr2	83
1081	1	Rtr2	73
1082	1	Rtr2	81
1083	1	Rtr2	65
1084	1	Rtr2	48
1085	1	Rtr2	78
1086	1	Rtr2	62
1087	1	Rtr2	1004
1088	1	Rtr2	1920
1089	1	Rtr2	1930
1090	1	Rtr2	1956
1091	1	Rtr2	1037
1092	1	Rtr2	102
1093	1	Rtr2	86
1094	1	Rtr2	47
1095	1	Rtr2	64
1096	1	Rtr2	70
1097	1	Rtr2	52
1098	1	Rtr2	56
1099	1	Rtr2	52
1100	1	Rtr2	74
1101	1	Rtr2	72
1102	1	Rtr2	76
1103	1	Rtr2	64
1104	1	Rtr2	52
1105	1	Rtr2	83
1106	1	Rtr2	95
1107	1	Rtr2	88
1108	1	Rtr2	975
1109	1	Rtr2	1914
1110	1	Rtr2	1952
1111	1	Rtr2	2186
1112	1	Rtr2	1293
1113	1	Rtr2	342
1114	1	Rtr2	333
1115	1	Rtr2	345
1116	1	Rtr2	338
1117	1	Rtr2	318
1118	1	Rtr2	40
1119	1	Rtr2	43
1120	1	Rtr2	62
1121	1	Rtr2	83
1122	1	Rtr2	77
1123	1	Rtr2	67
1124	1	Rtr2	64
1125	1	Rtr2	93
1126	1	Rtr2	95
1127	1	Rtr2	91
1128	1	Rtr2	64
1129	1	Rtr2	978
1130	1	Rtr2	1937
1131	1	Rtr2	1945
1132	1	Rtr2	1945
1133	1	Rtr2	1004
1134	1	Rtr2	83
1135	1	Rtr2	101
1136	1	Rtr2	93
1137	1	Rtr2	84
1138	1	Rtr2	43
1139	1	Rtr2	36
1140	1	Rtr2	71
1141	1	Rtr2	77
1142	1	Rtr2	65
1143	1	Rtr2	51
1144	1	Rtr2	45
1145	1	Rtr2	82
1146	1	Rtr2	74
1147	1	Rtr2	59
1148	1	Rtr2	53
1149	1	Rtr2	45
1150	1	Rtr2	983
1151	1	Rtr2	1900
1152	1	Rtr2	1912
1153	1	Rtr2	1912
1154	1	Rtr2	1011
1155	1	Rtr2	116
1156	1	Rtr2	114
1157	1	Rtr2	97
1158	1	Rtr2	69
1159	1	Rtr2	68
1160	1	Rtr2	96
1161	1	Rtr2	394
1162	1	Rtr2	379
1163	1	Rtr2	366
1164	1	Rtr2	343
1165	1	Rtr2	352
1166	1	Rtr2	317
1167	1	Rtr2	295
1168	1	Rtr2	51
1169	1	Rtr2	29
1170	1	Rtr2	71
1171	1	Rtr2	980
1172	1	Rtr2	1896
1173	1	Rtr2	1904
1174	1	Rtr2	1906
1175	1	Rtr2	1037
1176	1	Rtr2	125
1177	1	Rtr2	85
1178	1	Rtr2	64
1179	1	Rtr2	43
1180	1	Rtr2	75
1181	1	Rtr2	73
1182	1	Rtr2	61
1183	1	Rtr2	64
1184	1	Rtr2	45
1185	1	Rtr2	81
1186	1	Rtr2	68
1187	1	Rtr2	62
1188	1	Rtr2	62
1189	1	Rtr2	62
1190	1	Rtr2	97
1191	1	Rtr2	110
1192	1	Rtr2	1003
1193	1	Rtr2	1903
1194	1	Rtr2	1894
1195	1	Rtr2	1924
1196	1	Rtr2	1036
1197	1	Rtr2	127
1198	1	Rtr2	83
1199	1	Rtr2	86
1200	1	Rtr2	125
1201	1	Rtr2	109
1202	1	Rtr2	116
1203	1	Rtr2	75
1204	1	Rtr2	83
1205	1	Rtr2	101
1206	1	Rtr2	104
1207	1	Rtr2	96
1208	1	Rtr2	52
1209	1	Rtr2	46
1210	1	Rtr2	75
1211	1	Rtr2	103
1212	1	Rtr2	80
1213	1	Rtr2	974
1214	1	Rtr2	1887
1215	1	Rtr2	1934
1216	1	Rtr2	1933
1217	1	Rtr2	1015
1218	1	Rtr2	75
1219	1	Rtr2	72
1220	1	Rtr2	104
1221	1	Rtr2	297
1222	1	Rtr2	318
1223	1	Rtr2	331
1224	1	Rtr2	319
1225	1	Rtr2	347
1226	1	Rtr2	338
1227	1	Rtr2	299
1228	1	Rtr2	39
1229	1	Rtr2	23
1230	1	Rtr2	65
1231	1	Rtr2	62
1232	1	Rtr2	67
1233	1	Rtr2	54
1234	1	Rtr2	959
1235	1	Rtr2	1912
1236	1	Rtr2	1919
1237	1	Rtr2	1917
1238	1	Rtr2	1007
1239	1	Rtr2	78
1240	1	Rtr2	105
1241	1	Rtr2	108
1242	1	Rtr2	92
1243	1	Rtr2	62
1244	1	Rtr2	76
1245	1	Rtr2	113
1246	1	Rtr2	119
1247	1	Rtr2	99
1248	1	Rtr2	57
1249	1	Rtr2	53
1250	1	Rtr2	89
1251	1	Rtr2	106
1252	1	Rtr2	100
1253	1	Rtr2	62
1254	1	Rtr2	56
1255	1	Rtr2	991
1256	1	Rtr2	1901
1257	1	Rtr2	1911
1258	1	Rtr2	1884
1259	1	Rtr2	999
1260	1	Rtr2	110
1261	1	Rtr2	102
1262	1	Rtr2	107
1263	1	Rtr2	51
1264	1	Rtr2	64
1265	1	Rtr2	101
1266	1	Rtr2	355
1267	1	Rtr2	339
1268	1	Rtr2	322
1269	1	Rtr2	315
1270	1	Rtr2	334
1271	1	Rtr2	332
1272	1	Rtr2	302
1273	1	Rtr2	65
1274	1	Rtr2	43
1275	1	Rtr2	59
1276	1	Rtr2	961
1277	1	Rtr2	1876
1278	1	Rtr2	1873
1279	1	Rtr2	1885
1280	1	Rtr2	1030
1281	1	Rtr2	137
1282	1	Rtr2	115
1283	1	Rtr2	69
1284	1	Rtr2	91
1285	1	Rtr2	138
1286	1	Rtr2	124
1287	1	Rtr2	114
1288	1	Rtr2	68
1289	1	Rtr2	59
1290	1	Rtr2	90
1291	1	Rtr2	86
1292	1	Rtr2	75
1293	1	Rtr2	77
1294	1	Rtr2	65
1295	1	Rtr2	110
1296	1	Rtr2	105
1297	1	Rtr2	989
1298	1	Rtr2	1855
1299	1	Rtr2	1865
1300	1	Rtr2	1911
1301	1	Rtr2	1017
1302	1	Rtr2	110
1303	1	Rtr2	967
1304	1	Rtr2	1865
1305	1	Rtr2	1908
1306	1	Rtr2	1913
1307	1	Rtr2	1032
1308	1	Rtr2	96
1309	1	Rtr2	70
1310	1	Rtr2	115
1311	1	Rtr2	123
1312	1	Rtr2	96
1313	1	Rtr2	71
1314	1	Rtr2	76
1315	1	Rtr2	89
1316	1	Rtr2	116
1317	1	Rtr2	96
1318	1	Rtr2	63
1319	1	Rtr2	57
1320	1	Rtr2	110
1321	1	Rtr2	371
1322	1	Rtr2	349
1323	1	Rtr2	341
1324	1	Rtr2	1212
1325	1	Rtr2	2134
1326	1	Rtr2	2129
1327	1	Rtr2	2128
1328	1	Rtr2	992
1329	1	Rtr2	85
1330	1	Rtr2	109
1331	1	Rtr2	107
1332	1	Rtr2	92
1333	1	Rtr2	56
1334	1	Rtr2	36
1335	1	Rtr2	79
1336	1	Rtr2	81
1337	1	Rtr2	79
1338	1	Rtr2	71
1339	1	Rtr2	66
1340	1	Rtr2	117
1341	1	Rtr2	103
1342	1	Rtr2	102
1343	1	Rtr2	79
1344	1	Rtr2	33
1345	1	Rtr2	958
1346	1	Rtr2	1861
1347	1	Rtr2	1854
1348	1	Rtr2	1858
1349	1	Rtr2	1005
1350	1	Rtr2	158
1351	1	Rtr2	155
1352	1	Rtr2	145
1353	1	Rtr2	70
1354	1	Rtr2	64
1355	1	Rtr2	107
1356	1	Rtr2	123
1357	1	Rtr2	103
1358	1	Rtr2	65
1359	1	Rtr2	63
1360	1	Rtr2	108
1361	1	Rtr2	100
1362	1	Rtr2	74
1363	1	Rtr2	75
1364	1	Rtr2	72
1365	1	Rtr2	109
1366	1	Rtr2	984
1367	1	Rtr2	1881
1368	1	Rtr2	1856
1369	1	Rtr2	1850
1370	1	Rtr2	1018
1371	1	Rtr2	142
1372	1	Rtr2	132
1373	1	Rtr2	76
1374	1	Rtr2	79
1375	1	Rtr2	145
1376	1	Rtr2	336
1377	1	Rtr2	351
1378	1	Rtr2	356
1379	1	Rtr2	358
1380	1	Rtr2	379
1381	1	Rtr2	377
1382	1	Rtr2	347
1383	1	Rtr2	51
1384	1	Rtr2	48
1385	1	Rtr2	88
1386	1	Rtr2	106
1387	1	Rtr2	975
1388	1	Rtr2	1841
1389	1	Rtr2	1856
1390	1	Rtr2	1904
1391	1	Rtr2	1051
1392	1	Rtr2	168
1393	1	Rtr2	73
1394	1	Rtr2	66
1395	1	Rtr2	117
1396	1	Rtr2	123
1397	1	Rtr2	104
1398	1	Rtr2	63
1399	1	Rtr2	57
1400	1	Rtr2	111
1401	1	Rtr2	126
1402	1	Rtr2	114
1403	1	Rtr2	67
1404	1	Rtr2	62
1405	1	Rtr2	102
1406	1	Rtr2	97
1407	1	Rtr2	99
1408	1	Rtr2	943
1409	1	Rtr2	1832
1410	1	Rtr2	1887
1411	1	Rtr2	1882
1412	1	Rtr2	1014
1413	1	Rtr2	110
1414	1	Rtr2	87
1415	1	Rtr2	145
1416	1	Rtr2	143
1417	1	Rtr2	132
1418	1	Rtr2	77
1419	1	Rtr2	54
1420	1	Rtr2	103
1421	1	Rtr2	113
1422	1	Rtr2	105
1423	1	Rtr2	98
1424	1	Rtr2	76
1425	1	Rtr2	134
1426	1	Rtr2	128
1427	1	Rtr2	129
1428	1	Rtr2	65
1429	1	Rtr2	949
1430	1	Rtr2	1885
1431	1	Rtr2	1889
1432	1	Rtr2	1890
1433	1	Rtr2	1186
1434	1	Rtr2	373
1435	1	Rtr2	410
1436	1	Rtr2	392
1437	1	Rtr2	336
1438	1	Rtr2	262
1439	1	Rtr2	259
1440	1	Rtr2	127
1441	1	Rtr2	106
1442	1	Rtr2	111
1443	1	Rtr2	67
1444	1	Rtr2	40
1445	1	Rtr2	104
1446	1	Rtr2	103
1447	1	Rtr2	81
1448	1	Rtr2	70
1449	1	Rtr2	53
1450	1	Rtr2	966
1451	1	Rtr2	1848
1452	1	Rtr2	1859
1453	1	Rtr2	1836
1454	1	Rtr2	965
1455	1	Rtr2	141
1456	1	Rtr2	128
1457	1	Rtr2	120
1458	1	Rtr2	86
1459	1	Rtr2	89
1460	1	Rtr2	131
1461	1	Rtr2	135
1462	1	Rtr2	123
1463	1	Rtr2	78
1464	1	Rtr2	64
1465	1	Rtr2	105
1466	1	Rtr2	113
1467	1	Rtr2	108
1468	1	Rtr2	67
1469	1	Rtr2	72
1470	1	Rtr2	115
1471	1	Rtr2	982
1472	1	Rtr2	1849
1473	1	Rtr2	1834
1474	1	Rtr2	1817
1475	1	Rtr2	1019
1476	1	Rtr2	146
1477	1	Rtr2	119
1478	1	Rtr2	82
1479	1	Rtr2	70
1480	1	Rtr2	136
1481	1	Rtr2	107
1482	1	Rtr2	93
1483	1	Rtr2	63
1484	1	Rtr2	63
1485	1	Rtr2	100
1486	1	Rtr2	107
1487	1	Rtr2	101
1488	1	Rtr2	73
1489	1	Rtr2	61
1490	1	Rtr2	95
1491	1	Rtr2	337
1492	1	Rtr2	1184
1493	1	Rtr2	2021
1494	1	Rtr2	2028
1495	1	Rtr2	2054
1496	1	Rtr2	1206
1497	1	Rtr2	312
1498	1	Rtr2	78
1499	1	Rtr2	83
1500	1	Rtr2	137
1501	1	Rtr2	135
1502	1	Rtr2	165
1503	1	Rtr2	70
1504	1	Rtr2	93
1505	1	Rtr2	132
1506	1	Rtr2	135
1507	1	Rtr2	93
1508	1	Rtr2	67
1509	1	Rtr2	89
1510	1	Rtr2	139
1511	1	Rtr2	153
1512	1	Rtr2	136
1513	1	Rtr2	931
1514	1	Rtr2	1818
1515	1	Rtr2	1884
1516	1	Rtr2	1872
1517	1	Rtr2	1035
1518	1	Rtr2	89
1519	1	Rtr2	99
1520	1	Rtr2	150
1521	1	Rtr2	148
1522	1	Rtr2	128
1523	1	Rtr2	88
1524	1	Rtr2	43
1525	1	Rtr2	104
1526	1	Rtr2	76
1527	1	Rtr2	105
1528	1	Rtr2	85
1529	1	Rtr2	86
1530	1	Rtr2	138
1531	1	Rtr2	126
1532	1	Rtr2	109
1533	1	Rtr2	76
1534	1	Rtr2	929
1535	1	Rtr2	1864
1536	1	Rtr2	1865
1537	1	Rtr2	1852
1538	1	Rtr2	970
1539	1	Rtr2	121
1540	1	Rtr2	190
1541	1	Rtr2	147
1542	1	Rtr2	137
1543	1	Rtr2	87
1544	1	Rtr2	72
1545	1	Rtr2	107
1546	1	Rtr2	109
1547	1	Rtr2	343
1548	1	Rtr2	333
1549	1	Rtr2	343
1550	1	Rtr2	391
1551	1	Rtr2	349
1552	1	Rtr2	357
1553	1	Rtr2	254
1554	1	Rtr2	59
1555	1	Rtr2	947
1556	1	Rtr2	1824
1557	1	Rtr2	1840
1558	1	Rtr2	1812
1559	1	Rtr2	954
1560	1	Rtr2	144
1561	1	Rtr2	135
1562	1	Rtr2	137
1563	1	Rtr2	92
1564	1	Rtr2	331
1565	1	Rtr2	400
1566	1	Rtr2	393
1567	1	Rtr2	380
1568	1	Rtr2	276
1569	1	Rtr2	255
1570	1	Rtr2	305
1571	1	Rtr2	139
1572	1	Rtr2	126
1573	1	Rtr2	63
1574	1	Rtr2	72
1575	1	Rtr2	135
1576	1	Rtr2	976
1577	1	Rtr2	1836
1578	1	Rtr2	1805
1579	1	Rtr2	1801
1580	1	Rtr2	1021
1581	1	Rtr2	149
1582	1	Rtr2	120
1583	1	Rtr2	82
1584	1	Rtr2	81
1585	1	Rtr2	159
1586	1	Rtr2	163
1587	1	Rtr2	152
1588	1	Rtr2	80
1589	1	Rtr2	47
1590	1	Rtr2	109
1591	1	Rtr2	107
1592	1	Rtr2	87
1593	1	Rtr2	59
1594	1	Rtr2	58
1595	1	Rtr2	101
1596	1	Rtr2	89
1597	1	Rtr2	941
1598	1	Rtr2	1800
1599	1	Rtr2	1793
1600	1	Rtr2	1842
1601	1	Rtr2	989
1602	1	Rtr2	124
1603	1	Rtr2	937
1604	1	Rtr2	1782
1605	1	Rtr2	1835
1606	1	Rtr2	1839
1607	1	Rtr2	1004
1608	1	Rtr2	96
1609	1	Rtr2	87
1610	1	Rtr2	153
1611	1	Rtr2	142
1612	1	Rtr2	129
1613	1	Rtr2	52
1614	1	Rtr2	62
1615	1	Rtr2	119
1616	1	Rtr2	121
1617	1	Rtr2	103
1618	1	Rtr2	81
1619	1	Rtr2	69
1620	1	Rtr2	124
1621	1	Rtr2	106
1622	1	Rtr2	102
1623	1	Rtr2	298
1624	1	Rtr2	1133
1625	1	Rtr2	2046
1626	1	Rtr2	2030
1627	1	Rtr2	1997
1628	1	Rtr2	1107
1629	1	Rtr2	242
1630	1	Rtr2	160
1631	1	Rtr2	164
1632	1	Rtr2	137
1633	1	Rtr2	68
1634	1	Rtr2	84
1635	1	Rtr2	153
1636	1	Rtr2	127
1637	1	Rtr2	131
1638	1	Rtr2	72
1639	1	Rtr2	103
1640	1	Rtr2	153
1641	1	Rtr2	150
1642	1	Rtr2	130
1643	1	Rtr2	106
1644	1	Rtr2	105
1645	1	Rtr2	967
1646	1	Rtr2	1818
1647	1	Rtr2	1827
1648	1	Rtr2	1781
1649	1	Rtr2	973
1650	1	Rtr2	186
1651	1	Rtr2	146
1652	1	Rtr2	147
1653	1	Rtr2	63
1654	1	Rtr2	75
1655	1	Rtr2	144
1656	1	Rtr2	139
1657	1	Rtr2	146
1658	1	Rtr2	87
1659	1	Rtr2	71
1660	1	Rtr2	148
1661	1	Rtr2	138
1662	1	Rtr2	125
1663	1	Rtr2	80
1664	1	Rtr2	71
1665	1	Rtr2	145
1666	1	Rtr2	976
1667	1	Rtr2	1807
1668	1	Rtr2	1776
1669	1	Rtr2	1771
1670	1	Rtr2	1000
1671	1	Rtr2	154
1672	1	Rtr2	142
1673	1	Rtr2	83
1674	1	Rtr2	86
1675	1	Rtr2	157
1676	1	Rtr2	157
1677	1	Rtr2	136
1678	1	Rtr2	75
1679	1	Rtr2	264
1680	1	Rtr2	375
1681	1	Rtr2	378
1682	1	Rtr2	367
1683	1	Rtr2	261
1684	1	Rtr2	266
1685	1	Rtr2	325
1686	1	Rtr2	158
1687	1	Rtr2	975
1688	1	Rtr2	1751
1689	1	Rtr2	1765
1690	1	Rtr2	1833
1691	1	Rtr2	1026
1692	1	Rtr2	149
1693	1	Rtr2	78
1694	1	Rtr2	74
1695	1	Rtr2	125
1696	1	Rtr2	122
1697	1	Rtr2	119
1698	1	Rtr2	89
1699	1	Rtr2	54
1700	1	Rtr2	110
1701	1	Rtr2	104
1702	1	Rtr2	83
1703	1	Rtr2	83
1704	1	Rtr2	57
1705	1	Rtr2	111
1706	1	Rtr2	99
1707	1	Rtr2	87
1708	1	Rtr2	906
1709	1	Rtr2	1761
1710	1	Rtr2	1821
1711	1	Rtr2	1825
1712	1	Rtr2	1011
1713	1	Rtr2	115
1714	1	Rtr2	77
1715	1	Rtr2	139
1716	1	Rtr2	132
1717	1	Rtr2	142
1718	1	Rtr2	97
1719	1	Rtr2	104
1720	1	Rtr2	176
1721	1	Rtr2	173
1722	1	Rtr2	162
1723	1	Rtr2	103
1724	1	Rtr2	107
1725	1	Rtr2	167
1726	1	Rtr2	176
1727	1	Rtr2	156
1728	1	Rtr2	83
1729	1	Rtr2	907
1730	1	Rtr2	1797
1731	1	Rtr2	1801
1732	1	Rtr2	1810
1733	1	Rtr2	963
1734	1	Rtr2	118
1735	1	Rtr2	171
1736	1	Rtr2	184
1737	1	Rtr2	162
1738	1	Rtr2	89
1739	1	Rtr2	83
1740	1	Rtr2	139
1741	1	Rtr2	134
1742	1	Rtr2	321
1743	1	Rtr2	321
1744	1	Rtr2	301
1745	1	Rtr2	343
1746	1	Rtr2	327
1747	1	Rtr2	304
1748	1	Rtr2	247
1749	1	Rtr2	95
1750	1	Rtr2	991
1751	1	Rtr2	1822
1752	1	Rtr2	1822
1753	1	Rtr2	1770
1754	1	Rtr2	970
1755	1	Rtr2	185
1756	1	Rtr2	200
1757	1	Rtr2	170
1758	1	Rtr2	103
1759	1	Rtr2	92
1760	1	Rtr2	155
1761	1	Rtr2	153
1762	1	Rtr2	145
1763	1	Rtr2	103
1764	1	Rtr2	116
1765	1	Rtr2	173
1766	1	Rtr2	189
1767	1	Rtr2	158
1768	1	Rtr2	70
1769	1	Rtr2	80
1770	1	Rtr2	325
1771	1	Rtr2	1137
1772	1	Rtr2	1946
1773	1	Rtr2	1922
1774	1	Rtr2	1887
1775	1	Rtr2	1111
1776	1	Rtr2	251
1777	1	Rtr2	119
1778	1	Rtr2	51
1779	1	Rtr2	45
1780	1	Rtr2	94
1781	1	Rtr2	89
1782	1	Rtr2	99
1783	1	Rtr2	82
1784	1	Rtr2	81
1785	1	Rtr2	126
1786	1	Rtr2	146
1787	1	Rtr2	140
1788	1	Rtr2	97
1789	1	Rtr2	104
1790	1	Rtr2	153
1791	1	Rtr2	141
1792	1	Rtr2	966
1793	1	Rtr2	1741
1794	1	Rtr2	1747
1795	1	Rtr2	1809
1796	1	Rtr2	1009
1797	1	Rtr2	177
1798	1	Rtr2	98
1799	1	Rtr2	92
1800	1	Rtr2	154
1801	1	Rtr2	173
1802	1	Rtr2	127
1803	1	Rtr2	96
1804	1	Rtr2	99
1805	1	Rtr2	175
1806	1	Rtr2	155
1807	1	Rtr2	147
1808	1	Rtr2	98
1809	1	Rtr2	94
1810	1	Rtr2	150
1811	1	Rtr2	157
1812	1	Rtr2	143
1813	1	Rtr2	905
1814	1	Rtr2	1739
1815	1	Rtr2	1804
1816	1	Rtr2	1796
1817	1	Rtr2	994
1818	1	Rtr2	145
1819	1	Rtr2	106
1820	1	Rtr2	165
1821	1	Rtr2	183
1822	1	Rtr2	158
1823	1	Rtr2	84
1824	1	Rtr2	74
1825	1	Rtr2	134
1826	1	Rtr2	136
1827	1	Rtr2	122
1828	1	Rtr2	64
1829	1	Rtr2	71
1830	1	Rtr2	126
1831	1	Rtr2	119
1832	1	Rtr2	100
1833	1	Rtr2	83
1834	1	Rtr2	891
1835	1	Rtr2	1790
1836	1	Rtr2	1783
1837	1	Rtr2	1787
1838	1	Rtr2	947
1839	1	Rtr2	289
1840	1	Rtr2	377
1841	1	Rtr2	362
1842	1	Rtr2	350
1843	1	Rtr2	227
1844	1	Rtr2	237
1845	1	Rtr2	306
1846	1	Rtr2	182
1847	1	Rtr2	166
1848	1	Rtr2	90
1849	1	Rtr2	78
1850	1	Rtr2	169
1851	1	Rtr2	172
1852	1	Rtr2	167
1853	1	Rtr2	127
1854	1	Rtr2	113
1855	1	Rtr2	981
1856	1	Rtr2	1804
1857	1	Rtr2	1807
1858	1	Rtr2	1734
1859	1	Rtr2	948
1860	1	Rtr2	189
1861	1	Rtr2	163
1862	1	Rtr2	143
1863	1	Rtr2	119
1864	1	Rtr2	119
1865	1	Rtr2	177
1866	1	Rtr2	162
1867	1	Rtr2	156
1868	1	Rtr2	103
1869	1	Rtr2	103
1870	1	Rtr2	198
1871	1	Rtr2	179
1872	1	Rtr2	170
1873	1	Rtr2	102
1874	1	Rtr2	110
1875	1	Rtr2	176
1876	1	Rtr2	1014
1877	1	Rtr2	1788
1878	1	Rtr2	1741
1879	1	Rtr2	1742
1880	1	Rtr2	1016
1881	1	Rtr2	196
1882	1	Rtr2	181
1883	1	Rtr2	147
1884	1	Rtr2	95
1885	1	Rtr2	188
1886	1	Rtr2	163
1887	1	Rtr2	168
1888	1	Rtr2	103
1889	1	Rtr2	102
1890	1	Rtr2	160
1891	1	Rtr2	325
1892	1	Rtr2	317
1893	1	Rtr2	257
1894	1	Rtr2	259
1895	1	Rtr2	321
1896	1	Rtr2	314
1897	1	Rtr2	1089
1898	1	Rtr2	1719
1899	1	Rtr2	1713
1900	1	Rtr2	1777
1901	1	Rtr2	989
1902	1	Rtr2	191
1903	1	Rtr2	926
1904	1	Rtr2	1726
1905	1	Rtr2	1821
1906	1	Rtr2	1822
1907	1	Rtr2	1015
1908	1	Rtr2	140
1909	1	Rtr2	118
1910	1	Rtr2	199
1911	1	Rtr2	196
1912	1	Rtr2	189
1913	1	Rtr2	105
1914	1	Rtr2	90
1915	1	Rtr2	149
1916	1	Rtr2	178
1917	1	Rtr2	144
1918	1	Rtr2	94
1919	1	Rtr2	88
1920	1	Rtr2	170
1921	1	Rtr2	141
1922	1	Rtr2	136
1923	1	Rtr2	89
1924	1	Rtr2	877
1925	1	Rtr2	1751
1926	1	Rtr2	1750
1927	1	Rtr2	1749
1928	1	Rtr2	921
1929	1	Rtr2	132
1930	1	Rtr2	193
1931	1	Rtr2	175
1932	1	Rtr2	147
1933	1	Rtr2	63
1934	1	Rtr2	79
1935	1	Rtr2	147
1936	1	Rtr2	127
1937	1	Rtr2	303
1938	1	Rtr2	287
1939	1	Rtr2	241
1940	1	Rtr2	303
1941	1	Rtr2	285
1942	1	Rtr2	294
1943	1	Rtr2	217
1944	1	Rtr2	94
1945	1	Rtr2	939
1946	1	Rtr2	1751
1947	1	Rtr2	1756
1948	1	Rtr2	1705
1949	1	Rtr2	921
1950	1	Rtr2	185
1951	1	Rtr2	165
1952	1	Rtr2	172
1953	1	Rtr2	123
1954	1	Rtr2	65
1955	1	Rtr2	154
1956	1	Rtr2	132
1957	1	Rtr2	123
1958	1	Rtr2	139
1959	1	Rtr2	88
1960	1	Rtr2	170
1961	1	Rtr2	164
1962	1	Rtr2	161
1963	1	Rtr2	124
1964	1	Rtr2	93
1965	1	Rtr2	170
1966	1	Rtr2	946
1967	1	Rtr2	1758
1968	1	Rtr2	1713
1969	1	Rtr2	1721
1970	1	Rtr2	1030
1971	1	Rtr2	228
1972	1	Rtr2	185
1973	1	Rtr2	107
1974	1	Rtr2	92
1975	1	Rtr2	170
1976	1	Rtr2	149
1977	1	Rtr2	133
1978	1	Rtr2	92
1979	1	Rtr2	96
1980	1	Rtr2	173
1981	1	Rtr2	174
1982	1	Rtr2	169
1983	1	Rtr2	106
1984	1	Rtr2	124
1985	1	Rtr2	166
1986	1	Rtr2	174
1987	1	Rtr2	968
1988	1	Rtr2	1686
1989	1	Rtr2	1706
1990	1	Rtr2	1756
1991	1	Rtr2	990
1992	1	Rtr2	209
1993	1	Rtr2	266
1994	1	Rtr2	272
1995	1	Rtr2	367
1996	1	Rtr2	359
1997	1	Rtr2	326
1998	1	Rtr2	231
1999	1	Rtr2	252
