0	1	Rtr2	0
1	1	Rtr2	338
2	1	Rtr2	312
3	1	Rtr2	1342
4	1	Rtr2	2411
5	1	Rtr2	2387
6	1	Rtr2	2379
7	1	Rtr2	1329
8	1	Rtr2	145
9	1	Rtr2	133
10	1	Rtr2	259
11	1	Rtr2	263
12	1	Rtr2	221
13	1	Rtr2	111
14	1	Rtr2	125
15	1	Rtr2	189
16	1	Rtr2	205
17	1	Rtr2	193
18	1	Rtr2	93
19	1	Rtr2	80
20	1	Rtr2	151
21	1	Rtr2	172
22	1	Rtr2	143
23	1	Rtr2	135
24	1	Rtr2	1195
25	1	Rtr2	2340
26	1	Rtr2	2358
27	1	Rtr2	2351
28	1	Rtr2	1230
29	1	Rtr2	130
30	1	Rtr2	213
31	1	Rtr2	200
32	1	Rtr2	175
33	1	Rtr2	78
34	1	Rtr2	84
35	1	Rtr2	168
36	1	Rtr2	167
37	1	Rtr2	133
38	1	Rtr2	111
39	1	Rtr2	92
40	1	Rtr2	168
41	1	Rtr2	171
42	1	Rtr2	166
43	1	Rtr2	130
44	1	Rtr2	123
45	1	Rtr2	1266
46	1	Rtr2	2362
47	1	Rtr2	2348
48	1	Rtr2	2283
49	1	Rtr2	1234
50	1	Rtr2	204
51	1	Rtr2	211
52	1	Rtr2	195
53	1	Rtr2	110
54	1	Rtr2	100
55	1	Rtr2	159
56	1	Rtr2	312
57	1	Rtr2	300
58	1	Rtr2	240
59	1	Rtr2	241
60	1	Rtr2	187
61	1	Rtr2	213
62	1	Rtr2	198
63	1	Rtr2	114
64	1	Rtr2	101
65	1	Rtr2	160
66	1	Rtr2	1241
67	1	Rtr2	2320
68	1	Rtr2	2281
69	1	Rtr2	2278
70	1	Rtr2	1263
71	1	Rtr2	201
72	1	Rtr2	173
73	1	Rtr2	121
74	1	Rtr2	119
75	1	Rtr2	182
76	1	Rtr2	180
77	1	Rtr2	175
78	1	Rtr2	126
79	1	Rtr2	109
80	1	Rtr2	189
81	1	Rtr2	194
82	1	Rtr2	153
83	1	Rtr2	70
84	1	Rtr2	77
85	1	Rtr2	148
86	1	Rtr2	144
87	1	Rtr2	1225
88	1	Rtr2	2270
89	1	Rtr2	2272
90	1	Rtr2	2336
91	1	Rtr2	1288
92	1	Rtr2	199
93	1	Rtr2	114
94	1	Rtr2	99
95	1	Rtr2	166
96	1	Rtr2	169
97	1	Rtr2	174
98	1	Rtr2	102
99	1	Rtr2	120
100	1	Rtr2	196
101	1	Rtr2	184
102	1	Rtr2	166
103	1	Rtr2	103
104	1	Rtr2	123
105	1	Rtr2	191
106	1	Rtr2	179
107	1	Rtr2	192
108	1	Rtr2	1196
109	1	Rtr2	2243
110	1	Rtr2	2340
111	1	Rtr2	2466
112	1	Rtr2	1383
113	1	Rtr2	261
114	1	Rtr2	238
115	1	Rtr2	195
116	1	Rtr2	205
117	1	Rtr2	184
118	1	Rtr2	116
119	1	Rtr2	87
120	1	Rtr2	165
121	1	Rtr2	169
122	1	Rtr2	179
123	1	Rtr2	81
124	1	Rtr2	92
125	1	Rtr2	148
126	1	Rtr2	162
127	1	Rtr2	140
128	1	Rtr2	83
129	1	Rtr2	1154
130	1	Rtr2	2281
131	1	Rtr2	2294
132	1	Rtr2	2294
133	1	Rtr2	1190
134	1	Rtr2	145
135	1	Rtr2	196
136	1	Rtr2	203
137	1	Rtr2	174
138	1	Rtr2	64
139	1	Rtr2	61
140	1	Rtr2	139
141	1	Rtr2	127
142	1	Rtr2	112
143	1	Rtr2	81
144	1	Rtr2	69
145	1	Rtr2	149
146	1	Rtr2	151
147	1	Rtr2	132
148	1	Rtr2	90
149	1	Rtr2	83
150	1	Rtr2	1200
151	1	Rtr2	2263
152	1	Rtr2	2274
153	1	Rtr2	2237
154	1	Rtr2	1209
155	1	Rtr2	205
156	1	Rtr2	206
157	1	Rtr2	187
158	1	Rtr2	96
159	1	Rtr2	93
160	1	Rtr2	182
161	1	Rtr2	330
162	1	Rtr2	301
163	1	Rtr2	242
164	1	Rtr2	240
165	1	Rtr2	188
166	1	Rtr2	204
167	1	Rtr2	201
168	1	Rtr2	108
169	1	Rtr2	103
170	1	Rtr2	165
171	1	Rtr2	1222
172	1	Rtr2	2289
173	1	Rtr2	2261
174	1	Rtr2	2239
175	1	Rtr2	1255
176	1	Rtr2	204
177	1	Rtr2	173
178	1	Rtr2	101
179	1	Rtr2	82
180	1	Rtr2	172
181	1	Rtr2	174
182	1	Rtr2	135
183	1	Rtr2	97
184	1	Rtr2	90
185	1	Rtr2	156
186	1	Rtr2	158
187	1	Rtr2	141
188	1	Rtr2	86
189	1	Rtr2	81
190	1	Rtr2	135
191	1	Rtr2	146
192	1	Rtr2	1171
193	1	Rtr2	2229
194	1	Rtr2	2240
195	1	Rtr2	2304
196	1	Rtr2	1263
197	1	Rtr2	195
198	1	Rtr2	115
199	1	Rtr2	87
200	1	Rtr2	150
201	1	Rtr2	129
202	1	Rtr2	141
203	1	Rtr2	73
204	1	Rtr2	97
205	1	Rtr2	185
206	1	Rtr2	180
207	1	Rtr2	159
208	1	Rtr2	102
209	1	Rtr2	97
210	1	Rtr2	139
211	1	Rtr2	168
212	1	Rtr2	151
213	1	Rtr2	1145
214	1	Rtr2	2222
215	1	Rtr2	2284
216	1	Rtr2	2288
217	1	Rtr2	1242
218	1	Rtr2	114
219	1	Rtr2	103
220	1	Rtr2	163
221	1	Rtr2	352
222	1	Rtr2	325
223	1	Rtr2	249
224	1	Rtr2	233
225	1	Rtr2	173
226	1	Rtr2	193
227	1	Rtr2	167
228	1	Rtr2	98
229	1	Rtr2	113
230	1	Rtr2	152
231	1	Rtr2	173
232	1	Rtr2	144
233	1	Rtr2	77
234	1	Rtr2	1127
235	1	Rtr2	2267
236	1	Rtr2	2268
237	1	Rtr2	2268
238	1	Rtr2	1168
239	1	Rtr2	113
240	1	Rtr2	163
241	1	Rtr2	182
242	1	Rtr2	162
243	1	Rtr2	82
244	1	Rtr2	103
245	1	Rtr2	158
246	1	Rtr2	176
247	1	Rtr2	144
248	1	Rtr2	81
249	1	Rtr2	89
250	1	Rtr2	139
251	1	Rtr2	130
252	1	Rtr2	128
253	1	Rtr2	83
254	1	Rtr2	57
255	1	Rtr2	1157
256	1	Rtr2	2217
257	1	Rtr2	2223
258	1	Rtr2	2209
259	1	Rtr2	1169
260	1	Rtr2	184
261	1	Rtr2	174
262	1	Rtr2	178
263	1	Rtr2	124
264	1	Rtr2	104
265	1	Rtr2	162
266	1	Rtr2	342
267	1	Rtr2	305
268	1	Rtr2	249
269	1	Rtr2	243
270	1	Rtr2	171
271	1	Rtr2	185
272	1	Rtr2	185
273	1	Rtr2	89
274	1	Rtr2	105
275	1	Rtr2	159
276	1	Rtr2	1200
277	1	Rtr2	2265
278	1	Rtr2	2207
279	1	Rtr2	2192
280	1	Rtr2	1221
281	1	Rtr2	173
282	1	Rtr2	140
283	1	Rtr2	94
284	1	Rtr2	96
285	1	Rtr2	175
286	1	Rtr2	160
287	1	Rtr2	136
288	1	Rtr2	80
289	1	Rtr2	93
290	1	Rtr2	137
291	1	Rtr2	141
292	1	Rtr2	122
293	1	Rtr2	74
294	1	Rtr2	75
295	1	Rtr2	144
296	1	Rtr2	117
297	1	Rtr2	1166
298	1	Rtr2	2176
299	1	Rtr2	2213
300	1	Rtr2	2265
301	1	Rtr2	1237
302	1	Rtr2	178
303	1	Rtr2	1137
304	1	Rtr2	2166
305	1	Rtr2	2231
306	1	Rtr2	2236
307	1	Rtr2	1206
308	1	Rtr2	147
309	1	Rtr2	108
310	1	Rtr2	173
311	1	Rtr2	173
312	1	Rtr2	134
313	1	Rtr2	71
314	1	Rtr2	73
315	1	Rtr2	149
316	1	Rtr2	131
317	1	Rtr2	121
318	1	Rtr2	69
319	1	Rtr2	78
320	1	Rtr2	120
321	1	Rtr2	305
322	1	Rtr2	262
323	1	Rtr2	230
324	1	Rtr2	1263
325	1	Rtr2	2245
326	1	Rtr2	2247
327	1	Rtr2	2246
328	1	Rtr2	1147
329	1	Rtr2	115
330	1	Rtr2	165
331	1	Rtr2	136
332	1	Rtr2	156
333	1	Rtr2	89
334	1	Rtr2	61
335	1	Rtr2	124
336	1	Rtr2	119
337	1	Rtr2	101
338	1	Rtr2	60
339	1	Rtr2	81
340	1	Rtr2	126
341	1	Rtr2	128
342	1	Rtr2	100
343	1	Rtr2	70
344	1	Rtr2	83
345	1	Rtr2	1156
346	1	Rtr2	2195
347	1	Rtr2	2203
348	1	Rtr2	2173
349	1	Rtr2	1152
350	1	Rtr2	151
351	1	Rtr2	139
352	1	Rtr2	122
353	1	Rtr2	68
354	1	Rtr2	95
355	1	Rtr2	146
356	1	Rtr2	150
357	1	Rtr2	133
358	1	Rtr2	83
359	1	Rtr2	52
360	1	Rtr2	113
361	1	Rtr2	122
362	1	Rtr2	114
363	1	Rtr2	109
364	1	Rtr2	78
365	1	Rtr2	151
366	1	Rtr2	1168
367	1	Rtr2	2192
368	1	Rtr2	2162
369	1	Rtr2	2157
370	1	Rtr2	1192
371	1	Rtr2	151
372	1	Rtr2	138
373	1	Rtr2	90
374	1	Rtr2	73
375	1	Rtr2	136
376	1	Rtr2	348
377	1	Rtr2	304
378	1	Rtr2	257
379	1	Rtr2	265
380	1	Rtr2	171
381	1	Rtr2	147
382	1	Rtr2	138
383	1	Rtr2	78
384	1	Rtr2	69
385	1	Rtr2	125
386	1	Rtr2	133
387	1	Rtr2	1141
388	1	Rtr2	2141
389	1	Rtr2	2164
390	1	Rtr2	2214
391	1	Rtr2	1204
392	1	Rtr2	175
393	1	Rtr2	95
394	1	Rtr2	80
395	1	Rtr2	120
396	1	Rtr2	129
397	1	Rtr2	121
398	1	Rtr2	54
399	1	Rtr2	50
400	1	Rtr2	98
401	1	Rtr2	85
402	1	Rtr2	76
403	1	Rtr2	63
404	1	Rtr2	61
405	1	Rtr2	135
406	1	Rtr2	111
407	1	Rtr2	95
408	1	Rtr2	1089
409	1	Rtr2	2133
410	1	Rtr2	2198
411	1	Rtr2	2203
412	1	Rtr2	1191
413	1	Rtr2	109
414	1	Rtr2	107
415	1	Rtr2	165
416	1	Rtr2	166
417	1	Rtr2	149
418	1	Rtr2	94
419	1	Rtr2	105
420	1	Rtr2	166
421	1	Rtr2	165
422	1	Rtr2	141
423	1	Rtr2	74
424	1	Rtr2	71
425	1	Rtr2	134
426	1	Rtr2	114
427	1	Rtr2	104
428	1	Rtr2	96
429	1	Rtr2	1091
430	1	Rtr2	2175
431	1	Rtr2	2189
432	1	Rtr2	2190
433	1	Rtr2	1346
434	1	Rtr2	258
435	1	Rtr2	313
436	1	Rtr2	278
437	1	Rtr2	151
438	1	Rtr2	81
439	1	Rtr2	91
440	1	Rtr2	140
441	1	Rtr2	137
442	1	Rtr2	114
443	1	Rtr2	86
444	1	Rtr2	87
445	1	Rtr2	127
446	1	Rtr2	134
447	1	Rtr2	142
448	1	Rtr2	77
449	1	Rtr2	66
450	1	Rtr2	1124
451	1	Rtr2	2161
452	1	Rtr2	2164
453	1	Rtr2	2136
454	1	Rtr2	1121
455	1	Rtr2	155
456	1	Rtr2	122
457	1	Rtr2	116
458	1	Rtr2	81
459	1	Rtr2	65
460	1	Rtr2	111
461	1	Rtr2	105
462	1	Rtr2	93
463	1	Rtr2	75
464	1	Rtr2	108
465	1	Rtr2	142
466	1	Rtr2	125
467	1	Rtr2	139
468	1	Rtr2	66
469	1	Rtr2	65
470	1	Rtr2	101
471	1	Rtr2	1122
472	1	Rtr2	2150
473	1	Rtr2	2126
474	1	Rtr2	2126
475	1	Rtr2	1183
476	1	Rtr2	148
477	1	Rtr2	130
478	1	Rtr2	66
479	1	Rtr2	67
480	1	Rtr2	140
481	1	Rtr2	140
482	1	Rtr2	123
483	1	Rtr2	104
484	1	Rtr2	69
485	1	Rtr2	112
486	1	Rtr2	96
487	1	Rtr2	128
488	1	Rtr2	103
489	1	Rtr2	67
490	1	Rtr2	116
491	1	Rtr2	310
492	1	Rtr2	1274
493	1	Rtr2	2269
494	1	Rtr2	2270
495	1	Rtr2	2165
496	1	Rtr2	1190
497	1	Rtr2	147
498	1	Rtr2	99
499	1	Rtr2	82
500	1	Rtr2	133
501	1	Rtr2	134
502	1	Rtr2	134
503	1	Rtr2	68
504	1	Rtr2	70
505	1	Rtr2	117
506	1	Rtr2	96
507	1	Rtr2	95
508	1	Rtr2	65
509	1	Rtr2	61
510	1	Rtr2	126
511	1	Rtr2	126
512	1	Rtr2	103
513	1	Rtr2	1085
514	1	Rtr2	2113
515	1	Rtr2	2172
516	1	Rtr2	2174
517	1	Rtr2	1188
518	1	Rtr2	100
519	1	Rtr2	110
520	1	Rtr2	159
521	1	Rtr2	188
522	1	Rtr2	178
523	1	Rtr2	65
524	1	Rtr2	59
525	1	Rtr2	112
526	1	Rtr2	114
527	1	Rtr2	129
528	1	Rtr2	94
529	1	Rtr2	68
530	1	Rtr2	125
531	1	Rtr2	108
532	1	Rtr2	106
533	1	Rtr2	76
534	1	Rtr2	1070
535	1	Rtr2	2135
536	1	Rtr2	2145
537	1	Rtr2	2137
538	1	Rtr2	1111
539	1	Rtr2	109
540	1	Rtr2	132
541	1	Rtr2	129
542	1	Rtr2	160
543	1	Rtr2	99
544	1	Rtr2	83
545	1	Rtr2	124
546	1	Rtr2	137
547	1	Rtr2	339
548	1	Rtr2	245
549	1	Rtr2	240
550	1	Rtr2	294
551	1	Rtr2	138
552	1	Rtr2	141
553	1	Rtr2	69
554	1	Rtr2	63
555	1	Rtr2	1113
556	1	Rtr2	2108
557	1	Rtr2	2127
558	1	Rtr2	2099
559	1	Rtr2	1114
560	1	Rtr2	168
561	1	Rtr2	115
562	1	Rtr2	113
563	1	Rtr2	55
564	1	Rtr2	296
565	1	Rtr2	318
566	1	Rtr2	324
567	1	Rtr2	309
568	1	Rtr2	117
569	1	Rtr2	98
570	1	Rtr2	127
571	1	Rtr2	148
572	1	Rtr2	129
573	1	Rtr2	58
574	1	Rtr2	61
575	1	Rtr2	113
576	1	Rtr2	1101
577	1	Rtr2	2119
578	1	Rtr2	2100
579	1	Rtr2	2095
580	1	Rtr2	1148
581	1	Rtr2	141
582	1	Rtr2	120
583	1	Rtr2	72
584	1	Rtr2	88
585	1	Rtr2	128
586	1	Rtr2	144
587	1	Rtr2	130
588	1	Rtr2	65
589	1	Rtr2	58
590	1	Rtr2	80
591	1	Rtr2	99
592	1	Rtr2	105
593	1	Rtr2	71
594	1	Rtr2	90
595	1	Rtr2	138
596	1	Rtr2	130
597	1	Rtr2	1126
598	1	Rtr2	2091
599	1	Rtr2	2099
600	1	Rtr2	2145
601	1	Rtr2	1149
602	1	Rtr2	140
603	1	Rtr2	1072
604	1	Rtr2	2072
605	1	Rtr2	2127
606	1	Rtr2	2126
607	1	Rtr2	1158
608	1	Rtr2	98
609	1	Rtr2	87
610	1	Rtr2	139
611	1	Rtr2	113
612	1	Rtr2	104
613	1	Rtr2	79
614	1	Rtr2	51
615	1	Rtr2	96
616	1	Rtr2	86
617	1	Rtr2	89
618	1	Rtr2	49
619	1	Rtr2	53
620	1	Rtr2	80
621	1	Rtr2	77
622	1	Rtr2	73
623	1	Rtr2	313
624	1	Rtr2	1258
625	1	Rtr2	2306
626	1	Rtr2	2298
627	1	Rtr2	2109
628	1	Rtr2	1102
629	1	Rtr2	92
630	1	Rtr2	131
631	1	Rtr2	135
632	1	Rtr2	119
633	1	Rtr2	75
634	1	Rtr2	87
635	1	Rtr2	128
636	1	Rtr2	129
637	1	Rtr2	106
638	1	Rtr2	71
639	1	Rtr2	64
640	1	Rtr2	112
641	1	Rtr2	137
642	1	Rtr2	132
643	1	Rtr2	93
644	1	Rtr2	100
645	1	Rtr2	1124
646	1	Rtr2	2128
647	1	Rtr2	2132
648	1	Rtr2	2067
649	1	Rtr2	1083
650	1	Rtr2	118
651	1	Rtr2	96
652	1	Rtr2	81
653	1	Rtr2	62
654	1	Rtr2	40
655	1	Rtr2	92
656	1	Rtr2	86
657	1	Rtr2	70
658	1	Rtr2	47
659	1	Rtr2	41
660	1	Rtr2	75
661	1	Rtr2	76
662	1	Rtr2	51
663	1	Rtr2	67
664	1	Rtr2	51
665	1	Rtr2	93
666	1	Rtr2	1073
667	1	Rtr2	2076
668	1	Rtr2	2059
669	1	Rtr2	2060
670	1	Rtr2	1119
671	1	Rtr2	120
672	1	Rtr2	100
673	1	Rtr2	85
674	1	Rtr2	61
675	1	Rtr2	89
676	1	Rtr2	81
677	1	Rtr2	63
678	1	Rtr2	57
679	1	Rtr2	306
680	1	Rtr2	341
681	1	Rtr2	333
682	1	Rtr2	329
683	1	Rtr2	76
684	1	Rtr2	81
685	1	Rtr2	128
686	1	Rtr2	114
687	1	Rtr2	1094
688	1	Rtr2	2034
689	1	Rtr2	2053
690	1	Rtr2	2095
691	1	Rtr2	1112
692	1	Rtr2	159
693	1	Rtr2	95
694	1	Rtr2	84
695	1	Rtr2	119
696	1	Rtr2	121
697	1	Rtr2	109
698	1	Rtr2	48
699	1	Rtr2	66
700	1	Rtr2	99
701	1	Rtr2	111
702	1	Rtr2	101
703	1	Rtr2	74
704	1	Rtr2	41
705	1	Rtr2	92
706	1	Rtr2	91
707	1	Rtr2	77
708	1	Rtr2	1055
709	1	Rtr2	2039
710	1	Rtr2	2088
711	1	Rtr2	2086
712	1	Rtr2	1119
713	1	Rtr2	98
714	1	Rtr2	92
715	1	Rtr2	133
716	1	Rtr2	138
717	1	Rtr2	101
718	1	Rtr2	56
719	1	Rtr2	45
720	1	Rtr2	89
721	1	Rtr2	99
722	1	Rtr2	81
723	1	Rtr2	73
724	1	Rtr2	83
725	1	Rtr2	117
726	1	Rtr2	122
727	1	Rtr2	101
728	1	Rtr2	65
729	1	Rtr2	1032
730	1	Rtr2	2058
731	1	Rtr2	2064
732	1	Rtr2	2068
733	1	Rtr2	1072
734	1	Rtr2	89
735	1	Rtr2	111
736	1	Rtr2	96
737	1	Rtr2	116
738	1	Rtr2	49
739	1	Rtr2	42
740	1	Rtr2	76
741	1	Rtr2	80
742	1	Rtr2	349
743	1	Rtr2	289
744	1	Rtr2	288
745	1	Rtr2	324
746	1	Rtr2	126
747	1	Rtr2	128
748	1	Rtr2	50
749	1	Rtr2	55
750	1	Rtr2	1062
751	1	Rtr2	2055
752	1	Rtr2	2058
753	1	Rtr2	2036
754	1	Rtr2	1090
755	1	Rtr2	152
756	1	Rtr2	125
757	1	Rtr2	123
758	1	Rtr2	91
759	1	Rtr2	42
760	1	Rtr2	71
761	1	Rtr2	76
762	1	Rtr2	81
763	1	Rtr2	39
764	1	Rtr2	60
765	1	Rtr2	92
766	1	Rtr2	84
767	1	Rtr2	91
768	1	Rtr2	56
769	1	Rtr2	58
770	1	Rtr2	336
771	1	Rtr2	1262
772	1	Rtr2	2232
773	1	Rtr2	2210
774	1	Rtr2	2033
775	1	Rtr2	1104
776	1	Rtr2	112
777	1	Rtr2	106
778	1	Rtr2	56
779	1	Rtr2	73
780	1	Rtr2	111
781	1	Rtr2	106
782	1	Rtr2	98
783	1	Rtr2	54
784	1	Rtr2	44
785	1	Rtr2	92
786	1	Rtr2	83
787	1	Rtr2	83
788	1	Rtr2	65
789	1	Rtr2	54
790	1	Rtr2	93
791	1	Rtr2	89
792	1	Rtr2	1054
793	1	Rtr2	2006
794	1	Rtr2	2018
795	1	Rtr2	2046
796	1	Rtr2	1094
797	1	Rtr2	129
798	1	Rtr2	69
799	1	Rtr2	60
800	1	Rtr2	99
801	1	Rtr2	116
802	1	Rtr2	100
803	1	Rtr2	59
804	1	Rtr2	70
805	1	Rtr2	104
806	1	Rtr2	105
807	1	Rtr2	113
808	1	Rtr2	56
809	1	Rtr2	56
810	1	Rtr2	80
811	1	Rtr2	79
812	1	Rtr2	87
813	1	Rtr2	1017
814	1	Rtr2	2001
815	1	Rtr2	2038
816	1	Rtr2	2040
817	1	Rtr2	1087
818	1	Rtr2	96
819	1	Rtr2	73
820	1	Rtr2	106
821	1	Rtr2	100
822	1	Rtr2	90
823	1	Rtr2	80
824	1	Rtr2	57
825	1	Rtr2	68
826	1	Rtr2	81
827	1	Rtr2	70
828	1	Rtr2	67
829	1	Rtr2	41
830	1	Rtr2	67
831	1	Rtr2	84
832	1	Rtr2	82
833	1	Rtr2	66
834	1	Rtr2	1008
835	1	Rtr2	2011
836	1	Rtr2	2042
837	1	Rtr2	2041
838	1	Rtr2	1068
839	1	Rtr2	302
840	1	Rtr2	277
841	1	Rtr2	284
842	1	Rtr2	287
843	1	Rtr2	62
844	1	Rtr2	51
845	1	Rtr2	66
846	1	Rtr2	88
847	1	Rtr2	87
848	1	Rtr2	69
849	1	Rtr2	67
850	1	Rtr2	89
851	1	Rtr2	90
852	1	Rtr2	74
853	1	Rtr2	67
854	1	Rtr2	47
855	1	Rtr2	1025
856	1	Rtr2	1999
857	1	Rtr2	2008
858	1	Rtr2	2001
859	1	Rtr2	1052
860	1	Rtr2	107
861	1	Rtr2	102
862	1	Rtr2	98
863	1	Rtr2	82
864	1	Rtr2	65
865	1	Rtr2	100
866	1	Rtr2	97
867	1	Rtr2	95
868	1	Rtr2	68
869	1	Rtr2	26
870	1	Rtr2	63
871	1	Rtr2	52
872	1	Rtr2	60
873	1	Rtr2	63
874	1	Rtr2	57
875	1	Rtr2	82
876	1	Rtr2	1035
877	1	Rtr2	2006
878	1	Rtr2	1990
879	1	Rtr2	1989
880	1	Rtr2	1065
881	1	Rtr2	102
882	1	Rtr2	109
883	1	Rtr2	47
884	1	Rtr2	45
885	1	Rtr2	96
886	1	Rtr2	81
887	1	Rtr2	84
888	1	Rtr2	59
889	1	Rtr2	73
890	1	Rtr2	113
891	1	Rtr2	315
892	1	Rtr2	266
893	1	Rtr2	233
894	1	Rtr2	242
895	1	Rtr2	127
896	1	Rtr2	113
897	1	Rtr2	1060
898	1	Rtr2	1974
899	1	Rtr2	1976
900	1	Rtr2	2006
901	1	Rtr2	1070
902	1	Rtr2	109
903	1	Rtr2	1002
904	1	Rtr2	1967
905	1	Rtr2	2014
906	1	Rtr2	2012
907	1	Rtr2	1055
908	1	Rtr2	78
909	1	Rtr2	63
910	1	Rtr2	92
911	1	Rtr2	95
912	1	Rtr2	106
913	1	Rtr2	66
914	1	Rtr2	38
915	1	Rtr2	68
916	1	Rtr2	62
917	1	Rtr2	61
918	1	Rtr2	40
919	1	Rtr2	36
920	1	Rtr2	57
921	1	Rtr2	73
922	1	Rtr2	58
923	1	Rtr2	67
924	1	Rtr2	995
925	1	Rtr2	1987
926	1	Rtr2	1993
927	1	Rtr2	1992
928	1	Rtr2	1028
929	1	Rtr2	83
930	1	Rtr2	103
931	1	Rtr2	95
932	1	Rtr2	94
933	1	Rtr2	54
934	1	Rtr2	53
935	1	Rtr2	70
936	1	Rtr2	85
937	1	Rtr2	325
938	1	Rtr2	273
939	1	Rtr2	260
940	1	Rtr2	260
941	1	Rtr2	88
942	1	Rtr2	94
943	1	Rtr2	54
944	1	Rtr2	48
945	1	Rtr2	1010
946	1	Rtr2	1969
947	1	Rtr2	1977
948	1	Rtr2	1965
949	1	Rtr2	1016
950	1	Rtr2	95
951	1	Rtr2	79
952	1	Rtr2	65
953	1	Rtr2	53
954	1	Rtr2	49
955	1	Rtr2	71
956	1	Rtr2	74
957	1	Rtr2	62
958	1	Rtr2	58
959	1	Rtr2	21
960	1	Rtr2	47
961	1	Rtr2	46
962	1	Rtr2	54
963	1	Rtr2	61
964	1	Rtr2	60
965	1	Rtr2	80
966	1	Rtr2	1016
967	1	Rtr2	1965
968	1	Rtr2	1950
969	1	Rtr2	1954
970	1	Rtr2	1051
971	1	Rtr2	86
972	1	Rtr2	72
973	1	Rtr2	47
974	1	Rtr2	48
975	1	Rtr2	61
976	1	Rtr2	51
977	1	Rtr2	48
978	1	Rtr2	39
979	1	Rtr2	25
980	1	Rtr2	55
981	1	Rtr2	46
982	1	Rtr2	31
983	1	Rtr2	41
984	1	Rtr2	46
985	1	Rtr2	72
986	1	Rtr2	64
987	1	Rtr2	1011
988	1	Rtr2	1932
989	1	Rtr2	1946
990	1	Rtr2	1972
991	1	Rtr2	1044
992	1	Rtr2	101
993	1	Rtr2	248
994	1	Rtr2	203
995	1	Rtr2	224
996	1	Rtr2	221
997	1	Rtr2	94
998	1	Rtr2	43
999	1	Rtr2	41
1000	1	Rtr2	76
1001	1	Rtr2	301
1002	1	Rtr2	260
1003	1	Rtr2	1174
1004	1	Rtr2	2117
1005	1	Rtr2	1976
1006	1	Rtr2	1972
1007	1	Rtr2	1030
1008	1	Rtr2	66
1009	1	Rtr2	65
1010	1	Rtr2	82
1011	1	Rtr2	99
1012	1	Rtr2	87
1013	1	Rtr2	56
1014	1	Rtr2	39
1015	1	Rtr2	71
1016	1	Rtr2	54
1017	1	Rtr2	62
1018	1	Rtr2	51
1019	1	Rtr2	38
1020	1	Rtr2	72
1021	1	Rtr2	70
1022	1	Rtr2	60
1023	1	Rtr2	55
1024	1	Rtr2	980
1025	1	Rtr2	1948
1026	1	Rtr2	1961
1027	1	Rtr2	1957
1028	1	Rtr2	1008
1029	1	Rtr2	53
1030	1	Rtr2	65
1031	1	Rtr2	59
1032	1	Rtr2	54
1033	1	Rtr2	36
1034	1	Rtr2	38
1035	1	Rtr2	42
1036	1	Rtr2	61
1037	1	Rtr2	46
1038	1	Rtr2	22
1039	1	Rtr2	42
1040	1	Rtr2	56
1041	1	Rtr2	65
1042	1	Rtr2	51
1043	1	Rtr2	45
1044	1	Rtr2	48
1045	1	Rtr2	992
1046	1	Rtr2	1934
1047	1	Rtr2	1942
1048	1	Rtr2	1928
1049	1	Rtr2	1004
1050	1	Rtr2	79
1051	1	Rtr2	76
1052	1	Rtr2	83
1053	1	Rtr2	44
1054	1	Rtr2	25
1055	1	Rtr2	49
1056	1	Rtr2	288
1057	1	Rtr2	239
1058	1	Rtr2	238
1059	1	Rtr2	227
1060	1	Rtr2	89
1061	1	Rtr2	83
1062	1	Rtr2	73
1063	1	Rtr2	44
1064	1	Rtr2	30
1065	1	Rtr2	47
1066	1	Rtr2	976
1067	1	Rtr2	1914
1068	1	Rtr2	1919
1069	1	Rtr2	1925
1070	1	Rtr2	1026
1071	1	Rtr2	89
1072	1	Rtr2	76
1073	1	Rtr2	49
1074	1	Rtr2	54
1075	1	Rtr2	73
1076	1	Rtr2	66
1077	1	Rtr2	80
1078	1	Rtr2	47
1079	1	Rtr2	33
1080	1	Rtr2	47
1081	1	Rtr2	39
1082	1	Rtr2	38
1083	1	Rtr2	38
1084	1	Rtr2	34
1085	1	Rtr2	60
1086	1	Rtr2	55
1087	1	Rtr2	989
1088	1	Rtr2	1904
1089	1	Rtr2	1916
1090	1	Rtr2	1935
1091	1	Rtr2	1011
1092	1	Rtr2	77
1093	1	Rtr2	71
1094	1	Rtr2	44
1095	1	Rtr2	64
1096	1	Rtr2	71
1097	1	Rtr2	61
1098	1	Rtr2	33
1099	1	Rtr2	31
1100	1	Rtr2	46
1101	1	Rtr2	51
1102	1	Rtr2	46
1103	1	Rtr2	33
1104	1	Rtr2	35
1105	1	Rtr2	53
1106	1	Rtr2	64
1107	1	Rtr2	35
1108	1	Rtr2	967
1109	1	Rtr2	1893
1110	1	Rtr2	1925
1111	1	Rtr2	2157
1112	1	Rtr2	1182
1113	1	Rtr2	223
1114	1	Rtr2	213
1115	1	Rtr2	60
1116	1	Rtr2	71
1117	1	Rtr2	56
1118	1	Rtr2	40
1119	1	Rtr2	39
1120	1	Rtr2	47
1121	1	Rtr2	52
1122	1	Rtr2	48
1123	1	Rtr2	37
1124	1	Rtr2	36
1125	1	Rtr2	59
1126	1	Rtr2	58
1127	1	Rtr2	53
1128	1	Rtr2	39
1129	1	Rtr2	965
1130	1	Rtr2	1919
1131	1	Rtr2	1923
1132	1	Rtr2	1927
1133	1	Rtr2	991
1134	1	Rtr2	59
1135	1	Rtr2	63
1136	1	Rtr2	62
1137	1	Rtr2	52
1138	1	Rtr2	24
1139	1	Rtr2	31
1140	1	Rtr2	44
1141	1	Rtr2	59
1142	1	Rtr2	54
1143	1	Rtr2	35
1144	1	Rtr2	33
1145	1	Rtr2	43
1146	1	Rtr2	54
1147	1	Rtr2	45
1148	1	Rtr2	40
1149	1	Rtr2	34
1150	1	Rtr2	964
1151	1	Rtr2	1889
1152	1	Rtr2	1907
1153	1	Rtr2	1894
1154	1	Rtr2	982
1155	1	Rtr2	75
1156	1	Rtr2	65
1157	1	Rtr2	45
1158	1	Rtr2	36
1159	1	Rtr2	45
1160	1	Rtr2	56
1161	1	Rtr2	341
1162	1	Rtr2	285
1163	1	Rtr2	251
1164	1	Rtr2	258
1165	1	Rtr2	58
1166	1	Rtr2	43
1167	1	Rtr2	34
1168	1	Rtr2	22
1169	1	Rtr2	35
1170	1	Rtr2	47
1171	1	Rtr2	957
1172	1	Rtr2	1886
1173	1	Rtr2	1886
1174	1	Rtr2	1892
1175	1	Rtr2	997
1176	1	Rtr2	86
1177	1	Rtr2	59
1178	1	Rtr2	23
1179	1	Rtr2	29
1180	1	Rtr2	43
1181	1	Rtr2	34
1182	1	Rtr2	39
1183	1	Rtr2	25
1184	1	Rtr2	16
1185	1	Rtr2	49
1186	1	Rtr2	24
1187	1	Rtr2	38
1188	1	Rtr2	38
1189	1	Rtr2	48
1190	1	Rtr2	59
1191	1	Rtr2	56
1192	1	Rtr2	962
1193	1	Rtr2	1876
1194	1	Rtr2	1879
1195	1	Rtr2	1901
1196	1	Rtr2	988
1197	1	Rtr2	75
1198	1	Rtr2	57
1199	1	Rtr2	52
1200	1	Rtr2	56
1201	1	Rtr2	43
1202	1	Rtr2	41
1203	1	Rtr2	32
1204	1	Rtr2	28
1205	1	Rtr2	36
1206	1	Rtr2	32
1207	1	Rtr2	22
1208	1	Rtr2	23
1209	1	Rtr2	37
1210	1	Rtr2	39
1211	1	Rtr2	51
1212	1	Rtr2	40
1213	1	Rtr2	946
1214	1	Rtr2	1863
1215	1	Rtr2	1897
1216	1	Rtr2	1898
1217	1	Rtr2	982
1218	1	Rtr2	55
1219	1	Rtr2	39
1220	1	Rtr2	45
1221	1	Rtr2	369
1222	1	Rtr2	296
1223	1	Rtr2	275
1224	1	Rtr2	262
1225	1	Rtr2	57
1226	1	Rtr2	61
1227	1	Rtr2	48
1228	1	Rtr2	23
1229	1	Rtr2	21
1230	1	Rtr2	29
1231	1	Rtr2	42
1232	1	Rtr2	39
1233	1	Rtr2	32
1234	1	Rtr2	937
1235	1	Rtr2	1877
1236	1	Rtr2	1884
1237	1	Rtr2	1877
1238	1	Rtr2	965
1239	1	Rtr2	48
1240	1	Rtr2	35
1241	1	Rtr2	53
1242	1	Rtr2	40
1243	1	Rtr2	27
1244	1	Rtr2	17
1245	1	Rtr2	29
1246	1	Rtr2	41
1247	1	Rtr2	20
1248	1	Rtr2	17
1249	1	Rtr2	30
1250	1	Rtr2	33
1251	1	Rtr2	38
1252	1	Rtr2	47
1253	1	Rtr2	27
1254	1	Rtr2	17
1255	1	Rtr2	941
1256	1	Rtr2	1849
1257	1	Rtr2	1858
1258	1	Rtr2	1860
1259	1	Rtr2	957
1260	1	Rtr2	46
1261	1	Rtr2	35
1262	1	Rtr2	32
1263	1	Rtr2	22
1264	1	Rtr2	28
1265	1	Rtr2	25
1266	1	Rtr2	362
1267	1	Rtr2	294
1268	1	Rtr2	277
1269	1	Rtr2	263
1270	1	Rtr2	29
1271	1	Rtr2	31
1272	1	Rtr2	24
1273	1	Rtr2	20
1274	1	Rtr2	26
1275	1	Rtr2	30
1276	1	Rtr2	935
1277	1	Rtr2	1843
1278	1	Rtr2	1850
1279	1	Rtr2	1851
1280	1	Rtr2	970
1281	1	Rtr2	57
1282	1	Rtr2	59
1283	1	Rtr2	29
1284	1	Rtr2	22
1285	1	Rtr2	35
1286	1	Rtr2	34
1287	1	Rtr2	23
1288	1	Rtr2	18
1289	1	Rtr2	25
1290	1	Rtr2	33
1291	1	Rtr2	27
1292	1	Rtr2	19
1293	1	Rtr2	20
1294	1	Rtr2	28
1295	1	Rtr2	29
1296	1	Rtr2	26
1297	1	Rtr2	932
1298	1	Rtr2	1823
1299	1	Rtr2	1844
1300	1	Rtr2	1858
1301	1	Rtr2	953
1302	1	Rtr2	37
1303	1	Rtr2	923
1304	1	Rtr2	1832
1305	1	Rtr2	1851
1306	1	Rtr2	1857
1307	1	Rtr2	954
1308	1	Rtr2	42
1309	1	Rtr2	26
1310	1	Rtr2	35
1311	1	Rtr2	31
1312	1	Rtr2	22
1313	1	Rtr2	23
1314	1	Rtr2	18
1315	1	Rtr2	22
1316	1	Rtr2	27
1317	1	Rtr2	22
1318	1	Rtr2	15
1319	1	Rtr2	16
1320	1	Rtr2	23
1321	1	Rtr2	289
1322	1	Rtr2	242
1323	1	Rtr2	220
1324	1	Rtr2	1104
1325	1	Rtr2	1841
1326	1	Rtr2	1847
1327	1	Rtr2	1844
1328	1	Rtr2	944
1329	1	Rtr2	31
1330	1	Rtr2	39
1331	1	Rtr2	34
1332	1	Rtr2	25
1333	1	Rtr2	25
1334	1	Rtr2	24
1335	1	Rtr2	32
1336	1	Rtr2	32
1337	1	Rtr2	17
1338	1	Rtr2	33
1339	1	Rtr2	23
1340	1	Rtr2	29
1341	1	Rtr2	17
1342	1	Rtr2	22
1343	1	Rtr2	22
1344	1	Rtr2	15
1345	1	Rtr2	916
1346	1	Rtr2	1811
1347	1	Rtr2	1832
1348	1	Rtr2	1819
1349	1	Rtr2	940
1350	1	Rtr2	42
1351	1	Rtr2	35
1352	1	Rtr2	23
1353	1	Rtr2	25
1354	1	Rtr2	18
1355	1	Rtr2	27
1356	1	Rtr2	36
1357	1	Rtr2	36
1358	1	Rtr2	15
1359	1	Rtr2	17
1360	1	Rtr2	27
1361	1	Rtr2	30
1362	1	Rtr2	22
1363	1	Rtr2	16
1364	1	Rtr2	31
1365	1	Rtr2	36
1366	1	Rtr2	918
1367	1	Rtr2	1809
1368	1	Rtr2	1821
1369	1	Rtr2	1820
1370	1	Rtr2	945
1371	1	Rtr2	46
1372	1	Rtr2	29
1373	1	Rtr2	20
1374	1	Rtr2	20
1375	1	Rtr2	36
1376	1	Rtr2	324
1377	1	Rtr2	263
1378	1	Rtr2	248
1379	1	Rtr2	224
1380	1	Rtr2	20
1381	1	Rtr2	24
1382	1	Rtr2	19
1383	1	Rtr2	18
1384	1	Rtr2	20
1385	1	Rtr2	13
1386	1	Rtr2	19
1387	1	Rtr2	910
1388	1	Rtr2	1805
1389	1	Rtr2	1813
1390	1	Rtr2	1828
1391	1	Rtr2	942
1392	1	Rtr2	47
1393	1	Rtr2	26
1394	1	Rtr2	19
1395	1	Rtr2	26
1396	1	Rtr2	27
1397	1	Rtr2	15
1398	1	Rtr2	18
1399	1	Rtr2	22
1400	1	Rtr2	19
1401	1	Rtr2	23
1402	1	Rtr2	35
1403	1	Rtr2	22
1404	1	Rtr2	24
1405	1	Rtr2	20
1406	1	Rtr2	23
1407	1	Rtr2	22
1408	1	Rtr2	907
1409	1	Rtr2	1789
1410	1	Rtr2	1811
1411	1	Rtr2	1808
1412	1	Rtr2	925
1413	1	Rtr2	30
1414	1	Rtr2	17
1415	1	Rtr2	21
1416	1	Rtr2	25
1417	1	Rtr2	23
1418	1	Rtr2	16
1419	1	Rtr2	12
1420	1	Rtr2	22
1421	1	Rtr2	24
1422	1	Rtr2	21
1423	1	Rtr2	20
1424	1	Rtr2	19
1425	1	Rtr2	20
1426	1	Rtr2	26
1427	1	Rtr2	20
1428	1	Rtr2	24
1429	1	Rtr2	901
1430	1	Rtr2	1800
1431	1	Rtr2	1801
1432	1	Rtr2	1811
1433	1	Rtr2	1239
1434	1	Rtr2	295
1435	1	Rtr2	278
1436	1	Rtr2	260
1437	1	Rtr2	37
1438	1	Rtr2	22
1439	1	Rtr2	21
1440	1	Rtr2	22
1441	1	Rtr2	19
1442	1	Rtr2	18
1443	1	Rtr2	16
1444	1	Rtr2	16
1445	1	Rtr2	22
1446	1	Rtr2	15
1447	1	Rtr2	13
1448	1	Rtr2	21
1449	1	Rtr2	18
1450	1	Rtr2	898
1451	1	Rtr2	1780
1452	1	Rtr2	1789
1453	1	Rtr2	1793
1454	1	Rtr2	919
1455	1	Rtr2	29
1456	1	Rtr2	18
1457	1	Rtr2	27
1458	1	Rtr2	15
1459	1	Rtr2	16
1460	1	Rtr2	19
1461	1	Rtr2	17
1462	1	Rtr2	17
1463	1	Rtr2	17
1464	1	Rtr2	16
1465	1	Rtr2	22
1466	1	Rtr2	15
1467	1	Rtr2	16
1468	1	Rtr2	15
1469	1	Rtr2	13
1470	1	Rtr2	17
1471	1	Rtr2	894
1472	1	Rtr2	1777
1473	1	Rtr2	1781
1474	1	Rtr2	1791
1475	1	Rtr2	925
1476	1	Rtr2	41
1477	1	Rtr2	27
1478	1	Rtr2	16
1479	1	Rtr2	20
1480	1	Rtr2	16
1481	1	Rtr2	14
1482	1	Rtr2	19
1483	1	Rtr2	15
1484	1	Rtr2	13
1485	1	Rtr2	16
1486	1	Rtr2	16
1487	1	Rtr2	17
1488	1	Rtr2	17
1489	1	Rtr2	14
1490	1	Rtr2	11
1491	1	Rtr2	313
1492	1	Rtr2	1114
1493	1	Rtr2	1979
1494	1	Rtr2	1978
1495	1	Rtr2	1792
1496	1	Rtr2	906
1497	1	Rtr2	35
1498	1	Rtr2	21
1499	1	Rtr2	15
1500	1	Rtr2	11
1501	1	Rtr2	17
1502	1	Rtr2	16
1503	1	Rtr2	27
1504	1	Rtr2	14
1505	1	Rtr2	15
1506	1	Rtr2	16
1507	1	Rtr2	18
1508	1	Rtr2	13
1509	1	Rtr2	20
1510	1	Rtr2	19
1511	1	Rtr2	18
1512	1	Rtr2	18
1513	1	Rtr2	880
1514	1	Rtr2	1763
1515	1	Rtr2	1776
1516	1	Rtr2	1780
1517	1	Rtr2	910
1518	1	Rtr2	26
1519	1	Rtr2	16
1520	1	Rtr2	15
1521	1	Rtr2	18
1522	1	Rtr2	15
1523	1	Rtr2	17
1524	1	Rtr2	15
1525	1	Rtr2	14
1526	1	Rtr2	14
1527	1	Rtr2	14
1528	1	Rtr2	16
1529	1	Rtr2	9
1530	1	Rtr2	13
1531	1	Rtr2	21
1532	1	Rtr2	19
1533	1	Rtr2	15
1534	1	Rtr2	884
1535	1	Rtr2	1761
1536	1	Rtr2	1777
1537	1	Rtr2	1772
1538	1	Rtr2	898
1539	1	Rtr2	27
1540	1	Rtr2	21
1541	1	Rtr2	14
1542	1	Rtr2	16
1543	1	Rtr2	17
1544	1	Rtr2	18
1545	1	Rtr2	13
1546	1	Rtr2	13
1547	1	Rtr2	294
1548	1	Rtr2	212
1549	1	Rtr2	201
1550	1	Rtr2	199
1551	1	Rtr2	21
1552	1	Rtr2	16
1553	1	Rtr2	14
1554	1	Rtr2	11
1555	1	Rtr2	878
1556	1	Rtr2	1750
1557	1	Rtr2	1754
1558	1	Rtr2	1761
1559	1	Rtr2	892
1560	1	Rtr2	21
1561	1	Rtr2	14
1562	1	Rtr2	16
1563	1	Rtr2	16
1564	1	Rtr2	284
1565	1	Rtr2	239
1566	1	Rtr2	223
1567	1	Rtr2	220
1568	1	Rtr2	26
1569	1	Rtr2	17
1570	1	Rtr2	17
1571	1	Rtr2	16
1572	1	Rtr2	14
1573	1	Rtr2	18
1574	1	Rtr2	17
1575	1	Rtr2	17
1576	1	Rtr2	879
1577	1	Rtr2	1750
1578	1	Rtr2	1754
1579	1	Rtr2	1754
1580	1	Rtr2	903
1581	1	Rtr2	35
1582	1	Rtr2	25
1583	1	Rtr2	16
1584	1	Rtr2	8
1585	1	Rtr2	14
1586	1	Rtr2	16
1587	1	Rtr2	17
1588	1	Rtr2	14
1589	1	Rtr2	11
1590	1	Rtr2	17
1591	1	Rtr2	23
1592	1	Rtr2	13
1593	1	Rtr2	14
1594	1	Rtr2	11
1595	1	Rtr2	15
1596	1	Rtr2	11
1597	1	Rtr2	875
1598	1	Rtr2	1733
1599	1	Rtr2	1749
1600	1	Rtr2	1756
1601	1	Rtr2	892
1602	1	Rtr2	37
1603	1	Rtr2	871
1604	1	Rtr2	1727
1605	1	Rtr2	1744
1606	1	Rtr2	1745
1607	1	Rtr2	888
1608	1	Rtr2	24
1609	1	Rtr2	17
1610	1	Rtr2	14
1611	1	Rtr2	15
1612	1	Rtr2	11
1613	1	Rtr2	13
1614	1	Rtr2	14
1615	1	Rtr2	11
1616	1	Rtr2	15
1617	1	Rtr2	17
1618	1	Rtr2	12
1619	1	Rtr2	12
1620	1	Rtr2	12
1621	1	Rtr2	13
1622	1	Rtr2	12
1623	1	Rtr2	352
1624	1	Rtr2	1132
1625	1	Rtr2	1985
1626	1	Rtr2	1986
1627	1	Rtr2	1743
1628	1	Rtr2	882
1629	1	Rtr2	22
1630	1	Rtr2	16
1631	1	Rtr2	16
1632	1	Rtr2	13
1633	1	Rtr2	10
1634	1	Rtr2	11
1635	1	Rtr2	18
1636	1	Rtr2	15
1637	1	Rtr2	13
1638	1	Rtr2	12
1639	1	Rtr2	16
1640	1	Rtr2	14
1641	1	Rtr2	16
1642	1	Rtr2	15
1643	1	Rtr2	13
1644	1	Rtr2	18
1645	1	Rtr2	858
1646	1	Rtr2	1708
1647	1	Rtr2	1729
1648	1	Rtr2	1726
1649	1	Rtr2	886
1650	1	Rtr2	29
1651	1	Rtr2	13
1652	1	Rtr2	14
1653	1	Rtr2	13
1654	1	Rtr2	9
1655	1	Rtr2	12
1656	1	Rtr2	11
1657	1	Rtr2	13
1658	1	Rtr2	18
1659	1	Rtr2	8
1660	1	Rtr2	15
1661	1	Rtr2	15
1662	1	Rtr2	13
1663	1	Rtr2	12
1664	1	Rtr2	13
1665	1	Rtr2	17
1666	1	Rtr2	860
1667	1	Rtr2	1714
1668	1	Rtr2	1719
1669	1	Rtr2	1717
1670	1	Rtr2	877
1671	1	Rtr2	26
1672	1	Rtr2	15
1673	1	Rtr2	13
1674	1	Rtr2	17
1675	1	Rtr2	15
1676	1	Rtr2	17
1677	1	Rtr2	14
1678	1	Rtr2	14
1679	1	Rtr2	336
1680	1	Rtr2	284
1681	1	Rtr2	270
1682	1	Rtr2	265
1683	1	Rtr2	22
1684	1	Rtr2	14
1685	1	Rtr2	15
1686	1	Rtr2	9
1687	1	Rtr2	855
1688	1	Rtr2	1705
1689	1	Rtr2	1713
1690	1	Rtr2	1721
1691	1	Rtr2	876
1692	1	Rtr2	32
1693	1	Rtr2	13
1694	1	Rtr2	11
1695	1	Rtr2	13
1696	1	Rtr2	13
1697	1	Rtr2	11
1698	1	Rtr2	15
1699	1	Rtr2	11
1700	1	Rtr2	9
1701	1	Rtr2	15
1702	1	Rtr2	13
1703	1	Rtr2	8
1704	1	Rtr2	10
1705	1	Rtr2	15
1706	1	Rtr2	8
1707	1	Rtr2	13
1708	1	Rtr2	853
1709	1	Rtr2	1694
1710	1	Rtr2	1707
1711	1	Rtr2	1711
1712	1	Rtr2	871
1713	1	Rtr2	21
1714	1	Rtr2	12
1715	1	Rtr2	13
1716	1	Rtr2	13
1717	1	Rtr2	11
1718	1	Rtr2	16
1719	1	Rtr2	13
1720	1	Rtr2	15
1721	1	Rtr2	10
1722	1	Rtr2	11
1723	1	Rtr2	12
1724	1	Rtr2	14
1725	1	Rtr2	11
1726	1	Rtr2	15
1727	1	Rtr2	12
1728	1	Rtr2	12
1729	1	Rtr2	846
1730	1	Rtr2	1691
1731	1	Rtr2	1697
1732	1	Rtr2	1698
1733	1	Rtr2	862
1734	1	Rtr2	22
1735	1	Rtr2	14
1736	1	Rtr2	11
1737	1	Rtr2	15
1738	1	Rtr2	13
1739	1	Rtr2	15
1740	1	Rtr2	9
1741	1	Rtr2	12
1742	1	Rtr2	322
1743	1	Rtr2	247
1744	1	Rtr2	243
1745	1	Rtr2	236
1746	1	Rtr2	15
1747	1	Rtr2	5
1748	1	Rtr2	10
1749	1	Rtr2	8
1750	1	Rtr2	843
1751	1	Rtr2	1683
1752	1	Rtr2	1694
1753	1	Rtr2	1685
1754	1	Rtr2	857
1755	1	Rtr2	21
1756	1	Rtr2	11
1757	1	Rtr2	11
1758	1	Rtr2	14
1759	1	Rtr2	12
1760	1	Rtr2	16
1761	1	Rtr2	11
1762	1	Rtr2	12
1763	1	Rtr2	14
1764	1	Rtr2	10
1765	1	Rtr2	15
1766	1	Rtr2	8
1767	1	Rtr2	15
1768	1	Rtr2	13
1769	1	Rtr2	10
1770	1	Rtr2	312
1771	1	Rtr2	1061
1772	1	Rtr2	1892
1773	1	Rtr2	1898
1774	1	Rtr2	1693
1775	1	Rtr2	859
1776	1	Rtr2	22
1777	1	Rtr2	13
1778	1	Rtr2	10
1779	1	Rtr2	8
1780	1	Rtr2	14
1781	1	Rtr2	16
1782	1	Rtr2	13
1783	1	Rtr2	11
1784	1	Rtr2	14
1785	1	Rtr2	12
1786	1	Rtr2	12
1787	1	Rtr2	14
1788	1	Rtr2	9
1789	1	Rtr2	15
1790	1	Rtr2	10
1791	1	Rtr2	11
1792	1	Rtr2	836
1793	1	Rtr2	1664
1794	1	Rtr2	1677
1795	1	Rtr2	1678
1796	1	Rtr2	856
1797	1	Rtr2	18
1798	1	Rtr2	12
1799	1	Rtr2	10
1800	1	Rtr2	8
1801	1	Rtr2	6
1802	1	Rtr2	12
1803	1	Rtr2	9
1804	1	Rtr2	6
1805	1	Rtr2	12
1806	1	Rtr2	15
1807	1	Rtr2	13
1808	1	Rtr2	12
1809	1	Rtr2	10
1810	1	Rtr2	11
1811	1	Rtr2	11
1812	1	Rtr2	8
1813	1	Rtr2	835
1814	1	Rtr2	1665
1815	1	Rtr2	1674
1816	1	Rtr2	1678
1817	1	Rtr2	854
1818	1	Rtr2	16
1819	1	Rtr2	10
1820	1	Rtr2	9
1821	1	Rtr2	9
1822	1	Rtr2	7
1823	1	Rtr2	12
1824	1	Rtr2	8
1825	1	Rtr2	11
1826	1	Rtr2	8
1827	1	Rtr2	10
1828	1	Rtr2	7
1829	1	Rtr2	12
1830	1	Rtr2	8
1831	1	Rtr2	11
1832	1	Rtr2	8
1833	1	Rtr2	7
1834	1	Rtr2	832
1835	1	Rtr2	1660
1836	1	Rtr2	1668
1837	1	Rtr2	1671
1838	1	Rtr2	846
1839	1	Rtr2	356
1840	1	Rtr2	290
1841	1	Rtr2	289
1842	1	Rtr2	286
1843	1	Rtr2	24
1844	1	Rtr2	9
1845	1	Rtr2	12
1846	1	Rtr2	9
1847	1	Rtr2	12
1848	1	Rtr2	11
1849	1	Rtr2	13
1850	1	Rtr2	9
1851	1	Rtr2	9
1852	1	Rtr2	10
1853	1	Rtr2	10
1854	1	Rtr2	9
1855	1	Rtr2	827
1856	1	Rtr2	1651
1857	1	Rtr2	1662
1858	1	Rtr2	1658
1859	1	Rtr2	841
1860	1	Rtr2	14
1861	1	Rtr2	7
1862	1	Rtr2	10
1863	1	Rtr2	8
1864	1	Rtr2	10
1865	1	Rtr2	6
1866	1	Rtr2	11
1867	1	Rtr2	8
1868	1	Rtr2	9
1869	1	Rtr2	8
1870	1	Rtr2	12
1871	1	Rtr2	9
1872	1	Rtr2	12
1873	1	Rtr2	11
1874	1	Rtr2	9
1875	1	Rtr2	9
1876	1	Rtr2	820
1877	1	Rtr2	1642
1878	1	Rtr2	1660
1879	1	Rtr2	1652
1880	1	Rtr2	840
1881	1	Rtr2	23
1882	1	Rtr2	10
1883	1	Rtr2	10
1884	1	Rtr2	13
1885	1	Rtr2	12
1886	1	Rtr2	9
1887	1	Rtr2	9
1888	1	Rtr2	13
1889	1	Rtr2	10
1890	1	Rtr2	11
1891	1	Rtr2	319
1892	1	Rtr2	248
1893	1	Rtr2	240
1894	1	Rtr2	232
1895	1	Rtr2	16
1896	1	Rtr2	7
1897	1	Rtr2	822
1898	1	Rtr2	1636
1899	1	Rtr2	1644
1900	1	Rtr2	1651
1901	1	Rtr2	839
1902	1	Rtr2	18
1903	1	Rtr2	818
1904	1	Rtr2	1631
1905	1	Rtr2	1640
1906	1	Rtr2	1638
1907	1	Rtr2	832
1908	1	Rtr2	19
1909	1	Rtr2	8
1910	1	Rtr2	8
1911	1	Rtr2	13
1912	1	Rtr2	10
1913	1	Rtr2	12
1914	1	Rtr2	10
1915	1	Rtr2	9
1916	1	Rtr2	8
1917	1	Rtr2	9
1918	1	Rtr2	12
1919	1	Rtr2	9
1920	1	Rtr2	9
1921	1	Rtr2	9
1922	1	Rtr2	8
1923	1	Rtr2	9
1924	1	Rtr2	815
1925	1	Rtr2	1624
1926	1	Rtr2	1633
1927	1	Rtr2	1629
1928	1	Rtr2	830
1929	1	Rtr2	15
1930	1	Rtr2	9
1931	1	Rtr2	11
1932	1	Rtr2	8
1933	1	Rtr2	14
1934	1	Rtr2	9
1935	1	Rtr2	6
1936	1	Rtr2	8
1937	1	Rtr2	391
1938	1	Rtr2	310
1939	1	Rtr2	294
1940	1	Rtr2	292
1941	1	Rtr2	16
1942	1	Rtr2	7
1943	1	Rtr2	7
1944	1	Rtr2	7
1945	1	Rtr2	810
1946	1	Rtr2	1618
1947	1	Rtr2	1629
1948	1	Rtr2	1628
1949	1	Rtr2	825
1950	1	Rtr2	21
1951	1	Rtr2	12
1952	1	Rtr2	10
1953	1	Rtr2	10
1954	1	Rtr2	6
1955	1	Rtr2	10
1956	1	Rtr2	8
1957	1	Rtr2	9
1958	1	Rtr2	6
1959	1	Rtr2	10
1960	1	Rtr2	10
1961	1	Rtr2	6
1962	1	Rtr2	7
1963	1	Rtr2	9
1964	1	Rtr2	7
1965	1	Rtr2	6
1966	1	Rtr2	807
1967	1	Rtr2	1613
1968	1	Rtr2	1620
1969	1	Rtr2	1619
1970	1	Rtr2	823
1971	1	Rtr2	17
1972	1	Rtr2	7
1973	1	Rtr2	11
1974	1	Rtr2	8
1975	1	Rtr2	10
1976	1	Rtr2	8
1977	1	Rtr2	6
1978	1	Rtr2	7
1979	1	Rtr2	10
1980	1	Rtr2	11
1981	1	Rtr2	8
1982	1	Rtr2	8
1983	1	Rtr2	6
1984	1	Rtr2	10
1985	1	Rtr2	10
1986	1	Rtr2	6
1987	1	Rtr2	799
1988	1	Rtr2	1604
1989	1	Rtr2	1616
1990	1	Rtr2	1613
1991	1	Rtr2	821
1992	1	Rtr2	15
1993	1	Rtr2	349
1994	1	Rtr2	269
1995	1	Rtr2	266
1996	1	Rtr2	260
1997	1	Rtr2	15
1998	1	Rtr2	11
1999	1	Rtr2	8
