0	1	Rtr2	0
1	1	Rtr2	338
2	1	Rtr2	377
3	1	Rtr2	1440
4	1	Rtr2	2496
5	1	Rtr2	2582
6	1	Rtr2	2565
7	1	Rtr2	1529
8	1	Rtr2	178
9	1	Rtr2	128
10	1	Rtr2	233
11	1	Rtr2	231
12	1	Rtr2	210
13	1	Rtr2	110
14	1	Rtr2	103
15	1	Rtr2	164
16	1	Rtr2	163
17	1	Rtr2	145
18	1	Rtr2	80
19	1	Rtr2	80
20	1	Rtr2	155
21	1	Rtr2	159
22	1	Rtr2	130
23	1	Rtr2	115
24	1	Rtr2	1184
25	1	Rtr2	2344
26	1	Rtr2	2353
27	1	Rtr2	2351
28	1	Rtr2	1219
29	1	Rtr2	116
30	1	Rtr2	194
31	1	Rtr2	165
32	1	Rtr2	181
33	1	Rtr2	108
34	1	Rtr2	104
35	1	Rtr2	167
36	1	Rtr2	163
37	1	Rtr2	155
38	1	Rtr2	93
39	1	Rtr2	72
40	1	Rtr2	131
41	1	Rtr2	127
42	1	Rtr2	122
43	1	Rtr2	100
44	1	Rtr2	136
45	1	Rtr2	1280
46	1	Rtr2	2361
47	1	Rtr2	2357
48	1	Rtr2	2284
49	1	Rtr2	1232
50	1	Rtr2	203
51	1	Rtr2	204
52	1	Rtr2	178
53	1	Rtr2	87
54	1	Rtr2	82
55	1	Rtr2	162
56	1	Rtr2	303
57	1	Rtr2	325
58	1	Rtr2	259
59	1	Rtr2	244
60	1	Rtr2	296
61	1	Rtr2	310
62	1	Rtr2	315
63	1	Rtr2	102
64	1	Rtr2	79
65	1	Rtr2	155
66	1	Rtr2	1246
67	1	Rtr2	2306
68	1	Rtr2	2289
69	1	Rtr2	2299
70	1	Rtr2	1278
71	1	Rtr2	203
72	1	Rtr2	176
73	1	Rtr2	87
74	1	Rtr2	76
75	1	Rtr2	139
76	1	Rtr2	136
77	1	Rtr2	112
78	1	Rtr2	102
79	1	Rtr2	80
80	1	Rtr2	146
81	1	Rtr2	149
82	1	Rtr2	114
83	1	Rtr2	66
84	1	Rtr2	78
85	1	Rtr2	125
86	1	Rtr2	111
87	1	Rtr2	1204
88	1	Rtr2	2273
89	1	Rtr2	2278
90	1	Rtr2	2332
91	1	Rtr2	1287
92	1	Rtr2	196
93	1	Rtr2	121
94	1	Rtr2	102
95	1	Rtr2	166
96	1	Rtr2	173
97	1	Rtr2	157
98	1	Rtr2	99
99	1	Rtr2	109
100	1	Rtr2	183
101	1	Rtr2	169
102	1	Rtr2	161
103	1	Rtr2	104
104	1	Rtr2	126
105	1	Rtr2	183
106	1	Rtr2	192
107	1	Rtr2	191
108	1	Rtr2	1178
109	1	Rtr2	2247
110	1	Rtr2	2336
111	1	Rtr2	2474
112	1	Rtr2	1414
113	1	Rtr2	306
114	1	Rtr2	265
115	1	Rtr2	333
116	1	Rtr2	329
117	1	Rtr2	308
118	1	Rtr2	99
119	1	Rtr2	69
120	1	Rtr2	149
121	1	Rtr2	143
122	1	Rtr2	135
123	1	Rtr2	114
124	1	Rtr2	62
125	1	Rtr2	135
126	1	Rtr2	137
127	1	Rtr2	150
128	1	Rtr2	94
129	1	Rtr2	1158
130	1	Rtr2	2280
131	1	Rtr2	2292
132	1	Rtr2	2293
133	1	Rtr2	1205
134	1	Rtr2	128
135	1	Rtr2	182
136	1	Rtr2	191
137	1	Rtr2	159
138	1	Rtr2	65
139	1	Rtr2	65
140	1	Rtr2	136
141	1	Rtr2	113
142	1	Rtr2	117
143	1	Rtr2	78
144	1	Rtr2	66
145	1	Rtr2	128
146	1	Rtr2	138
147	1	Rtr2	118
148	1	Rtr2	85
149	1	Rtr2	66
150	1	Rtr2	1189
151	1	Rtr2	2250
152	1	Rtr2	2260
153	1	Rtr2	2240
154	1	Rtr2	1215
155	1	Rtr2	202
156	1	Rtr2	180
157	1	Rtr2	170
158	1	Rtr2	86
159	1	Rtr2	86
160	1	Rtr2	168
161	1	Rtr2	326
162	1	Rtr2	309
163	1	Rtr2	251
164	1	Rtr2	245
165	1	Rtr2	304
166	1	Rtr2	288
167	1	Rtr2	298
168	1	Rtr2	119
169	1	Rtr2	89
170	1	Rtr2	141
171	1	Rtr2	1196
172	1	Rtr2	2269
173	1	Rtr2	2253
174	1	Rtr2	2237
175	1	Rtr2	1247
176	1	Rtr2	209
177	1	Rtr2	179
178	1	Rtr2	87
179	1	Rtr2	83
180	1	Rtr2	172
181	1	Rtr2	176
182	1	Rtr2	150
183	1	Rtr2	113
184	1	Rtr2	111
185	1	Rtr2	176
186	1	Rtr2	189
187	1	Rtr2	163
188	1	Rtr2	86
189	1	Rtr2	81
190	1	Rtr2	146
191	1	Rtr2	153
192	1	Rtr2	1183
193	1	Rtr2	2226
194	1	Rtr2	2236
195	1	Rtr2	2295
196	1	Rtr2	1257
197	1	Rtr2	182
198	1	Rtr2	98
199	1	Rtr2	117
200	1	Rtr2	174
201	1	Rtr2	165
202	1	Rtr2	162
203	1	Rtr2	105
204	1	Rtr2	92
205	1	Rtr2	182
206	1	Rtr2	154
207	1	Rtr2	150
208	1	Rtr2	98
209	1	Rtr2	104
210	1	Rtr2	146
211	1	Rtr2	191
212	1	Rtr2	153
213	1	Rtr2	1128
214	1	Rtr2	2216
215	1	Rtr2	2273
216	1	Rtr2	2280
217	1	Rtr2	1235
218	1	Rtr2	122
219	1	Rtr2	114
220	1	Rtr2	169
221	1	Rtr2	355
222	1	Rtr2	383
223	1	Rtr2	281
224	1	Rtr2	261
225	1	Rtr2	314
226	1	Rtr2	308
227	1	Rtr2	304
228	1	Rtr2	75
229	1	Rtr2	78
230	1	Rtr2	123
231	1	Rtr2	145
232	1	Rtr2	116
233	1	Rtr2	85
234	1	Rtr2	1124
235	1	Rtr2	2254
236	1	Rtr2	2252
237	1	Rtr2	2256
238	1	Rtr2	1180
239	1	Rtr2	118
240	1	Rtr2	163
241	1	Rtr2	175
242	1	Rtr2	152
243	1	Rtr2	78
244	1	Rtr2	87
245	1	Rtr2	150
246	1	Rtr2	166
247	1	Rtr2	150
248	1	Rtr2	86
249	1	Rtr2	84
250	1	Rtr2	139
251	1	Rtr2	157
252	1	Rtr2	137
253	1	Rtr2	97
254	1	Rtr2	54
255	1	Rtr2	1154
256	1	Rtr2	2218
257	1	Rtr2	2225
258	1	Rtr2	2207
259	1	Rtr2	1159
260	1	Rtr2	173
261	1	Rtr2	149
262	1	Rtr2	152
263	1	Rtr2	85
264	1	Rtr2	87
265	1	Rtr2	133
266	1	Rtr2	352
267	1	Rtr2	326
268	1	Rtr2	287
269	1	Rtr2	269
270	1	Rtr2	313
271	1	Rtr2	327
272	1	Rtr2	302
273	1	Rtr2	98
274	1	Rtr2	83
275	1	Rtr2	135
276	1	Rtr2	1194
277	1	Rtr2	2239
278	1	Rtr2	2205
279	1	Rtr2	2195
280	1	Rtr2	1222
281	1	Rtr2	166
282	1	Rtr2	152
283	1	Rtr2	90
284	1	Rtr2	96
285	1	Rtr2	163
286	1	Rtr2	146
287	1	Rtr2	121
288	1	Rtr2	99
289	1	Rtr2	83
290	1	Rtr2	125
291	1	Rtr2	141
292	1	Rtr2	126
293	1	Rtr2	109
294	1	Rtr2	74
295	1	Rtr2	128
296	1	Rtr2	101
297	1	Rtr2	1156
298	1	Rtr2	2183
299	1	Rtr2	2193
300	1	Rtr2	2250
301	1	Rtr2	1220
302	1	Rtr2	185
303	1	Rtr2	1137
304	1	Rtr2	2168
305	1	Rtr2	2231
306	1	Rtr2	2237
307	1	Rtr2	1206
308	1	Rtr2	129
309	1	Rtr2	103
310	1	Rtr2	171
311	1	Rtr2	176
312	1	Rtr2	144
313	1	Rtr2	60
314	1	Rtr2	90
315	1	Rtr2	166
316	1	Rtr2	152
317	1	Rtr2	144
318	1	Rtr2	87
319	1	Rtr2	76
320	1	Rtr2	109
321	1	Rtr2	302
322	1	Rtr2	338
323	1	Rtr2	303
324	1	Rtr2	1317
325	1	Rtr2	2405
326	1	Rtr2	2402
327	1	Rtr2	2395
328	1	Rtr2	1151
329	1	Rtr2	124
330	1	Rtr2	171
331	1	Rtr2	173
332	1	Rtr2	180
333	1	Rtr2	81
334	1	Rtr2	86
335	1	Rtr2	139
336	1	Rtr2	130
337	1	Rtr2	124
338	1	Rtr2	72
339	1	Rtr2	79
340	1	Rtr2	134
341	1	Rtr2	145
342	1	Rtr2	120
343	1	Rtr2	81
344	1	Rtr2	81
345	1	Rtr2	1156
346	1	Rtr2	2196
347	1	Rtr2	2197
348	1	Rtr2	2171
349	1	Rtr2	1145
350	1	Rtr2	148
351	1	Rtr2	141
352	1	Rtr2	107
353	1	Rtr2	82
354	1	Rtr2	84
355	1	Rtr2	141
356	1	Rtr2	145
357	1	Rtr2	140
358	1	Rtr2	83
359	1	Rtr2	59
360	1	Rtr2	107
361	1	Rtr2	131
362	1	Rtr2	119
363	1	Rtr2	95
364	1	Rtr2	83
365	1	Rtr2	137
366	1	Rtr2	1155
367	1	Rtr2	2186
368	1	Rtr2	2163
369	1	Rtr2	2155
370	1	Rtr2	1194
371	1	Rtr2	145
372	1	Rtr2	148
373	1	Rtr2	90
374	1	Rtr2	93
375	1	Rtr2	155
376	1	Rtr2	388
377	1	Rtr2	380
378	1	Rtr2	315
379	1	Rtr2	278
380	1	Rtr2	313
381	1	Rtr2	296
382	1	Rtr2	267
383	1	Rtr2	64
384	1	Rtr2	50
385	1	Rtr2	87
386	1	Rtr2	67
387	1	Rtr2	1109
388	1	Rtr2	2146
389	1	Rtr2	2160
390	1	Rtr2	2212
391	1	Rtr2	1196
392	1	Rtr2	171
393	1	Rtr2	89
394	1	Rtr2	68
395	1	Rtr2	117
396	1	Rtr2	130
397	1	Rtr2	119
398	1	Rtr2	64
399	1	Rtr2	56
400	1	Rtr2	107
401	1	Rtr2	95
402	1	Rtr2	74
403	1	Rtr2	64
404	1	Rtr2	75
405	1	Rtr2	134
406	1	Rtr2	132
407	1	Rtr2	102
408	1	Rtr2	1094
409	1	Rtr2	2134
410	1	Rtr2	2196
411	1	Rtr2	2203
412	1	Rtr2	1191
413	1	Rtr2	109
414	1	Rtr2	98
415	1	Rtr2	161
416	1	Rtr2	163
417	1	Rtr2	150
418	1	Rtr2	85
419	1	Rtr2	73
420	1	Rtr2	131
421	1	Rtr2	117
422	1	Rtr2	109
423	1	Rtr2	97
424	1	Rtr2	94
425	1	Rtr2	150
426	1	Rtr2	137
427	1	Rtr2	144
428	1	Rtr2	94
429	1	Rtr2	1101
430	1	Rtr2	2192
431	1	Rtr2	2200
432	1	Rtr2	2203
433	1	Rtr2	1338
434	1	Rtr2	302
435	1	Rtr2	342
436	1	Rtr2	356
437	1	Rtr2	324
438	1	Rtr2	264
439	1	Rtr2	255
440	1	Rtr2	157
441	1	Rtr2	156
442	1	Rtr2	151
443	1	Rtr2	78
444	1	Rtr2	78
445	1	Rtr2	132
446	1	Rtr2	131
447	1	Rtr2	111
448	1	Rtr2	80
449	1	Rtr2	78
450	1	Rtr2	1122
451	1	Rtr2	2163
452	1	Rtr2	2163
453	1	Rtr2	2137
454	1	Rtr2	1136
455	1	Rtr2	159
456	1	Rtr2	133
457	1	Rtr2	125
458	1	Rtr2	66
459	1	Rtr2	57
460	1	Rtr2	114
461	1	Rtr2	98
462	1	Rtr2	96
463	1	Rtr2	55
464	1	Rtr2	77
465	1	Rtr2	121
466	1	Rtr2	121
467	1	Rtr2	109
468	1	Rtr2	64
469	1	Rtr2	47
470	1	Rtr2	91
471	1	Rtr2	1115
472	1	Rtr2	2140
473	1	Rtr2	2126
474	1	Rtr2	2127
475	1	Rtr2	1191
476	1	Rtr2	163
477	1	Rtr2	120
478	1	Rtr2	66
479	1	Rtr2	50
480	1	Rtr2	106
481	1	Rtr2	111
482	1	Rtr2	97
483	1	Rtr2	80
484	1	Rtr2	57
485	1	Rtr2	94
486	1	Rtr2	68
487	1	Rtr2	82
488	1	Rtr2	59
489	1	Rtr2	51
490	1	Rtr2	92
491	1	Rtr2	315
492	1	Rtr2	1332
493	1	Rtr2	2348
494	1	Rtr2	2333
495	1	Rtr2	2361
496	1	Rtr2	1372
497	1	Rtr2	324
498	1	Rtr2	87
499	1	Rtr2	63
500	1	Rtr2	122
501	1	Rtr2	125
502	1	Rtr2	132
503	1	Rtr2	95
504	1	Rtr2	90
505	1	Rtr2	130
506	1	Rtr2	110
507	1	Rtr2	101
508	1	Rtr2	73
509	1	Rtr2	54
510	1	Rtr2	114
511	1	Rtr2	104
512	1	Rtr2	75
513	1	Rtr2	1079
514	1	Rtr2	2117
515	1	Rtr2	2172
516	1	Rtr2	2174
517	1	Rtr2	1183
518	1	Rtr2	101
519	1	Rtr2	111
520	1	Rtr2	162
521	1	Rtr2	160
522	1	Rtr2	144
523	1	Rtr2	62
524	1	Rtr2	80
525	1	Rtr2	107
526	1	Rtr2	115
527	1	Rtr2	115
528	1	Rtr2	68
529	1	Rtr2	73
530	1	Rtr2	118
531	1	Rtr2	115
532	1	Rtr2	119
533	1	Rtr2	71
534	1	Rtr2	1075
535	1	Rtr2	2140
536	1	Rtr2	2155
537	1	Rtr2	2146
538	1	Rtr2	1120
539	1	Rtr2	108
540	1	Rtr2	134
541	1	Rtr2	132
542	1	Rtr2	128
543	1	Rtr2	85
544	1	Rtr2	75
545	1	Rtr2	121
546	1	Rtr2	132
547	1	Rtr2	362
548	1	Rtr2	344
549	1	Rtr2	363
550	1	Rtr2	404
551	1	Rtr2	360
552	1	Rtr2	354
553	1	Rtr2	271
554	1	Rtr2	59
555	1	Rtr2	1103
556	1	Rtr2	2104
557	1	Rtr2	2123
558	1	Rtr2	2098
559	1	Rtr2	1118
560	1	Rtr2	169
561	1	Rtr2	128
562	1	Rtr2	130
563	1	Rtr2	80
564	1	Rtr2	306
565	1	Rtr2	394
566	1	Rtr2	383
567	1	Rtr2	364
568	1	Rtr2	259
569	1	Rtr2	247
570	1	Rtr2	271
571	1	Rtr2	127
572	1	Rtr2	105
573	1	Rtr2	57
574	1	Rtr2	55
575	1	Rtr2	103
576	1	Rtr2	1087
577	1	Rtr2	2117
578	1	Rtr2	2095
579	1	Rtr2	2091
580	1	Rtr2	1140
581	1	Rtr2	126
582	1	Rtr2	123
583	1	Rtr2	77
584	1	Rtr2	85
585	1	Rtr2	142
586	1	Rtr2	153
587	1	Rtr2	129
588	1	Rtr2	56
589	1	Rtr2	51
590	1	Rtr2	73
591	1	Rtr2	89
592	1	Rtr2	102
593	1	Rtr2	73
594	1	Rtr2	78
595	1	Rtr2	137
596	1	Rtr2	123
597	1	Rtr2	1114
598	1	Rtr2	2091
599	1	Rtr2	2108
600	1	Rtr2	2144
601	1	Rtr2	1151
602	1	Rtr2	144
603	1	Rtr2	1071
604	1	Rtr2	2069
605	1	Rtr2	2123
606	1	Rtr2	2120
607	1	Rtr2	1149
608	1	Rtr2	106
609	1	Rtr2	101
610	1	Rtr2	157
611	1	Rtr2	148
612	1	Rtr2	148
613	1	Rtr2	97
614	1	Rtr2	92
615	1	Rtr2	143
616	1	Rtr2	140
617	1	Rtr2	139
618	1	Rtr2	67
619	1	Rtr2	69
620	1	Rtr2	93
621	1	Rtr2	130
622	1	Rtr2	114
623	1	Rtr2	323
624	1	Rtr2	1326
625	1	Rtr2	2393
626	1	Rtr2	2419
627	1	Rtr2	2365
628	1	Rtr2	1298
629	1	Rtr2	286
630	1	Rtr2	111
631	1	Rtr2	94
632	1	Rtr2	103
633	1	Rtr2	56
634	1	Rtr2	49
635	1	Rtr2	86
636	1	Rtr2	91
637	1	Rtr2	74
638	1	Rtr2	63
639	1	Rtr2	35
640	1	Rtr2	84
641	1	Rtr2	104
642	1	Rtr2	89
643	1	Rtr2	68
644	1	Rtr2	81
645	1	Rtr2	1091
646	1	Rtr2	2093
647	1	Rtr2	2097
648	1	Rtr2	2067
649	1	Rtr2	1077
650	1	Rtr2	125
651	1	Rtr2	98
652	1	Rtr2	106
653	1	Rtr2	59
654	1	Rtr2	64
655	1	Rtr2	95
656	1	Rtr2	104
657	1	Rtr2	91
658	1	Rtr2	53
659	1	Rtr2	43
660	1	Rtr2	88
661	1	Rtr2	84
662	1	Rtr2	72
663	1	Rtr2	73
664	1	Rtr2	61
665	1	Rtr2	108
666	1	Rtr2	1096
667	1	Rtr2	2085
668	1	Rtr2	2060
669	1	Rtr2	2059
670	1	Rtr2	1119
671	1	Rtr2	119
672	1	Rtr2	98
673	1	Rtr2	82
674	1	Rtr2	82
675	1	Rtr2	126
676	1	Rtr2	123
677	1	Rtr2	114
678	1	Rtr2	60
679	1	Rtr2	289
680	1	Rtr2	344
681	1	Rtr2	364
682	1	Rtr2	350
683	1	Rtr2	244
684	1	Rtr2	249
685	1	Rtr2	285
686	1	Rtr2	125
687	1	Rtr2	1086
688	1	Rtr2	2032
689	1	Rtr2	2049
690	1	Rtr2	2088
691	1	Rtr2	1110
692	1	Rtr2	151
693	1	Rtr2	90
694	1	Rtr2	77
695	1	Rtr2	116
696	1	Rtr2	127
697	1	Rtr2	105
698	1	Rtr2	64
699	1	Rtr2	58
700	1	Rtr2	103
701	1	Rtr2	93
702	1	Rtr2	100
703	1	Rtr2	69
704	1	Rtr2	58
705	1	Rtr2	110
706	1	Rtr2	114
707	1	Rtr2	106
708	1	Rtr2	1054
709	1	Rtr2	2047
710	1	Rtr2	2097
711	1	Rtr2	2097
712	1	Rtr2	1132
713	1	Rtr2	100
714	1	Rtr2	89
715	1	Rtr2	133
716	1	Rtr2	136
717	1	Rtr2	136
718	1	Rtr2	57
719	1	Rtr2	48
720	1	Rtr2	77
721	1	Rtr2	80
722	1	Rtr2	82
723	1	Rtr2	70
724	1	Rtr2	69
725	1	Rtr2	109
726	1	Rtr2	127
727	1	Rtr2	105
728	1	Rtr2	60
729	1	Rtr2	1025
730	1	Rtr2	2054
731	1	Rtr2	2060
732	1	Rtr2	2060
733	1	Rtr2	1070
734	1	Rtr2	91
735	1	Rtr2	109
736	1	Rtr2	110
737	1	Rtr2	114
738	1	Rtr2	56
739	1	Rtr2	53
740	1	Rtr2	86
741	1	Rtr2	94
742	1	Rtr2	348
743	1	Rtr2	308
744	1	Rtr2	309
745	1	Rtr2	378
746	1	Rtr2	352
747	1	Rtr2	344
748	1	Rtr2	257
749	1	Rtr2	35
750	1	Rtr2	1043
751	1	Rtr2	2025
752	1	Rtr2	2029
753	1	Rtr2	2039
754	1	Rtr2	1085
755	1	Rtr2	143
756	1	Rtr2	119
757	1	Rtr2	115
758	1	Rtr2	66
759	1	Rtr2	38
760	1	Rtr2	72
761	1	Rtr2	79
762	1	Rtr2	72
763	1	Rtr2	52
764	1	Rtr2	73
765	1	Rtr2	95
766	1	Rtr2	90
767	1	Rtr2	74
768	1	Rtr2	39
769	1	Rtr2	53
770	1	Rtr2	358
771	1	Rtr2	1320
772	1	Rtr2	2277
773	1	Rtr2	2262
774	1	Rtr2	2210
775	1	Rtr2	1275
776	1	Rtr2	274
777	1	Rtr2	104
778	1	Rtr2	51
779	1	Rtr2	59
780	1	Rtr2	98
781	1	Rtr2	98
782	1	Rtr2	91
783	1	Rtr2	74
784	1	Rtr2	65
785	1	Rtr2	106
786	1	Rtr2	100
787	1	Rtr2	90
788	1	Rtr2	47
789	1	Rtr2	50
790	1	Rtr2	81
791	1	Rtr2	82
792	1	Rtr2	1049
793	1	Rtr2	2007
794	1	Rtr2	2013
795	1	Rtr2	2041
796	1	Rtr2	1092
797	1	Rtr2	122
798	1	Rtr2	58
799	1	Rtr2	39
800	1	Rtr2	81
801	1	Rtr2	105
802	1	Rtr2	78
803	1	Rtr2	66
804	1	Rtr2	83
805	1	Rtr2	119
806	1	Rtr2	118
807	1	Rtr2	120
808	1	Rtr2	60
809	1	Rtr2	48
810	1	Rtr2	71
811	1	Rtr2	72
812	1	Rtr2	63
813	1	Rtr2	1025
814	1	Rtr2	2001
815	1	Rtr2	2038
816	1	Rtr2	2039
817	1	Rtr2	1089
818	1	Rtr2	94
819	1	Rtr2	74
820	1	Rtr2	103
821	1	Rtr2	100
822	1	Rtr2	100
823	1	Rtr2	83
824	1	Rtr2	64
825	1	Rtr2	83
826	1	Rtr2	88
827	1	Rtr2	78
828	1	Rtr2	63
829	1	Rtr2	50
830	1	Rtr2	70
831	1	Rtr2	91
832	1	Rtr2	83
833	1	Rtr2	61
834	1	Rtr2	1006
835	1	Rtr2	2015
836	1	Rtr2	2045
837	1	Rtr2	2043
838	1	Rtr2	1073
839	1	Rtr2	304
840	1	Rtr2	371
841	1	Rtr2	384
842	1	Rtr2	367
843	1	Rtr2	231
844	1	Rtr2	235
845	1	Rtr2	239
846	1	Rtr2	94
847	1	Rtr2	97
848	1	Rtr2	54
849	1	Rtr2	47
850	1	Rtr2	72
851	1	Rtr2	82
852	1	Rtr2	69
853	1	Rtr2	39
854	1	Rtr2	40
855	1	Rtr2	1026
856	1	Rtr2	1999
857	1	Rtr2	2008
858	1	Rtr2	2000
859	1	Rtr2	1050
860	1	Rtr2	106
861	1	Rtr2	103
862	1	Rtr2	111
863	1	Rtr2	79
864	1	Rtr2	69
865	1	Rtr2	101
866	1	Rtr2	101
867	1	Rtr2	103
868	1	Rtr2	72
869	1	Rtr2	35
870	1	Rtr2	68
871	1	Rtr2	71
872	1	Rtr2	71
873	1	Rtr2	68
874	1	Rtr2	51
875	1	Rtr2	79
876	1	Rtr2	1030
877	1	Rtr2	2001
878	1	Rtr2	1990
879	1	Rtr2	1988
880	1	Rtr2	1067
881	1	Rtr2	101
882	1	Rtr2	106
883	1	Rtr2	59
884	1	Rtr2	57
885	1	Rtr2	91
886	1	Rtr2	63
887	1	Rtr2	74
888	1	Rtr2	52
889	1	Rtr2	55
890	1	Rtr2	97
891	1	Rtr2	348
892	1	Rtr2	371
893	1	Rtr2	357
894	1	Rtr2	327
895	1	Rtr2	330
896	1	Rtr2	318
897	1	Rtr2	1272
898	1	Rtr2	1983
899	1	Rtr2	1980
900	1	Rtr2	2006
901	1	Rtr2	1070
902	1	Rtr2	118
903	1	Rtr2	1008
904	1	Rtr2	1969
905	1	Rtr2	2015
906	1	Rtr2	2016
907	1	Rtr2	1059
908	1	Rtr2	83
909	1	Rtr2	59
910	1	Rtr2	83
911	1	Rtr2	89
912	1	Rtr2	89
913	1	Rtr2	64
914	1	Rtr2	47
915	1	Rtr2	73
916	1	Rtr2	73
917	1	Rtr2	73
918	1	Rtr2	32
919	1	Rtr2	35
920	1	Rtr2	56
921	1	Rtr2	63
922	1	Rtr2	51
923	1	Rtr2	68
924	1	Rtr2	995
925	1	Rtr2	1986
926	1	Rtr2	1992
927	1	Rtr2	1993
928	1	Rtr2	1030
929	1	Rtr2	79
930	1	Rtr2	97
931	1	Rtr2	91
932	1	Rtr2	87
933	1	Rtr2	56
934	1	Rtr2	53
935	1	Rtr2	78
936	1	Rtr2	78
937	1	Rtr2	332
938	1	Rtr2	310
939	1	Rtr2	293
940	1	Rtr2	335
941	1	Rtr2	292
942	1	Rtr2	296
943	1	Rtr2	220
944	1	Rtr2	42
945	1	Rtr2	1007
946	1	Rtr2	1970
947	1	Rtr2	1978
948	1	Rtr2	1959
949	1	Rtr2	1012
950	1	Rtr2	79
951	1	Rtr2	74
952	1	Rtr2	70
953	1	Rtr2	59
954	1	Rtr2	42
955	1	Rtr2	73
956	1	Rtr2	70
957	1	Rtr2	66
958	1	Rtr2	71
959	1	Rtr2	27
960	1	Rtr2	55
961	1	Rtr2	59
962	1	Rtr2	63
963	1	Rtr2	46
964	1	Rtr2	47
965	1	Rtr2	80
966	1	Rtr2	1018
967	1	Rtr2	1964
968	1	Rtr2	1950
969	1	Rtr2	1956
970	1	Rtr2	1054
971	1	Rtr2	82
972	1	Rtr2	78
973	1	Rtr2	55
974	1	Rtr2	56
975	1	Rtr2	76
976	1	Rtr2	76
977	1	Rtr2	71
978	1	Rtr2	52
979	1	Rtr2	40
980	1	Rtr2	69
981	1	Rtr2	54
982	1	Rtr2	45
983	1	Rtr2	44
984	1	Rtr2	41
985	1	Rtr2	73
986	1	Rtr2	66
987	1	Rtr2	1011
988	1	Rtr2	1931
989	1	Rtr2	1945
990	1	Rtr2	1971
991	1	Rtr2	1043
992	1	Rtr2	93
993	1	Rtr2	276
994	1	Rtr2	296
995	1	Rtr2	353
996	1	Rtr2	328
997	1	Rtr2	277
998	1	Rtr2	208
999	1	Rtr2	181
1000	1	Rtr2	59
1001	1	Rtr2	262
1002	1	Rtr2	334
1003	1	Rtr2	1283
1004	1	Rtr2	2188
1005	1	Rtr2	2168
1006	1	Rtr2	2162
1007	1	Rtr2	1214
1008	1	Rtr2	52
1009	1	Rtr2	33
1010	1	Rtr2	50
1011	1	Rtr2	64
1012	1	Rtr2	61
1013	1	Rtr2	51
1014	1	Rtr2	38
1015	1	Rtr2	62
1016	1	Rtr2	55
1017	1	Rtr2	61
1018	1	Rtr2	45
1019	1	Rtr2	31
1020	1	Rtr2	70
1021	1	Rtr2	59
1022	1	Rtr2	50
1023	1	Rtr2	55
1024	1	Rtr2	972
1025	1	Rtr2	1943
1026	1	Rtr2	1955
1027	1	Rtr2	1954
1028	1	Rtr2	1007
1029	1	Rtr2	51
1030	1	Rtr2	55
1031	1	Rtr2	51
1032	1	Rtr2	49
1033	1	Rtr2	35
1034	1	Rtr2	30
1035	1	Rtr2	40
1036	1	Rtr2	59
1037	1	Rtr2	42
1038	1	Rtr2	21
1039	1	Rtr2	43
1040	1	Rtr2	59
1041	1	Rtr2	69
1042	1	Rtr2	51
1043	1	Rtr2	37
1044	1	Rtr2	46
1045	1	Rtr2	989
1046	1	Rtr2	1931
1047	1	Rtr2	1943
1048	1	Rtr2	1931
1049	1	Rtr2	1000
1050	1	Rtr2	78
1051	1	Rtr2	74
1052	1	Rtr2	84
1053	1	Rtr2	41
1054	1	Rtr2	17
1055	1	Rtr2	43
1056	1	Rtr2	286
1057	1	Rtr2	308
1058	1	Rtr2	340
1059	1	Rtr2	321
1060	1	Rtr2	316
1061	1	Rtr2	308
1062	1	Rtr2	285
1063	1	Rtr2	35
1064	1	Rtr2	27
1065	1	Rtr2	35
1066	1	Rtr2	979
1067	1	Rtr2	1914
1068	1	Rtr2	1918
1069	1	Rtr2	1927
1070	1	Rtr2	1025
1071	1	Rtr2	84
1072	1	Rtr2	76
1073	1	Rtr2	47
1074	1	Rtr2	45
1075	1	Rtr2	66
1076	1	Rtr2	65
1077	1	Rtr2	72
1078	1	Rtr2	56
1079	1	Rtr2	44
1080	1	Rtr2	66
1081	1	Rtr2	61
1082	1	Rtr2	50
1083	1	Rtr2	50
1084	1	Rtr2	35
1085	1	Rtr2	55
1086	1	Rtr2	55
1087	1	Rtr2	989
1088	1	Rtr2	1905
1089	1	Rtr2	1918
1090	1	Rtr2	1937
1091	1	Rtr2	1013
1092	1	Rtr2	73
1093	1	Rtr2	63
1094	1	Rtr2	37
1095	1	Rtr2	56
1096	1	Rtr2	64
1097	1	Rtr2	55
1098	1	Rtr2	33
1099	1	Rtr2	39
1100	1	Rtr2	53
1101	1	Rtr2	55
1102	1	Rtr2	50
1103	1	Rtr2	38
1104	1	Rtr2	34
1105	1	Rtr2	54
1106	1	Rtr2	63
1107	1	Rtr2	45
1108	1	Rtr2	972
1109	1	Rtr2	1898
1110	1	Rtr2	1927
1111	1	Rtr2	2176
1112	1	Rtr2	1302
1113	1	Rtr2	356
1114	1	Rtr2	342
1115	1	Rtr2	325
1116	1	Rtr2	323
1117	1	Rtr2	294
1118	1	Rtr2	38
1119	1	Rtr2	41
1120	1	Rtr2	34
1121	1	Rtr2	38
1122	1	Rtr2	39
1123	1	Rtr2	24
1124	1	Rtr2	35
1125	1	Rtr2	48
1126	1	Rtr2	54
1127	1	Rtr2	45
1128	1	Rtr2	42
1129	1	Rtr2	965
1130	1	Rtr2	1916
1131	1	Rtr2	1917
1132	1	Rtr2	1920
1133	1	Rtr2	993
1134	1	Rtr2	60
1135	1	Rtr2	59
1136	1	Rtr2	54
1137	1	Rtr2	42
1138	1	Rtr2	27
1139	1	Rtr2	31
1140	1	Rtr2	41
1141	1	Rtr2	55
1142	1	Rtr2	46
1143	1	Rtr2	36
1144	1	Rtr2	31
1145	1	Rtr2	44
1146	1	Rtr2	52
1147	1	Rtr2	40
1148	1	Rtr2	45
1149	1	Rtr2	29
1150	1	Rtr2	961
1151	1	Rtr2	1887
1152	1	Rtr2	1903
1153	1	Rtr2	1892
1154	1	Rtr2	982
1155	1	Rtr2	77
1156	1	Rtr2	67
1157	1	Rtr2	46
1158	1	Rtr2	37
1159	1	Rtr2	39
1160	1	Rtr2	51
1161	1	Rtr2	339
1162	1	Rtr2	394
1163	1	Rtr2	386
1164	1	Rtr2	337
1165	1	Rtr2	319
1166	1	Rtr2	292
1167	1	Rtr2	286
1168	1	Rtr2	30
1169	1	Rtr2	25
1170	1	Rtr2	36
1171	1	Rtr2	949
1172	1	Rtr2	1883
1173	1	Rtr2	1890
1174	1	Rtr2	1893
1175	1	Rtr2	995
1176	1	Rtr2	84
1177	1	Rtr2	62
1178	1	Rtr2	24
1179	1	Rtr2	26
1180	1	Rtr2	44
1181	1	Rtr2	31
1182	1	Rtr2	34
1183	1	Rtr2	22
1184	1	Rtr2	23
1185	1	Rtr2	48
1186	1	Rtr2	21
1187	1	Rtr2	36
1188	1	Rtr2	27
1189	1	Rtr2	42
1190	1	Rtr2	55
1191	1	Rtr2	52
1192	1	Rtr2	961
1193	1	Rtr2	1877
1194	1	Rtr2	1878
1195	1	Rtr2	1898
1196	1	Rtr2	990
1197	1	Rtr2	81
1198	1	Rtr2	51
1199	1	Rtr2	48
1200	1	Rtr2	51
1201	1	Rtr2	42
1202	1	Rtr2	40
1203	1	Rtr2	28
1204	1	Rtr2	23
1205	1	Rtr2	33
1206	1	Rtr2	31
1207	1	Rtr2	28
1208	1	Rtr2	21
1209	1	Rtr2	34
1210	1	Rtr2	40
1211	1	Rtr2	48
1212	1	Rtr2	42
1213	1	Rtr2	942
1214	1	Rtr2	1866
1215	1	Rtr2	1899
1216	1	Rtr2	1900
1217	1	Rtr2	983
1218	1	Rtr2	55
1219	1	Rtr2	40
1220	1	Rtr2	48
1221	1	Rtr2	377
1222	1	Rtr2	383
1223	1	Rtr2	342
1224	1	Rtr2	304
1225	1	Rtr2	288
1226	1	Rtr2	281
1227	1	Rtr2	252
1228	1	Rtr2	26
1229	1	Rtr2	21
1230	1	Rtr2	28
1231	1	Rtr2	36
1232	1	Rtr2	33
1233	1	Rtr2	26
1234	1	Rtr2	937
1235	1	Rtr2	1879
1236	1	Rtr2	1885
1237	1	Rtr2	1878
1238	1	Rtr2	969
1239	1	Rtr2	47
1240	1	Rtr2	38
1241	1	Rtr2	54
1242	1	Rtr2	38
1243	1	Rtr2	23
1244	1	Rtr2	15
1245	1	Rtr2	29
1246	1	Rtr2	40
1247	1	Rtr2	20
1248	1	Rtr2	19
1249	1	Rtr2	28
1250	1	Rtr2	32
1251	1	Rtr2	39
1252	1	Rtr2	49
1253	1	Rtr2	29
1254	1	Rtr2	22
1255	1	Rtr2	943
1256	1	Rtr2	1850
1257	1	Rtr2	1857
1258	1	Rtr2	1859
1259	1	Rtr2	961
1260	1	Rtr2	47
1261	1	Rtr2	36
1262	1	Rtr2	29
1263	1	Rtr2	24
1264	1	Rtr2	27
1265	1	Rtr2	24
1266	1	Rtr2	332
1267	1	Rtr2	338
1268	1	Rtr2	307
1269	1	Rtr2	290
1270	1	Rtr2	256
1271	1	Rtr2	243
1272	1	Rtr2	235
1273	1	Rtr2	22
1274	1	Rtr2	21
1275	1	Rtr2	23
1276	1	Rtr2	936
1277	1	Rtr2	1838
1278	1	Rtr2	1852
1279	1	Rtr2	1850
1280	1	Rtr2	970
1281	1	Rtr2	57
1282	1	Rtr2	59
1283	1	Rtr2	31
1284	1	Rtr2	23
1285	1	Rtr2	35
1286	1	Rtr2	39
1287	1	Rtr2	26
1288	1	Rtr2	22
1289	1	Rtr2	22
1290	1	Rtr2	32
1291	1	Rtr2	27
1292	1	Rtr2	18
1293	1	Rtr2	24
1294	1	Rtr2	28
1295	1	Rtr2	30
1296	1	Rtr2	24
1297	1	Rtr2	930
1298	1	Rtr2	1826
1299	1	Rtr2	1841
1300	1	Rtr2	1857
1301	1	Rtr2	952
1302	1	Rtr2	32
1303	1	Rtr2	924
1304	1	Rtr2	1835
1305	1	Rtr2	1851
1306	1	Rtr2	1857
1307	1	Rtr2	955
1308	1	Rtr2	39
1309	1	Rtr2	25
1310	1	Rtr2	34
1311	1	Rtr2	30
1312	1	Rtr2	17
1313	1	Rtr2	22
1314	1	Rtr2	20
1315	1	Rtr2	20
1316	1	Rtr2	26
1317	1	Rtr2	24
1318	1	Rtr2	16
1319	1	Rtr2	20
1320	1	Rtr2	22
1321	1	Rtr2	314
1322	1	Rtr2	323
1323	1	Rtr2	361
1324	1	Rtr2	1211
1325	1	Rtr2	2095
1326	1	Rtr2	2095
1327	1	Rtr2	2088
1328	1	Rtr2	944
1329	1	Rtr2	27
1330	1	Rtr2	30
1331	1	Rtr2	25
1332	1	Rtr2	25
1333	1	Rtr2	22
1334	1	Rtr2	21
1335	1	Rtr2	28
1336	1	Rtr2	31
1337	1	Rtr2	16
1338	1	Rtr2	36
1339	1	Rtr2	21
1340	1	Rtr2	27
1341	1	Rtr2	21
1342	1	Rtr2	25
1343	1	Rtr2	24
1344	1	Rtr2	14
1345	1	Rtr2	916
1346	1	Rtr2	1809
1347	1	Rtr2	1831
1348	1	Rtr2	1818
1349	1	Rtr2	939
1350	1	Rtr2	39
1351	1	Rtr2	27
1352	1	Rtr2	19
1353	1	Rtr2	26
1354	1	Rtr2	18
1355	1	Rtr2	28
1356	1	Rtr2	37
1357	1	Rtr2	35
1358	1	Rtr2	16
1359	1	Rtr2	18
1360	1	Rtr2	27
1361	1	Rtr2	28
1362	1	Rtr2	19
1363	1	Rtr2	16
1364	1	Rtr2	33
1365	1	Rtr2	39
1366	1	Rtr2	921
1367	1	Rtr2	1812
1368	1	Rtr2	1822
1369	1	Rtr2	1817
1370	1	Rtr2	941
1371	1	Rtr2	44
1372	1	Rtr2	31
1373	1	Rtr2	21
1374	1	Rtr2	19
1375	1	Rtr2	33
1376	1	Rtr2	343
1377	1	Rtr2	401
1378	1	Rtr2	375
1379	1	Rtr2	385
1380	1	Rtr2	318
1381	1	Rtr2	311
1382	1	Rtr2	296
1383	1	Rtr2	19
1384	1	Rtr2	19
1385	1	Rtr2	14
1386	1	Rtr2	19
1387	1	Rtr2	905
1388	1	Rtr2	1800
1389	1	Rtr2	1806
1390	1	Rtr2	1823
1391	1	Rtr2	937
1392	1	Rtr2	42
1393	1	Rtr2	26
1394	1	Rtr2	20
1395	1	Rtr2	27
1396	1	Rtr2	23
1397	1	Rtr2	14
1398	1	Rtr2	18
1399	1	Rtr2	21
1400	1	Rtr2	20
1401	1	Rtr2	20
1402	1	Rtr2	36
1403	1	Rtr2	18
1404	1	Rtr2	24
1405	1	Rtr2	22
1406	1	Rtr2	21
1407	1	Rtr2	22
1408	1	Rtr2	908
1409	1	Rtr2	1792
1410	1	Rtr2	1814
1411	1	Rtr2	1810
1412	1	Rtr2	926
1413	1	Rtr2	29
1414	1	Rtr2	18
1415	1	Rtr2	21
1416	1	Rtr2	25
1417	1	Rtr2	22
1418	1	Rtr2	19
1419	1	Rtr2	14
1420	1	Rtr2	22
1421	1	Rtr2	23
1422	1	Rtr2	18
1423	1	Rtr2	23
1424	1	Rtr2	21
1425	1	Rtr2	19
1426	1	Rtr2	27
1427	1	Rtr2	21
1428	1	Rtr2	23
1429	1	Rtr2	902
1430	1	Rtr2	1797
1431	1	Rtr2	1801
1432	1	Rtr2	1809
1433	1	Rtr2	1226
1434	1	Rtr2	356
1435	1	Rtr2	347
1436	1	Rtr2	319
1437	1	Rtr2	228
1438	1	Rtr2	174
1439	1	Rtr2	162
1440	1	Rtr2	23
1441	1	Rtr2	15
1442	1	Rtr2	19
1443	1	Rtr2	16
1444	1	Rtr2	15
1445	1	Rtr2	17
1446	1	Rtr2	15
1447	1	Rtr2	14
1448	1	Rtr2	22
1449	1	Rtr2	20
1450	1	Rtr2	899
1451	1	Rtr2	1781
1452	1	Rtr2	1789
1453	1	Rtr2	1791
1454	1	Rtr2	920
1455	1	Rtr2	30
1456	1	Rtr2	18
1457	1	Rtr2	27
1458	1	Rtr2	15
1459	1	Rtr2	17
1460	1	Rtr2	18
1461	1	Rtr2	18
1462	1	Rtr2	19
1463	1	Rtr2	18
1464	1	Rtr2	16
1465	1	Rtr2	22
1466	1	Rtr2	15
1467	1	Rtr2	16
1468	1	Rtr2	15
1469	1	Rtr2	13
1470	1	Rtr2	18
1471	1	Rtr2	895
1472	1	Rtr2	1778
1473	1	Rtr2	1781
1474	1	Rtr2	1791
1475	1	Rtr2	926
1476	1	Rtr2	44
1477	1	Rtr2	31
1478	1	Rtr2	15
1479	1	Rtr2	21
1480	1	Rtr2	17
1481	1	Rtr2	14
1482	1	Rtr2	19
1483	1	Rtr2	14
1484	1	Rtr2	13
1485	1	Rtr2	16
1486	1	Rtr2	16
1487	1	Rtr2	17
1488	1	Rtr2	17
1489	1	Rtr2	14
1490	1	Rtr2	11
1491	1	Rtr2	313
1492	1	Rtr2	1192
1493	1	Rtr2	2045
1494	1	Rtr2	2035
1495	1	Rtr2	2003
1496	1	Rtr2	1122
1497	1	Rtr2	238
1498	1	Rtr2	23
1499	1	Rtr2	10
1500	1	Rtr2	12
1501	1	Rtr2	16
1502	1	Rtr2	16
1503	1	Rtr2	26
1504	1	Rtr2	14
1505	1	Rtr2	15
1506	1	Rtr2	16
1507	1	Rtr2	18
1508	1	Rtr2	13
1509	1	Rtr2	20
1510	1	Rtr2	19
1511	1	Rtr2	18
1512	1	Rtr2	18
1513	1	Rtr2	880
1514	1	Rtr2	1763
1515	1	Rtr2	1776
1516	1	Rtr2	1780
1517	1	Rtr2	910
1518	1	Rtr2	26
1519	1	Rtr2	16
1520	1	Rtr2	15
1521	1	Rtr2	18
1522	1	Rtr2	15
1523	1	Rtr2	17
1524	1	Rtr2	15
1525	1	Rtr2	14
1526	1	Rtr2	14
1527	1	Rtr2	14
1528	1	Rtr2	16
1529	1	Rtr2	9
1530	1	Rtr2	13
1531	1	Rtr2	21
1532	1	Rtr2	19
1533	1	Rtr2	15
1534	1	Rtr2	884
1535	1	Rtr2	1761
1536	1	Rtr2	1777
1537	1	Rtr2	1772
1538	1	Rtr2	898
1539	1	Rtr2	27
1540	1	Rtr2	21
1541	1	Rtr2	14
1542	1	Rtr2	16
1543	1	Rtr2	17
1544	1	Rtr2	18
1545	1	Rtr2	13
1546	1	Rtr2	13
1547	1	Rtr2	294
1548	1	Rtr2	316
1549	1	Rtr2	301
1550	1	Rtr2	313
1551	1	Rtr2	226
1552	1	Rtr2	212
1553	1	Rtr2	168
1554	1	Rtr2	19
1555	1	Rtr2	878
1556	1	Rtr2	1749
1557	1	Rtr2	1756
1558	1	Rtr2	1757
1559	1	Rtr2	895
1560	1	Rtr2	19
1561	1	Rtr2	14
1562	1	Rtr2	16
1563	1	Rtr2	16
1564	1	Rtr2	353
1565	1	Rtr2	459
1566	1	Rtr2	412
1567	1	Rtr2	439
1568	1	Rtr2	291
1569	1	Rtr2	283
1570	1	Rtr2	281
1571	1	Rtr2	20
1572	1	Rtr2	13
1573	1	Rtr2	18
1574	1	Rtr2	16
1575	1	Rtr2	17
1576	1	Rtr2	882
1577	1	Rtr2	1745
1578	1	Rtr2	1755
1579	1	Rtr2	1753
1580	1	Rtr2	902
1581	1	Rtr2	34
1582	1	Rtr2	23
1583	1	Rtr2	16
1584	1	Rtr2	8
1585	1	Rtr2	14
1586	1	Rtr2	16
1587	1	Rtr2	17
1588	1	Rtr2	14
1589	1	Rtr2	11
1590	1	Rtr2	17
1591	1	Rtr2	23
1592	1	Rtr2	13
1593	1	Rtr2	14
1594	1	Rtr2	11
1595	1	Rtr2	15
1596	1	Rtr2	11
1597	1	Rtr2	875
1598	1	Rtr2	1733
1599	1	Rtr2	1749
1600	1	Rtr2	1756
1601	1	Rtr2	892
1602	1	Rtr2	37
1603	1	Rtr2	871
1604	1	Rtr2	1727
1605	1	Rtr2	1744
1606	1	Rtr2	1745
1607	1	Rtr2	888
1608	1	Rtr2	24
1609	1	Rtr2	17
1610	1	Rtr2	14
1611	1	Rtr2	15
1612	1	Rtr2	11
1613	1	Rtr2	13
1614	1	Rtr2	14
1615	1	Rtr2	11
1616	1	Rtr2	15
1617	1	Rtr2	17
1618	1	Rtr2	12
1619	1	Rtr2	12
1620	1	Rtr2	12
1621	1	Rtr2	13
1622	1	Rtr2	12
1623	1	Rtr2	352
1624	1	Rtr2	1147
1625	1	Rtr2	2034
1626	1	Rtr2	2018
1627	1	Rtr2	1950
1628	1	Rtr2	1061
1629	1	Rtr2	194
1630	1	Rtr2	15
1631	1	Rtr2	14
1632	1	Rtr2	12
1633	1	Rtr2	11
1634	1	Rtr2	11
1635	1	Rtr2	19
1636	1	Rtr2	15
1637	1	Rtr2	14
1638	1	Rtr2	12
1639	1	Rtr2	17
1640	1	Rtr2	14
1641	1	Rtr2	16
1642	1	Rtr2	15
1643	1	Rtr2	13
1644	1	Rtr2	18
1645	1	Rtr2	858
1646	1	Rtr2	1708
1647	1	Rtr2	1729
1648	1	Rtr2	1726
1649	1	Rtr2	886
1650	1	Rtr2	29
1651	1	Rtr2	13
1652	1	Rtr2	14
1653	1	Rtr2	13
1654	1	Rtr2	9
1655	1	Rtr2	12
1656	1	Rtr2	11
1657	1	Rtr2	13
1658	1	Rtr2	18
1659	1	Rtr2	8
1660	1	Rtr2	15
1661	1	Rtr2	15
1662	1	Rtr2	13
1663	1	Rtr2	12
1664	1	Rtr2	13
1665	1	Rtr2	17
1666	1	Rtr2	860
1667	1	Rtr2	1714
1668	1	Rtr2	1719
1669	1	Rtr2	1717
1670	1	Rtr2	877
1671	1	Rtr2	26
1672	1	Rtr2	15
1673	1	Rtr2	13
1674	1	Rtr2	17
1675	1	Rtr2	15
1676	1	Rtr2	17
1677	1	Rtr2	14
1678	1	Rtr2	14
1679	1	Rtr2	336
1680	1	Rtr2	387
1681	1	Rtr2	331
1682	1	Rtr2	297
1683	1	Rtr2	176
1684	1	Rtr2	172
1685	1	Rtr2	167
1686	1	Rtr2	14
1687	1	Rtr2	853
1688	1	Rtr2	1705
1689	1	Rtr2	1710
1690	1	Rtr2	1719
1691	1	Rtr2	872
1692	1	Rtr2	28
1693	1	Rtr2	11
1694	1	Rtr2	12
1695	1	Rtr2	13
1696	1	Rtr2	13
1697	1	Rtr2	12
1698	1	Rtr2	15
1699	1	Rtr2	11
1700	1	Rtr2	9
1701	1	Rtr2	15
1702	1	Rtr2	13
1703	1	Rtr2	8
1704	1	Rtr2	10
1705	1	Rtr2	15
1706	1	Rtr2	8
1707	1	Rtr2	13
1708	1	Rtr2	853
1709	1	Rtr2	1694
1710	1	Rtr2	1707
1711	1	Rtr2	1711
1712	1	Rtr2	871
1713	1	Rtr2	21
1714	1	Rtr2	12
1715	1	Rtr2	13
1716	1	Rtr2	13
1717	1	Rtr2	11
1718	1	Rtr2	16
1719	1	Rtr2	13
1720	1	Rtr2	15
1721	1	Rtr2	10
1722	1	Rtr2	11
1723	1	Rtr2	12
1724	1	Rtr2	14
1725	1	Rtr2	11
1726	1	Rtr2	15
1727	1	Rtr2	12
1728	1	Rtr2	12
1729	1	Rtr2	846
1730	1	Rtr2	1691
1731	1	Rtr2	1697
1732	1	Rtr2	1698
1733	1	Rtr2	862
1734	1	Rtr2	22
1735	1	Rtr2	14
1736	1	Rtr2	11
1737	1	Rtr2	15
1738	1	Rtr2	13
1739	1	Rtr2	15
1740	1	Rtr2	9
1741	1	Rtr2	12
1742	1	Rtr2	322
1743	1	Rtr2	357
1744	1	Rtr2	328
1745	1	Rtr2	325
1746	1	Rtr2	264
1747	1	Rtr2	259
1748	1	Rtr2	218
1749	1	Rtr2	15
1750	1	Rtr2	844
1751	1	Rtr2	1682
1752	1	Rtr2	1692
1753	1	Rtr2	1685
1754	1	Rtr2	857
1755	1	Rtr2	20
1756	1	Rtr2	11
1757	1	Rtr2	11
1758	1	Rtr2	14
1759	1	Rtr2	12
1760	1	Rtr2	16
1761	1	Rtr2	11
1762	1	Rtr2	12
1763	1	Rtr2	14
1764	1	Rtr2	10
1765	1	Rtr2	15
1766	1	Rtr2	8
1767	1	Rtr2	15
1768	1	Rtr2	13
1769	1	Rtr2	10
1770	1	Rtr2	312
1771	1	Rtr2	1164
1772	1	Rtr2	1949
1773	1	Rtr2	1962
1774	1	Rtr2	1884
1775	1	Rtr2	1046
1776	1	Rtr2	208
1777	1	Rtr2	16
1778	1	Rtr2	9
1779	1	Rtr2	9
1780	1	Rtr2	14
1781	1	Rtr2	18
1782	1	Rtr2	11
1783	1	Rtr2	12
1784	1	Rtr2	13
1785	1	Rtr2	12
1786	1	Rtr2	12
1787	1	Rtr2	14
1788	1	Rtr2	9
1789	1	Rtr2	15
1790	1	Rtr2	10
1791	1	Rtr2	11
1792	1	Rtr2	836
1793	1	Rtr2	1664
1794	1	Rtr2	1677
1795	1	Rtr2	1678
1796	1	Rtr2	856
1797	1	Rtr2	18
1798	1	Rtr2	12
1799	1	Rtr2	10
1800	1	Rtr2	8
1801	1	Rtr2	6
1802	1	Rtr2	12
1803	1	Rtr2	9
1804	1	Rtr2	6
1805	1	Rtr2	12
1806	1	Rtr2	15
1807	1	Rtr2	13
1808	1	Rtr2	12
1809	1	Rtr2	10
1810	1	Rtr2	11
1811	1	Rtr2	11
1812	1	Rtr2	8
1813	1	Rtr2	835
1814	1	Rtr2	1665
1815	1	Rtr2	1674
1816	1	Rtr2	1678
1817	1	Rtr2	854
1818	1	Rtr2	16
1819	1	Rtr2	10
1820	1	Rtr2	9
1821	1	Rtr2	9
1822	1	Rtr2	7
1823	1	Rtr2	12
1824	1	Rtr2	8
1825	1	Rtr2	11
1826	1	Rtr2	8
1827	1	Rtr2	10
1828	1	Rtr2	7
1829	1	Rtr2	12
1830	1	Rtr2	8
1831	1	Rtr2	11
1832	1	Rtr2	8
1833	1	Rtr2	7
1834	1	Rtr2	832
1835	1	Rtr2	1660
1836	1	Rtr2	1668
1837	1	Rtr2	1671
1838	1	Rtr2	846
1839	1	Rtr2	356
1840	1	Rtr2	365
1841	1	Rtr2	343
1842	1	Rtr2	301
1843	1	Rtr2	198
1844	1	Rtr2	193
1845	1	Rtr2	192
1846	1	Rtr2	15
1847	1	Rtr2	14
1848	1	Rtr2	11
1849	1	Rtr2	14
1850	1	Rtr2	8
1851	1	Rtr2	10
1852	1	Rtr2	11
1853	1	Rtr2	10
1854	1	Rtr2	8
1855	1	Rtr2	825
1856	1	Rtr2	1651
1857	1	Rtr2	1661
1858	1	Rtr2	1658
1859	1	Rtr2	841
1860	1	Rtr2	14
1861	1	Rtr2	7
1862	1	Rtr2	10
1863	1	Rtr2	8
1864	1	Rtr2	10
1865	1	Rtr2	6
1866	1	Rtr2	11
1867	1	Rtr2	8
1868	1	Rtr2	9
1869	1	Rtr2	8
1870	1	Rtr2	12
1871	1	Rtr2	9
1872	1	Rtr2	12
1873	1	Rtr2	11
1874	1	Rtr2	9
1875	1	Rtr2	9
1876	1	Rtr2	820
1877	1	Rtr2	1642
1878	1	Rtr2	1660
1879	1	Rtr2	1652
1880	1	Rtr2	840
1881	1	Rtr2	23
1882	1	Rtr2	10
1883	1	Rtr2	10
1884	1	Rtr2	13
1885	1	Rtr2	12
1886	1	Rtr2	9
1887	1	Rtr2	9
1888	1	Rtr2	13
1889	1	Rtr2	10
1890	1	Rtr2	11
1891	1	Rtr2	319
1892	1	Rtr2	350
1893	1	Rtr2	337
1894	1	Rtr2	307
1895	1	Rtr2	255
1896	1	Rtr2	252
1897	1	Rtr2	1058
1898	1	Rtr2	1640
1899	1	Rtr2	1644
1900	1	Rtr2	1647
1901	1	Rtr2	838
1902	1	Rtr2	16
1903	1	Rtr2	819
1904	1	Rtr2	1629
1905	1	Rtr2	1640
1906	1	Rtr2	1640
1907	1	Rtr2	833
1908	1	Rtr2	19
1909	1	Rtr2	8
1910	1	Rtr2	9
1911	1	Rtr2	13
1912	1	Rtr2	10
1913	1	Rtr2	12
1914	1	Rtr2	10
1915	1	Rtr2	9
1916	1	Rtr2	8
1917	1	Rtr2	9
1918	1	Rtr2	12
1919	1	Rtr2	9
1920	1	Rtr2	9
1921	1	Rtr2	9
1922	1	Rtr2	8
1923	1	Rtr2	9
1924	1	Rtr2	815
1925	1	Rtr2	1624
1926	1	Rtr2	1633
1927	1	Rtr2	1629
1928	1	Rtr2	830
1929	1	Rtr2	15
1930	1	Rtr2	9
1931	1	Rtr2	11
1932	1	Rtr2	8
1933	1	Rtr2	14
1934	1	Rtr2	9
1935	1	Rtr2	6
1936	1	Rtr2	8
1937	1	Rtr2	391
1938	1	Rtr2	434
1939	1	Rtr2	357
1940	1	Rtr2	340
1941	1	Rtr2	258
1942	1	Rtr2	247
1943	1	Rtr2	219
1944	1	Rtr2	19
1945	1	Rtr2	809
1946	1	Rtr2	1619
1947	1	Rtr2	1628
1948	1	Rtr2	1629
1949	1	Rtr2	824
1950	1	Rtr2	21
1951	1	Rtr2	11
1952	1	Rtr2	10
1953	1	Rtr2	10
1954	1	Rtr2	8
1955	1	Rtr2	10
1956	1	Rtr2	8
1957	1	Rtr2	9
1958	1	Rtr2	6
1959	1	Rtr2	10
1960	1	Rtr2	10
1961	1	Rtr2	6
1962	1	Rtr2	7
1963	1	Rtr2	9
1964	1	Rtr2	7
1965	1	Rtr2	6
1966	1	Rtr2	807
1967	1	Rtr2	1613
1968	1	Rtr2	1620
1969	1	Rtr2	1619
1970	1	Rtr2	823
1971	1	Rtr2	17
1972	1	Rtr2	7
1973	1	Rtr2	11
1974	1	Rtr2	8
1975	1	Rtr2	10
1976	1	Rtr2	8
1977	1	Rtr2	6
1978	1	Rtr2	7
1979	1	Rtr2	10
1980	1	Rtr2	11
1981	1	Rtr2	8
1982	1	Rtr2	8
1983	1	Rtr2	6
1984	1	Rtr2	10
1985	1	Rtr2	10
1986	1	Rtr2	6
1987	1	Rtr2	799
1988	1	Rtr2	1604
1989	1	Rtr2	1616
1990	1	Rtr2	1613
1991	1	Rtr2	821
1992	1	Rtr2	15
1993	1	Rtr2	349
1994	1	Rtr2	342
1995	1	Rtr2	326
1996	1	Rtr2	257
1997	1	Rtr2	189
1998	1	Rtr2	166
1999	1	Rtr2	164
