Time	Node	PitItems
	585
2	1	Rtr2	633
3	1	Rtr2	1678
4	1	Rtr2	2749
5	1	Rtr2	2838
6	1	Rtr2	2822
7	1	Rtr2	1725
8	1	Rtr2	181
9	1	Rtr2	127
10	1	Rtr2	214
11	1	Rtr2	181
12	1	Rtr2	168
13	1	Rtr2	94
14	1	Rtr2	71
15	1	Rtr2	134
16	1	Rtr2	132
17	1	Rtr2	114
18	1	Rtr2	88
19	1	Rtr2	71
20	1	Rtr2	136
21	1	Rtr2	157
22	1	Rtr2	144
23	1	Rtr2	104
24	1	Rtr2	1186
25	1	Rtr2	2334
26	1	Rtr2	2356
27	1	Rtr2	2354
28	1	Rtr2	1227
29	1	Rtr2	119
30	1	Rtr2	195
31	1	Rtr2	181
32	1	Rtr2	178
33	1	Rtr2	84
34	1	Rtr2	79
35	1	Rtr2	166
36	1	Rtr2	150
37	1	Rtr2	151
38	1	Rtr2	108
39	1	Rtr2	98
40	1	Rtr2	166
41	1	Rtr2	163
42	1	Rtr2	135
43	1	Rtr2	124
44	1	Rtr2	104
45	1	Rtr2	1250
46	1	Rtr2	2340
47	1	Rtr2	2340
48	1	Rtr2	2278
49	1	Rtr2	1225
50	1	Rtr2	200
51	1	Rtr2	176
52	1	Rtr2	172
53	1	Rtr2	87
54	1	Rtr2	90
55	1	Rtr2	149
56	1	Rtr2	520
57	1	Rtr2	525
58	1	Rtr2	454
59	1	Rtr2	489
60	1	Rtr2	517
61	1	Rtr2	516
62	1	Rtr2	500
63	1	Rtr2	115
64	1	Rtr2	77
65	1	Rtr2	136
66	1	Rtr2	1223
67	1	Rtr2	2288
68	1	Rtr2	2297
69	1	Rtr2	2293
70	1	Rtr2	1271
71	1	Rtr2	195
72	1	Rtr2	181
73	1	Rtr2	101
74	1	Rtr2	80
75	1	Rtr2	139
76	1	Rtr2	136
77	1	Rtr2	107
78	1	Rtr2	103
79	1	Rtr2	91
80	1	Rtr2	157
81	1	Rtr2	157
82	1	Rtr2	123
83	1	Rtr2	82
84	1	Rtr2	72
85	1	Rtr2	140
86	1	Rtr2	120
87	1	Rtr2	1219
88	1	Rtr2	2276
89	1	Rtr2	2281
90	1	Rtr2	2342
91	1	Rtr2	1291
92	1	Rtr2	195
93	1	Rtr2	120
94	1	Rtr2	97
95	1	Rtr2	170
96	1	Rtr2	163
97	1	Rtr2	134
98	1	Rtr2	101
99	1	Rtr2	81
100	1	Rtr2	153
101	1	Rtr2	139
102	1	Rtr2	124
103	1	Rtr2	102
104	1	Rtr2	124
105	1	Rtr2	164
106	1	Rtr2	175
107	1	Rtr2	165
108	1	Rtr2	1171
109	1	Rtr2	2251
110	1	Rtr2	2338
111	1	Rtr2	2667
112	1	Rtr2	1608
113	1	Rtr2	462
114	1	Rtr2	442
115	1	Rtr2	455
116	1	Rtr2	460
117	1	Rtr2	425
118	1	Rtr2	81
119	1	Rtr2	68
120	1	Rtr2	121
121	1	Rtr2	125
122	1	Rtr2	120
123	1	Rtr2	75
124	1	Rtr2	73
125	1	Rtr2	134
126	1	Rtr2	132
127	1	Rtr2	119
128	1	Rtr2	82
129	1	Rtr2	1154
130	1	Rtr2	2290
131	1	Rtr2	2299
132	1	Rtr2	2299
133	1	Rtr2	1189
134	1	Rtr2	136
135	1	Rtr2	192
136	1	Rtr2	193
137	1	Rtr2	156
138	1	Rtr2	73
139	1	Rtr2	79
140	1	Rtr2	149
141	1	Rtr2	130
142	1	Rtr2	121
143	1	Rtr2	86
144	1	Rtr2	73
145	1	Rtr2	146
146	1	Rtr2	143
147	1	Rtr2	129
148	1	Rtr2	74
149	1	Rtr2	80
150	1	Rtr2	1208
151	1	Rtr2	2265
152	1	Rtr2	2275
153	1	Rtr2	2239
154	1	Rtr2	1211
155	1	Rtr2	209
156	1	Rtr2	179
157	1	Rtr2	171
158	1	Rtr2	113
159	1	Rtr2	97
160	1	Rtr2	173
161	1	Rtr2	509
162	1	Rtr2	547
163	1	Rtr2	471
164	1	Rtr2	470
165	1	Rtr2	511
166	1	Rtr2	503
167	1	Rtr2	485
168	1	Rtr2	92
169	1	Rtr2	76
170	1	Rtr2	157
171	1	Rtr2	1194
172	1	Rtr2	2271
173	1	Rtr2	2267
174	1	Rtr2	2240
175	1	Rtr2	1263
176	1	Rtr2	198
177	1	Rtr2	174
178	1	Rtr2	103
179	1	Rtr2	110
180	1	Rtr2	211
181	1	Rtr2	223
182	1	Rtr2	179
183	1	Rtr2	114
184	1	Rtr2	109
185	1	Rtr2	187
186	1	Rtr2	189
187	1	Rtr2	170
188	1	Rtr2	106
189	1	Rtr2	92
190	1	Rtr2	158
191	1	Rtr2	159
192	1	Rtr2	1187
193	1	Rtr2	2227
194	1	Rtr2	2242
195	1	Rtr2	2299
196	1	Rtr2	1243
197	1	Rtr2	201
198	1	Rtr2	111
199	1	Rtr2	115
200	1	Rtr2	170
201	1	Rtr2	159
202	1	Rtr2	156
203	1	Rtr2	94
204	1	Rtr2	115
205	1	Rtr2	194
206	1	Rtr2	158
207	1	Rtr2	150
208	1	Rtr2	90
209	1	Rtr2	104
210	1	Rtr2	160
211	1	Rtr2	168
212	1	Rtr2	169
213	1	Rtr2	1138
214	1	Rtr2	2206
215	1	Rtr2	2271
216	1	Rtr2	2277
217	1	Rtr2	1239
218	1	Rtr2	117
219	1	Rtr2	143
220	1	Rtr2	197
221	1	Rtr2	483
222	1	Rtr2	517
223	1	Rtr2	421
224	1	Rtr2	428
225	1	Rtr2	454
226	1	Rtr2	446
227	1	Rtr2	436
228	1	Rtr2	104
229	1	Rtr2	89
230	1	Rtr2	121
231	1	Rtr2	151
232	1	Rtr2	172
233	1	Rtr2	91
234	1	Rtr2	1130
235	1	Rtr2	2244
236	1	Rtr2	2249
237	1	Rtr2	2251
238	1	Rtr2	1170
239	1	Rtr2	107
240	1	Rtr2	164
241	1	Rtr2	157
242	1	Rtr2	150
243	1	Rtr2	83
244	1	Rtr2	95
245	1	Rtr2	144
246	1	Rtr2	172
247	1	Rtr2	138
248	1	Rtr2	100
249	1	Rtr2	97
250	1	Rtr2	145
251	1	Rtr2	148
252	1	Rtr2	142
253	1	Rtr2	97
254	1	Rtr2	63
255	1	Rtr2	1167
256	1	Rtr2	2233
257	1	Rtr2	2241
258	1	Rtr2	2208
259	1	Rtr2	1172
260	1	Rtr2	199
261	1	Rtr2	189
262	1	Rtr2	169
263	1	Rtr2	103
264	1	Rtr2	78
265	1	Rtr2	143
266	1	Rtr2	461
267	1	Rtr2	486
268	1	Rtr2	445
269	1	Rtr2	401
270	1	Rtr2	419
271	1	Rtr2	399
272	1	Rtr2	385
273	1	Rtr2	107
274	1	Rtr2	95
275	1	Rtr2	130
276	1	Rtr2	1179
277	1	Rtr2	2235
278	1	Rtr2	2207
279	1	Rtr2	2192
280	1	Rtr2	1232
281	1	Rtr2	179
282	1	Rtr2	162
283	1	Rtr2	94
284	1	Rtr2	89
285	1	Rtr2	157
286	1	Rtr2	147
287	1	Rtr2	121
288	1	Rtr2	84
289	1	Rtr2	67
290	1	Rtr2	112
291	1	Rtr2	132
292	1	Rtr2	109
293	1	Rtr2	79
294	1	Rtr2	75
295	1	Rtr2	129
296	1	Rtr2	119
297	1	Rtr2	1162
298	1	Rtr2	2182
299	1	Rtr2	2200
300	1	Rtr2	2255
301	1	Rtr2	1227
302	1	Rtr2	181
303	1	Rtr2	1132
304	1	Rtr2	2168
305	1	Rtr2	2229
306	1	Rtr2	2234
307	1	Rtr2	1215
308	1	Rtr2	133
309	1	Rtr2	102
310	1	Rtr2	161
311	1	Rtr2	155
312	1	Rtr2	130
313	1	Rtr2	82
314	1	Rtr2	74
315	1	Rtr2	133
316	1	Rtr2	123
317	1	Rtr2	136
318	1	Rtr2	75
319	1	Rtr2	73
320	1	Rtr2	133
321	1	Rtr2	468
322	1	Rtr2	455
323	1	Rtr2	406
324	1	Rtr2	1442
325	1	Rtr2	2497
326	1	Rtr2	2490
327	1	Rtr2	2474
328	1	Rtr2	1170
329	1	Rtr2	120
330	1	Rtr2	162
331	1	Rtr2	137
332	1	Rtr2	159
333	1	Rtr2	74
334	1	Rtr2	54
335	1	Rtr2	112
336	1	Rtr2	102
337	1	Rtr2	80
338	1	Rtr2	65
339	1	Rtr2	61
340	1	Rtr2	123
341	1	Rtr2	120
342	1	Rtr2	115
343	1	Rtr2	99
344	1	Rtr2	98
345	1	Rtr2	1171
346	1	Rtr2	2215
347	1	Rtr2	2222
348	1	Rtr2	2174
349	1	Rtr2	1146
350	1	Rtr2	158
351	1	Rtr2	136
352	1	Rtr2	107
353	1	Rtr2	58
354	1	Rtr2	90
355	1	Rtr2	124
356	1	Rtr2	127
357	1	Rtr2	121
358	1	Rtr2	79
359	1	Rtr2	49
360	1	Rtr2	98
361	1	Rtr2	122
362	1	Rtr2	87
363	1	Rtr2	97
364	1	Rtr2	70
365	1	Rtr2	142
366	1	Rtr2	1166
367	1	Rtr2	2196
368	1	Rtr2	2163
369	1	Rtr2	2160
370	1	Rtr2	1194
371	1	Rtr2	146
372	1	Rtr2	147
373	1	Rtr2	90
374	1	Rtr2	71
375	1	Rtr2	137
376	1	Rtr2	444
377	1	Rtr2	463
378	1	Rtr2	448
379	1	Rtr2	423
380	1	Rtr2	436
381	1	Rtr2	424
382	1	Rtr2	407
383	1	Rtr2	65
384	1	Rtr2	49
385	1	Rtr2	89
386	1	Rtr2	91
387	1	Rtr2	1111
388	1	Rtr2	2145
389	1	Rtr2	2167
390	1	Rtr2	2215
391	1	Rtr2	1203
392	1	Rtr2	166
393	1	Rtr2	90
394	1	Rtr2	72
395	1	Rtr2	116
396	1	Rtr2	130
397	1	Rtr2	126
398	1	Rtr2	86
399	1	Rtr2	64
400	1	Rtr2	118
401	1	Rtr2	113
402	1	Rtr2	126
403	1	Rtr2	83
404	1	Rtr2	79
405	1	Rtr2	144
406	1	Rtr2	151
407	1	Rtr2	144
408	1	Rtr2	1099
409	1	Rtr2	2129
410	1	Rtr2	2195
411	1	Rtr2	2196
412	1	Rtr2	1185
413	1	Rtr2	116
414	1	Rtr2	106
415	1	Rtr2	156
416	1	Rtr2	166
417	1	Rtr2	159
418	1	Rtr2	93
419	1	Rtr2	93
420	1	Rtr2	158
421	1	Rtr2	156
422	1	Rtr2	159
423	1	Rtr2	86
424	1	Rtr2	69
425	1	Rtr2	142
426	1	Rtr2	116
427	1	Rtr2	135
428	1	Rtr2	106
429	1	Rtr2	1108
430	1	Rtr2	2194
431	1	Rtr2	2203
432	1	Rtr2	2207
433	1	Rtr2	1384
434	1	Rtr2	363
435	1	Rtr2	479
436	1	Rtr2	509
437	1	Rtr2	452
438	1	Rtr2	380
439	1	Rtr2	380
440	1	Rtr2	141
441	1	Rtr2	148
442	1	Rtr2	160
443	1	Rtr2	94
444	1	Rtr2	73
445	1	Rtr2	109
446	1	Rtr2	124
447	1	Rtr2	110
448	1	Rtr2	68
449	1	Rtr2	57
450	1	Rtr2	1129
451	1	Rtr2	2171
452	1	Rtr2	2161
453	1	Rtr2	2136
454	1	Rtr2	1136
455	1	Rtr2	173
456	1	Rtr2	145
457	1	Rtr2	122
458	1	Rtr2	85
459	1	Rtr2	68
460	1	Rtr2	116
461	1	Rtr2	112
462	1	Rtr2	106
463	1	Rtr2	91
464	1	Rtr2	78
465	1	Rtr2	116
466	1	Rtr2	118
467	1	Rtr2	116
468	1	Rtr2	77
469	1	Rtr2	71
470	1	Rtr2	115
471	1	Rtr2	1139
472	1	Rtr2	2172
473	1	Rtr2	2124
474	1	Rtr2	2126
475	1	Rtr2	1175
476	1	Rtr2	148
477	1	Rtr2	115
478	1	Rtr2	73
479	1	Rtr2	79
480	1	Rtr2	152
481	1	Rtr2	151
482	1	Rtr2	127
483	1	Rtr2	95
484	1	Rtr2	86
485	1	Rtr2	125
486	1	Rtr2	116
487	1	Rtr2	140
488	1	Rtr2	91
489	1	Rtr2	55
490	1	Rtr2	117
491	1	Rtr2	410
492	1	Rtr2	1476
493	1	Rtr2	2447
494	1	Rtr2	2442
495	1	Rtr2	2451
496	1	Rtr2	1453
497	1	Rtr2	403
498	1	Rtr2	86
499	1	Rtr2	46
500	1	Rtr2	79
501	1	Rtr2	76
502	1	Rtr2	68
503	1	Rtr2	47
504	1	Rtr2	67
505	1	Rtr2	116
506	1	Rtr2	107
507	1	Rtr2	103
508	1	Rtr2	72
509	1	Rtr2	60
510	1	Rtr2	125
511	1	Rtr2	131
512	1	Rtr2	120
513	1	Rtr2	1098
514	1	Rtr2	2108
515	1	Rtr2	2168
516	1	Rtr2	2171
517	1	Rtr2	1185
518	1	Rtr2	123
519	1	Rtr2	85
520	1	Rtr2	130
521	1	Rtr2	156
522	1	Rtr2	150
523	1	Rtr2	55
524	1	Rtr2	74
525	1	Rtr2	114
526	1	Rtr2	121
527	1	Rtr2	111
528	1	Rtr2	81
529	1	Rtr2	68
530	1	Rtr2	118
531	1	Rtr2	107
532	1	Rtr2	104
533	1	Rtr2	72
534	1	Rtr2	1068
535	1	Rtr2	2132
536	1	Rtr2	2150
537	1	Rtr2	2142
538	1	Rtr2	1123
539	1	Rtr2	101
540	1	Rtr2	131
541	1	Rtr2	133
542	1	Rtr2	156
543	1	Rtr2	75
544	1	Rtr2	66
545	1	Rtr2	112
546	1	Rtr2	122
547	1	Rtr2	402
548	1	Rtr2	434
549	1	Rtr2	444
550	1	Rtr2	459
551	1	Rtr2	409
552	1	Rtr2	416
553	1	Rtr2	311
554	1	Rtr2	65
555	1	Rtr2	1121
556	1	Rtr2	2127
557	1	Rtr2	2144
558	1	Rtr2	2099
559	1	Rtr2	1118
560	1	Rtr2	173
561	1	Rtr2	126
562	1	Rtr2	115
563	1	Rtr2	63
564	1	Rtr2	324
565	1	Rtr2	457
566	1	Rtr2	445
567	1	Rtr2	441
568	1	Rtr2	346
569	1	Rtr2	314
570	1	Rtr2	334
571	1	Rtr2	134
572	1	Rtr2	104
573	1	Rtr2	61
574	1	Rtr2	69
575	1	Rtr2	109
576	1	Rtr2	1098
577	1	Rtr2	2128
578	1	Rtr2	2092
579	1	Rtr2	2091
580	1	Rtr2	1147
581	1	Rtr2	138
582	1	Rtr2	126
583	1	Rtr2	83
584	1	Rtr2	76
585	1	Rtr2	117
586	1	Rtr2	118
587	1	Rtr2	124
588	1	Rtr2	87
589	1	Rtr2	58
590	1	Rtr2	90
591	1	Rtr2	106
592	1	Rtr2	117
593	1	Rtr2	64
594	1	Rtr2	68
595	1	Rtr2	125
596	1	Rtr2	105
597	1	Rtr2	1108
598	1	Rtr2	2100
599	1	Rtr2	2106
600	1	Rtr2	2150
601	1	Rtr2	1152
602	1	Rtr2	146
603	1	Rtr2	1081
604	1	Rtr2	2078
605	1	Rtr2	2131
606	1	Rtr2	2126
607	1	Rtr2	1158
608	1	Rtr2	118
609	1	Rtr2	98
610	1	Rtr2	152
611	1	Rtr2	131
612	1	Rtr2	127
613	1	Rtr2	93
614	1	Rtr2	85
615	1	Rtr2	139
616	1	Rtr2	130
617	1	Rtr2	144
618	1	Rtr2	61
619	1	Rtr2	49
620	1	Rtr2	94
621	1	Rtr2	108
622	1	Rtr2	103
623	1	Rtr2	406
624	1	Rtr2	1405
625	1	Rtr2	2458
626	1	Rtr2	2458
627	1	Rtr2	2410
628	1	Rtr2	1329
629	1	Rtr2	321
630	1	Rtr2	133
631	1	Rtr2	117
632	1	Rtr2	112
633	1	Rtr2	60
634	1	Rtr2	61
635	1	Rtr2	95
636	1	Rtr2	102
637	1	Rtr2	98
638	1	Rtr2	63
639	1	Rtr2	54
640	1	Rtr2	101
641	1	Rtr2	128
642	1	Rtr2	111
643	1	Rtr2	76
644	1	Rtr2	91
645	1	Rtr2	1106
646	1	Rtr2	2111
647	1	Rtr2	2116
648	1	Rtr2	2066
649	1	Rtr2	1079
650	1	Rtr2	120
651	1	Rtr2	108
652	1	Rtr2	111
653	1	Rtr2	53
654	1	Rtr2	60
655	1	Rtr2	113
656	1	Rtr2	102
657	1	Rtr2	101
658	1	Rtr2	49
659	1	Rtr2	37
660	1	Rtr2	84
661	1	Rtr2	95
662	1	Rtr2	83
663	1	Rtr2	77
664	1	Rtr2	68
665	1	Rtr2	101
666	1	Rtr2	1085
667	1	Rtr2	2083
668	1	Rtr2	2058
669	1	Rtr2	2058
670	1	Rtr2	1124
671	1	Rtr2	118
672	1	Rtr2	105
673	1	Rtr2	80
674	1	Rtr2	44
675	1	Rtr2	87
676	1	Rtr2	85
677	1	Rtr2	69
678	1	Rtr2	74
679	1	Rtr2	378
680	1	Rtr2	453
681	1	Rtr2	462
682	1	Rtr2	453
683	1	Rtr2	351
684	1	Rtr2	343
685	1	Rtr2	367
686	1	Rtr2	106
687	1	Rtr2	1073
688	1	Rtr2	2041
689	1	Rtr2	2050
690	1	Rtr2	2091
691	1	Rtr2	1120
692	1	Rtr2	151
693	1	Rtr2	83
694	1	Rtr2	75
695	1	Rtr2	113
696	1	Rtr2	121
697	1	Rtr2	103
698	1	Rtr2	52
699	1	Rtr2	57
700	1	Rtr2	98
701	1	Rtr2	114
702	1	Rtr2	116
703	1	Rtr2	90
704	1	Rtr2	57
705	1	Rtr2	93
706	1	Rtr2	110
707	1	Rtr2	95
708	1	Rtr2	1060
709	1	Rtr2	2043
710	1	Rtr2	2092
711	1	Rtr2	2093
712	1	Rtr2	1122
713	1	Rtr2	105
714	1	Rtr2	93
715	1	Rtr2	129
716	1	Rtr2	151
717	1	Rtr2	141
718	1	Rtr2	63
719	1	Rtr2	56
720	1	Rtr2	89
721	1	Rtr2	101
722	1	Rtr2	89
723	1	Rtr2	85
724	1	Rtr2	75
725	1	Rtr2	115
726	1	Rtr2	120
727	1	Rtr2	101
728	1	Rtr2	48
729	1	Rtr2	1026
730	1	Rtr2	2050
731	1	Rtr2	2057
732	1	Rtr2	2059
733	1	Rtr2	1075
734	1	Rtr2	89
735	1	Rtr2	110
736	1	Rtr2	113
737	1	Rtr2	119
738	1	Rtr2	38
739	1	Rtr2	46
740	1	Rtr2	69
741	1	Rtr2	72
742	1	Rtr2	353
743	1	Rtr2	327
744	1	Rtr2	351
745	1	Rtr2	386
746	1	Rtr2	344
747	1	Rtr2	338
748	1	Rtr2	258
749	1	Rtr2	27
750	1	Rtr2	1033
751	1	Rtr2	2024
752	1	Rtr2	2031
753	1	Rtr2	2039
754	1	Rtr2	1088
755	1	Rtr2	146
756	1	Rtr2	127
757	1	Rtr2	120
758	1	Rtr2	79
759	1	Rtr2	46
760	1	Rtr2	71
761	1	Rtr2	66
762	1	Rtr2	74
763	1	Rtr2	59
764	1	Rtr2	53
765	1	Rtr2	78
766	1	Rtr2	76
767	1	Rtr2	74
768	1	Rtr2	62
769	1	Rtr2	62
770	1	Rtr2	432
771	1	Rtr2	1387
772	1	Rtr2	2365
773	1	Rtr2	2319
774	1	Rtr2	2259
775	1	Rtr2	1321
776	1	Rtr2	319
777	1	Rtr2	100
778	1	Rtr2	48
779	1	Rtr2	54
780	1	Rtr2	85
781	1	Rtr2	85
782	1	Rtr2	80
783	1	Rtr2	71
784	1	Rtr2	51
785	1	Rtr2	100
786	1	Rtr2	100
787	1	Rtr2	84
788	1	Rtr2	44
789	1	Rtr2	43
790	1	Rtr2	77
791	1	Rtr2	75
792	1	Rtr2	1037
793	1	Rtr2	2012
794	1	Rtr2	2018
795	1	Rtr2	2047
796	1	Rtr2	1095
797	1	Rtr2	125
798	1	Rtr2	70
799	1	Rtr2	61
800	1	Rtr2	101
801	1	Rtr2	119
802	1	Rtr2	99
803	1	Rtr2	64
804	1	Rtr2	75
805	1	Rtr2	100
806	1	Rtr2	87
807	1	Rtr2	95
808	1	Rtr2	64
809	1	Rtr2	58
810	1	Rtr2	78
811	1	Rtr2	75
812	1	Rtr2	78
813	1	Rtr2	1024
814	1	Rtr2	1997
815	1	Rtr2	2033
816	1	Rtr2	2037
817	1	Rtr2	1082
818	1	Rtr2	97
819	1	Rtr2	73
820	1	Rtr2	111
821	1	Rtr2	107
822	1	Rtr2	89
823	1	Rtr2	69
824	1	Rtr2	59
825	1	Rtr2	74
826	1	Rtr2	85
827	1	Rtr2	60
828	1	Rtr2	68
829	1	Rtr2	43
830	1	Rtr2	70
831	1	Rtr2	82
832	1	Rtr2	75
833	1	Rtr2	50
834	1	Rtr2	1005
835	1	Rtr2	2003
836	1	Rtr2	2032
837	1	Rtr2	2030
838	1	Rtr2	1059
839	1	Rtr2	359
840	1	Rtr2	404
841	1	Rtr2	432
842	1	Rtr2	428
843	1	Rtr2	323
844	1	Rtr2	314
845	1	Rtr2	317
846	1	Rtr2	91
847	1	Rtr2	91
848	1	Rtr2	45
849	1	Rtr2	27
850	1	Rtr2	58
851	1	Rtr2	58
852	1	Rtr2	53
853	1	Rtr2	31
854	1	Rtr2	44
855	1	Rtr2	1022
856	1	Rtr2	1997
857	1	Rtr2	2008
858	1	Rtr2	1999
859	1	Rtr2	1051
860	1	Rtr2	107
861	1	Rtr2	98
862	1	Rtr2	106
863	1	Rtr2	71
864	1	Rtr2	60
865	1	Rtr2	87
866	1	Rtr2	84
867	1	Rtr2	74
868	1	Rtr2	68
869	1	Rtr2	38
870	1	Rtr2	73
871	1	Rtr2	77
872	1	Rtr2	66
873	1	Rtr2	58
874	1	Rtr2	40
875	1	Rtr2	76
876	1	Rtr2	1027
877	1	Rtr2	1996
878	1	Rtr2	1990
879	1	Rtr2	1989
880	1	Rtr2	1067
881	1	Rtr2	102
882	1	Rtr2	95
883	1	Rtr2	49
884	1	Rtr2	52
885	1	Rtr2	80
886	1	Rtr2	61
887	1	Rtr2	58
888	1	Rtr2	54
889	1	Rtr2	59
890	1	Rtr2	104
891	1	Rtr2	333
892	1	Rtr2	348
893	1	Rtr2	326
894	1	Rtr2	315
895	1	Rtr2	309
896	1	Rtr2	292
897	1	Rtr2	1238
898	1	Rtr2	1983
899	1	Rtr2	1987
900	1	Rtr2	2019
901	1	Rtr2	1077
902	1	Rtr2	120
903	1	Rtr2	1012
904	1	Rtr2	1968
905	1	Rtr2	2017
906	1	Rtr2	2009
907	1	Rtr2	1052
908	1	Rtr2	80
909	1	Rtr2	71
910	1	Rtr2	100
911	1	Rtr2	103
912	1	Rtr2	97
913	1	Rtr2	60
914	1	Rtr2	49
915	1	Rtr2	88
916	1	Rtr2	78
917	1	Rtr2	83
918	1	Rtr2	41
919	1	Rtr2	42
920	1	Rtr2	68
921	1	Rtr2	78
922	1	Rtr2	63
923	1	Rtr2	60
924	1	Rtr2	990
925	1	Rtr2	1981
926	1	Rtr2	1985
927	1	Rtr2	1985
928	1	Rtr2	1029
929	1	Rtr2	88
930	1	Rtr2	103
931	1	Rtr2	95
932	1	Rtr2	93
933	1	Rtr2	43
934	1	Rtr2	39
935	1	Rtr2	61
936	1	Rtr2	70
937	1	Rtr2	336
938	1	Rtr2	348
939	1	Rtr2	320
940	1	Rtr2	350
941	1	Rtr2	293
942	1	Rtr2	300
943	1	Rtr2	211
944	1	Rtr2	45
945	1	Rtr2	1002
946	1	Rtr2	1969
947	1	Rtr2	1979
948	1	Rtr2	1968
949	1	Rtr2	1011
950	1	Rtr2	86
951	1	Rtr2	77
952	1	Rtr2	75
953	1	Rtr2	56
954	1	Rtr2	48
955	1	Rtr2	64
956	1	Rtr2	63
957	1	Rtr2	53
958	1	Rtr2	52
959	1	Rtr2	20
960	1	Rtr2	44
961	1	Rtr2	46
962	1	Rtr2	46
963	1	Rtr2	48
964	1	Rtr2	45
965	1	Rtr2	77
966	1	Rtr2	1014
967	1	Rtr2	1965
968	1	Rtr2	1950
969	1	Rtr2	1955
970	1	Rtr2	1050
971	1	Rtr2	83
972	1	Rtr2	74
973	1	Rtr2	50
974	1	Rtr2	53
975	1	Rtr2	68
976	1	Rtr2	68
977	1	Rtr2	60
978	1	Rtr2	44
979	1	Rtr2	37
980	1	Rtr2	71
981	1	Rtr2	51
982	1	Rtr2	46
983	1	Rtr2	35
984	1	Rtr2	37
985	1	Rtr2	71
986	1	Rtr2	64
987	1	Rtr2	1014
988	1	Rtr2	1932
989	1	Rtr2	1945
990	1	Rtr2	1969
991	1	Rtr2	1041
992	1	Rtr2	93
993	1	Rtr2	386
994	1	Rtr2	370
995	1	Rtr2	379
996	1	Rtr2	383
997	1	Rtr2	330
998	1	Rtr2	264
999	1	Rtr2	238
1000	1	Rtr2	66
1001	1	Rtr2	299
1002	1	Rtr2	291
1003	1	Rtr2	1224
1004	1	Rtr2	2167
1005	1	Rtr2	2164
1006	1	Rtr2	2156
1007	1	Rtr2	1212
1008	1	Rtr2	42
1009	1	Rtr2	23
1010	1	Rtr2	45
1011	1	Rtr2	58
1012	1	Rtr2	55
1013	1	Rtr2	51
1014	1	Rtr2	30
1015	1	Rtr2	63
1016	1	Rtr2	53
1017	1	Rtr2	46
1018	1	Rtr2	25
1019	1	Rtr2	33
1020	1	Rtr2	62
1021	1	Rtr2	54
1022	1	Rtr2	40
1023	1	Rtr2	48
1024	1	Rtr2	977
1025	1	Rtr2	1948
1026	1	Rtr2	1961
1027	1	Rtr2	1959
1028	1	Rtr2	1008
1029	1	Rtr2	50
1030	1	Rtr2	60
1031	1	Rtr2	56
1032	1	Rtr2	53
1033	1	Rtr2	36
1034	1	Rtr2	32
1035	1	Rtr2	35
1036	1	Rtr2	56
1037	1	Rtr2	38
1038	1	Rtr2	21
1039	1	Rtr2	46
1040	1	Rtr2	58
1041	1	Rtr2	68
1042	1	Rtr2	43
1043	1	Rtr2	36
1044	1	Rtr2	35
1045	1	Rtr2	979
1046	1	Rtr2	1920
1047	1	Rtr2	1932
1048	1	Rtr2	1928
1049	1	Rtr2	1002
1050	1	Rtr2	81
1051	1	Rtr2	77
1052	1	Rtr2	86
1053	1	Rtr2	51
1054	1	Rtr2	30
1055	1	Rtr2	50
1056	1	Rtr2	303
1057	1	Rtr2	307
1058	1	Rtr2	302
1059	1	Rtr2	304
1060	1	Rtr2	298
1061	1	Rtr2	289
1062	1	Rtr2	267
1063	1	Rtr2	29
1064	1	Rtr2	26
1065	1	Rtr2	38
1066	1	Rtr2	981
1067	1	Rtr2	1910
1068	1	Rtr2	1920
1069	1	Rtr2	1925
1070	1	Rtr2	1023
1071	1	Rtr2	84
1072	1	Rtr2	73
1073	1	Rtr2	49
1074	1	Rtr2	46
1075	1	Rtr2	65
1076	1	Rtr2	62
1077	1	Rtr2	68
1078	1	Rtr2	50
1079	1	Rtr2	38
1080	1	Rtr2	60
1081	1	Rtr2	65
1082	1	Rtr2	59
1083	1	Rtr2	56
1084	1	Rtr2	46
1085	1	Rtr2	71
1086	1	Rtr2	65
1087	1	Rtr2	996
1088	1	Rtr2	1909
1089	1	Rtr2	1917
1090	1	Rtr2	1934
1091	1	Rtr2	1012
1092	1	Rtr2	75
1093	1	Rtr2	70
1094	1	Rtr2	41
1095	1	Rtr2	53
1096	1	Rtr2	57
1097	1	Rtr2	42
1098	1	Rtr2	32
1099	1	Rtr2	33
1100	1	Rtr2	49
1101	1	Rtr2	46
1102	1	Rtr2	43
1103	1	Rtr2	35
1104	1	Rtr2	27
1105	1	Rtr2	51
1106	1	Rtr2	57
1107	1	Rtr2	45
1108	1	Rtr2	969
1109	1	Rtr2	1898
1110	1	Rtr2	1928
1111	1	Rtr2	2182
1112	1	Rtr2	1275
1113	1	Rtr2	310
1114	1	Rtr2	323
1115	1	Rtr2	315
1116	1	Rtr2	306
1117	1	Rtr2	283
1118	1	Rtr2	28
1119	1	Rtr2	39
1120	1	Rtr2	37
1121	1	Rtr2	43
1122	1	Rtr2	37
1123	1	Rtr2	32
1124	1	Rtr2	32
1125	1	Rtr2	49
1126	1	Rtr2	47
1127	1	Rtr2	48
1128	1	Rtr2	33
1129	1	Rtr2	964
1130	1	Rtr2	1918
1131	1	Rtr2	1923
1132	1	Rtr2	1924
1133	1	Rtr2	990
1134	1	Rtr2	56
1135	1	Rtr2	57
1136	1	Rtr2	56
1137	1	Rtr2	37
1138	1	Rtr2	29
1139	1	Rtr2	33
1140	1	Rtr2	48
1141	1	Rtr2	59
1142	1	Rtr2	46
1143	1	Rtr2	27
1144	1	Rtr2	31
1145	1	Rtr2	44
1146	1	Rtr2	55
1147	1	Rtr2	42
1148	1	Rtr2	41
1149	1	Rtr2	32
1150	1	Rtr2	958
1151	1	Rtr2	1882
1152	1	Rtr2	1901
1153	1	Rtr2	1893
1154	1	Rtr2	985
1155	1	Rtr2	79
1156	1	Rtr2	71
1157	1	Rtr2	51
1158	1	Rtr2	35
1159	1	Rtr2	42
1160	1	Rtr2	56
1161	1	Rtr2	313
1162	1	Rtr2	339
1163	1	Rtr2	325
1164	1	Rtr2	301
1165	1	Rtr2	286
1166	1	Rtr2	259
1167	1	Rtr2	252
1168	1	Rtr2	30
1169	1	Rtr2	29
1170	1	Rtr2	39
1171	1	Rtr2	952
1172	1	Rtr2	1884
1173	1	Rtr2	1891
1174	1	Rtr2	1895
1175	1	Rtr2	998
1176	1	Rtr2	86
1177	1	Rtr2	55
1178	1	Rtr2	20
1179	1	Rtr2	21
1180	1	Rtr2	37
1181	1	Rtr2	29
1182	1	Rtr2	25
1183	1	Rtr2	24
1184	1	Rtr2	25
1185	1	Rtr2	47
1186	1	Rtr2	25
1187	1	Rtr2	38
1188	1	Rtr2	30
1189	1	Rtr2	39
1190	1	Rtr2	55
1191	1	Rtr2	51
1192	1	Rtr2	963
1193	1	Rtr2	1877
1194	1	Rtr2	1878
1195	1	Rtr2	1902
1196	1	Rtr2	992
1197	1	Rtr2	75
1198	1	Rtr2	52
1199	1	Rtr2	45
1200	1	Rtr2	51
1201	1	Rtr2	38
1202	1	Rtr2	36
1203	1	Rtr2	32
1204	1	Rtr2	25
1205	1	Rtr2	32
1206	1	Rtr2	28
1207	1	Rtr2	22
1208	1	Rtr2	19
1209	1	Rtr2	33
1210	1	Rtr2	40
1211	1	Rtr2	43
1212	1	Rtr2	37
1213	1	Rtr2	942
1214	1	Rtr2	1865
1215	1	Rtr2	1897
1216	1	Rtr2	1897
1217	1	Rtr2	981
1218	1	Rtr2	54
1219	1	Rtr2	40
1220	1	Rtr2	43
1221	1	Rtr2	214
1222	1	Rtr2	266
1223	1	Rtr2	270
1224	1	Rtr2	232
1225	1	Rtr2	228
1226	1	Rtr2	216
1227	1	Rtr2	190
1228	1	Rtr2	29
1229	1	Rtr2	22
1230	1	Rtr2	26
1231	1	Rtr2	37
1232	1	Rtr2	33
1233	1	Rtr2	23
1234	1	Rtr2	935
1235	1	Rtr2	1876
1236	1	Rtr2	1882
1237	1	Rtr2	1880
1238	1	Rtr2	966
1239	1	Rtr2	44
1240	1	Rtr2	32
1241	1	Rtr2	51
1242	1	Rtr2	32
1243	1	Rtr2	24
1244	1	Rtr2	16
1245	1	Rtr2	29
1246	1	Rtr2	40
1247	1	Rtr2	22
1248	1	Rtr2	21
1249	1	Rtr2	30
1250	1	Rtr2	32
1251	1	Rtr2	39
1252	1	Rtr2	47
1253	1	Rtr2	21
1254	1	Rtr2	23
1255	1	Rtr2	944
1256	1	Rtr2	1851
1257	1	Rtr2	1857
1258	1	Rtr2	1861
1259	1	Rtr2	959
1260	1	Rtr2	48
1261	1	Rtr2	37
1262	1	Rtr2	30
1263	1	Rtr2	17
1264	1	Rtr2	27
1265	1	Rtr2	25
1266	1	Rtr2	267
1267	1	Rtr2	270
1268	1	Rtr2	277
1269	1	Rtr2	238
1270	1	Rtr2	213
1271	1	Rtr2	213
1272	1	Rtr2	198
1273	1	Rtr2	26
1274	1	Rtr2	23
1275	1	Rtr2	29
1276	1	Rtr2	938
1277	1	Rtr2	1839
1278	1	Rtr2	1852
1279	1	Rtr2	1851
1280	1	Rtr2	970
1281	1	Rtr2	54
1282	1	Rtr2	55
1283	1	Rtr2	26
1284	1	Rtr2	23
1285	1	Rtr2	35
1286	1	Rtr2	36
1287	1	Rtr2	28
1288	1	Rtr2	21
1289	1	Rtr2	26
1290	1	Rtr2	34
1291	1	Rtr2	27
1292	1	Rtr2	20
1293	1	Rtr2	19
1294	1	Rtr2	28
1295	1	Rtr2	29
1296	1	Rtr2	21
1297	1	Rtr2	931
1298	1	Rtr2	1826
1299	1	Rtr2	1840
1300	1	Rtr2	1856
1301	1	Rtr2	954
1302	1	Rtr2	36
1303	1	Rtr2	924
1304	1	Rtr2	1833
1305	1	Rtr2	1848
1306	1	Rtr2	1855
1307	1	Rtr2	951
1308	1	Rtr2	37
1309	1	Rtr2	20
1310	1	Rtr2	27
1311	1	Rtr2	26
1312	1	Rtr2	18
1313	1	Rtr2	22
1314	1	Rtr2	20
1315	1	Rtr2	20
1316	1	Rtr2	24
1317	1	Rtr2	24
1318	1	Rtr2	12
1319	1	Rtr2	16
1320	1	Rtr2	26
1321	1	Rtr2	260
1322	1	Rtr2	261
1323	1	Rtr2	273
1324	1	Rtr2	1121
1325	1	Rtr2	2021
1326	1	Rtr2	2021
1327	1	Rtr2	2020
1328	1	Rtr2	948
1329	1	Rtr2	29
1330	1	Rtr2	26
1331	1	Rtr2	24
1332	1	Rtr2	22
1333	1	Rtr2	24
1334	1	Rtr2	28
1335	1	Rtr2	30
1336	1	Rtr2	32
1337	1	Rtr2	12
1338	1	Rtr2	35
1339	1	Rtr2	20
1340	1	Rtr2	27
1341	1	Rtr2	16
1342	1	Rtr2	25
1343	1	Rtr2	24
1344	1	Rtr2	14
1345	1	Rtr2	915
1346	1	Rtr2	1809
1347	1	Rtr2	1831
1348	1	Rtr2	1817
1349	1	Rtr2	939
1350	1	Rtr2	40
1351	1	Rtr2	30
1352	1	Rtr2	22
1353	1	Rtr2	26
1354	1	Rtr2	17
1355	1	Rtr2	27
1356	1	Rtr2	34
1357	1	Rtr2	30
1358	1	Rtr2	15
1359	1	Rtr2	19
1360	1	Rtr2	27
1361	1	Rtr2	30
1362	1	Rtr2	19
1363	1	Rtr2	18
1364	1	Rtr2	31
1365	1	Rtr2	36
1366	1	Rtr2	919
1367	1	Rtr2	1810
1368	1	Rtr2	1819
1369	1	Rtr2	1819
1370	1	Rtr2	944
1371	1	Rtr2	45
1372	1	Rtr2	28
1373	1	Rtr2	18
1374	1	Rtr2	20
1375	1	Rtr2	36
1376	1	Rtr2	239
1377	1	Rtr2	264
1378	1	Rtr2	250
1379	1	Rtr2	239
1380	1	Rtr2	205
1381	1	Rtr2	205
1382	1	Rtr2	197
1383	1	Rtr2	28
1384	1	Rtr2	22
1385	1	Rtr2	16
1386	1	Rtr2	18
1387	1	Rtr2	908
1388	1	Rtr2	1803
1389	1	Rtr2	1809
1390	1	Rtr2	1824
1391	1	Rtr2	939
1392	1	Rtr2	44
1393	1	Rtr2	27
1394	1	Rtr2	19
1395	1	Rtr2	24
1396	1	Rtr2	26
1397	1	Rtr2	16
1398	1	Rtr2	18
1399	1	Rtr2	22
1400	1	Rtr2	20
1401	1	Rtr2	22
1402	1	Rtr2	35
1403	1	Rtr2	22
1404	1	Rtr2	22
1405	1	Rtr2	23
1406	1	Rtr2	23
1407	1	Rtr2	19
1408	1	Rtr2	908
1409	1	Rtr2	1794
1410	1	Rtr2	1813
1411	1	Rtr2	1810
1412	1	Rtr2	928
1413	1	Rtr2	30
1414	1	Rtr2	18
1415	1	Rtr2	21
1416	1	Rtr2	25
1417	1	Rtr2	26
1418	1	Rtr2	17
1419	1	Rtr2	14
1420	1	Rtr2	22
1421	1	Rtr2	24
1422	1	Rtr2	21
1423	1	Rtr2	20
1424	1	Rtr2	22
1425	1	Rtr2	20
1426	1	Rtr2	23
1427	1	Rtr2	21
1428	1	Rtr2	23
1429	1	Rtr2	902
1430	1	Rtr2	1801
1431	1	Rtr2	1803
1432	1	Rtr2	1813
1433	1	Rtr2	1138
1434	1	Rtr2	297
1435	1	Rtr2	294
1436	1	Rtr2	278
1437	1	Rtr2	208
1438	1	Rtr2	152
1439	1	Rtr2	143
1440	1	Rtr2	24
1441	1	Rtr2	17
1442	1	Rtr2	18
1443	1	Rtr2	16
1444	1	Rtr2	16
1445	1	Rtr2	17
1446	1	Rtr2	15
1447	1	Rtr2	15
1448	1	Rtr2	22
1449	1	Rtr2	20
1450	1	Rtr2	899
1451	1	Rtr2	1781
1452	1	Rtr2	1788
1453	1	Rtr2	1791
1454	1	Rtr2	919
1455	1	Rtr2	29
1456	1	Rtr2	18
1457	1	Rtr2	27
1458	1	Rtr2	16
1459	1	Rtr2	17
1460	1	Rtr2	19
1461	1	Rtr2	17
1462	1	Rtr2	18
1463	1	Rtr2	18
1464	1	Rtr2	17
1465	1	Rtr2	22
1466	1	Rtr2	15
1467	1	Rtr2	16
1468	1	Rtr2	15
1469	1	Rtr2	13
1470	1	Rtr2	18
1471	1	Rtr2	895
1472	1	Rtr2	1778
1473	1	Rtr2	1781
1474	1	Rtr2	1791
1475	1	Rtr2	926
1476	1	Rtr2	44
1477	1	Rtr2	31
1478	1	Rtr2	15
1479	1	Rtr2	21
1480	1	Rtr2	17
1481	1	Rtr2	14
1482	1	Rtr2	19
1483	1	Rtr2	14
1484	1	Rtr2	13
1485	1	Rtr2	16
1486	1	Rtr2	16
1487	1	Rtr2	17
1488	1	Rtr2	17
1489	1	Rtr2	14
1490	1	Rtr2	11
1491	1	Rtr2	256
1492	1	Rtr2	1121
1493	1	Rtr2	1996
1494	1	Rtr2	1982
1495	1	Rtr2	1958
1496	1	Rtr2	1079
1497	1	Rtr2	193
1498	1	Rtr2	20
1499	1	Rtr2	10
1500	1	Rtr2	11
1501	1	Rtr2	16
1502	1	Rtr2	16
1503	1	Rtr2	26
1504	1	Rtr2	14
1505	1	Rtr2	15
1506	1	Rtr2	16
1507	1	Rtr2	18
1508	1	Rtr2	13
1509	1	Rtr2	20
1510	1	Rtr2	19
1511	1	Rtr2	18
1512	1	Rtr2	18
1513	1	Rtr2	880
1514	1	Rtr2	1763
1515	1	Rtr2	1776
1516	1	Rtr2	1780
1517	1	Rtr2	910
1518	1	Rtr2	26
1519	1	Rtr2	16
1520	1	Rtr2	15
1521	1	Rtr2	18
1522	1	Rtr2	15
1523	1	Rtr2	17
1524	1	Rtr2	15
1525	1	Rtr2	14
1526	1	Rtr2	14
1527	1	Rtr2	14
1528	1	Rtr2	16
1529	1	Rtr2	9
1530	1	Rtr2	13
1531	1	Rtr2	21
1532	1	Rtr2	19
1533	1	Rtr2	15
1534	1	Rtr2	884
1535	1	Rtr2	1761
1536	1	Rtr2	1777
1537	1	Rtr2	1772
1538	1	Rtr2	898
1539	1	Rtr2	27
1540	1	Rtr2	21
1541	1	Rtr2	14
1542	1	Rtr2	16
1543	1	Rtr2	17
1544	1	Rtr2	18
1545	1	Rtr2	13
1546	1	Rtr2	13
1547	1	Rtr2	234
1548	1	Rtr2	237
1549	1	Rtr2	214
1550	1	Rtr2	238
1551	1	Rtr2	170
1552	1	Rtr2	154
1553	1	Rtr2	122
1554	1	Rtr2	15
1555	1	Rtr2	877
1556	1	Rtr2	1750
1557	1	Rtr2	1755
1558	1	Rtr2	1756
1559	1	Rtr2	895
1560	1	Rtr2	21
1561	1	Rtr2	14
1562	1	Rtr2	16
1563	1	Rtr2	16
1564	1	Rtr2	246
1565	1	Rtr2	299
1566	1	Rtr2	299
1567	1	Rtr2	272
1568	1	Rtr2	155
1569	1	Rtr2	149
1570	1	Rtr2	150
1571	1	Rtr2	20
1572	1	Rtr2	13
1573	1	Rtr2	18
1574	1	Rtr2	16
1575	1	Rtr2	18
1576	1	Rtr2	880
1577	1	Rtr2	1746
1578	1	Rtr2	1753
1579	1	Rtr2	1753
1580	1	Rtr2	903
1581	1	Rtr2	37
1582	1	Rtr2	26
1583	1	Rtr2	16
1584	1	Rtr2	8
1585	1	Rtr2	14
1586	1	Rtr2	16
1587	1	Rtr2	17
1588	1	Rtr2	14
1589	1	Rtr2	11
1590	1	Rtr2	17
1591	1	Rtr2	23
1592	1	Rtr2	13
1593	1	Rtr2	14
1594	1	Rtr2	11
1595	1	Rtr2	15
1596	1	Rtr2	11
1597	1	Rtr2	875
1598	1	Rtr2	1733
1599	1	Rtr2	1749
1600	1	Rtr2	1756
1601	1	Rtr2	892
1602	1	Rtr2	37
1603	1	Rtr2	871
1604	1	Rtr2	1727
1605	1	Rtr2	1744
1606	1	Rtr2	1745
1607	1	Rtr2	888
1608	1	Rtr2	24
1609	1	Rtr2	17
1610	1	Rtr2	14
1611	1	Rtr2	15
1612	1	Rtr2	11
1613	1	Rtr2	13
1614	1	Rtr2	14
1615	1	Rtr2	11
1616	1	Rtr2	15
1617	1	Rtr2	17
1618	1	Rtr2	12
1619	1	Rtr2	12
1620	1	Rtr2	12
1621	1	Rtr2	13
1622	1	Rtr2	12
1623	1	Rtr2	216
1624	1	Rtr2	1031
1625	1	Rtr2	1916
1626	1	Rtr2	1924
1627	1	Rtr2	1876
1628	1	Rtr2	992
1629	1	Rtr2	128
1630	1	Rtr2	15
1631	1	Rtr2	14
1632	1	Rtr2	13
1633	1	Rtr2	11
1634	1	Rtr2	11
1635	1	Rtr2	19
1636	1	Rtr2	15
1637	1	Rtr2	14
1638	1	Rtr2	12
1639	1	Rtr2	17
1640	1	Rtr2	14
1641	1	Rtr2	16
1642	1	Rtr2	15
1643	1	Rtr2	13
1644	1	Rtr2	18
1645	1	Rtr2	858
1646	1	Rtr2	1708
1647	1	Rtr2	1729
1648	1	Rtr2	1726
1649	1	Rtr2	886
1650	1	Rtr2	29
1651	1	Rtr2	13
1652	1	Rtr2	14
1653	1	Rtr2	13
1654	1	Rtr2	9
1655	1	Rtr2	12
1656	1	Rtr2	11
1657	1	Rtr2	13
1658	1	Rtr2	18
1659	1	Rtr2	8
1660	1	Rtr2	15
1661	1	Rtr2	15
1662	1	Rtr2	13
1663	1	Rtr2	12
1664	1	Rtr2	13
1665	1	Rtr2	17
1666	1	Rtr2	860
1667	1	Rtr2	1714
1668	1	Rtr2	1719
1669	1	Rtr2	1717
1670	1	Rtr2	877
1671	1	Rtr2	26
1672	1	Rtr2	15
1673	1	Rtr2	13
1674	1	Rtr2	17
1675	1	Rtr2	15
1676	1	Rtr2	17
1677	1	Rtr2	14
1678	1	Rtr2	14
1679	1	Rtr2	190
1680	1	Rtr2	239
1681	1	Rtr2	251
1682	1	Rtr2	226
1683	1	Rtr2	149
1684	1	Rtr2	140
1685	1	Rtr2	135
1686	1	Rtr2	14
1687	1	Rtr2	854
1688	1	Rtr2	1706
1689	1	Rtr2	1711
1690	1	Rtr2	1725
1691	1	Rtr2	877
1692	1	Rtr2	32
1693	1	Rtr2	13
1694	1	Rtr2	10
1695	1	Rtr2	13
1696	1	Rtr2	13
1697	1	Rtr2	12
1698	1	Rtr2	15
1699	1	Rtr2	10
1700	1	Rtr2	9
1701	1	Rtr2	15
1702	1	Rtr2	13
1703	1	Rtr2	8
1704	1	Rtr2	10
1705	1	Rtr2	15
1706	1	Rtr2	8
1707	1	Rtr2	13
1708	1	Rtr2	853
1709	1	Rtr2	1694
1710	1	Rtr2	1707
1711	1	Rtr2	1711
1712	1	Rtr2	872
1713	1	Rtr2	22
1714	1	Rtr2	12
1715	1	Rtr2	13
1716	1	Rtr2	13
1717	1	Rtr2	11
1718	1	Rtr2	16
1719	1	Rtr2	13
1720	1	Rtr2	15
1721	1	Rtr2	10
1722	1	Rtr2	11
1723	1	Rtr2	12
1724	1	Rtr2	14
1725	1	Rtr2	11
1726	1	Rtr2	15
1727	1	Rtr2	12
1728	1	Rtr2	12
1729	1	Rtr2	846
1730	1	Rtr2	1691
1731	1	Rtr2	1697
1732	1	Rtr2	1698
1733	1	Rtr2	862
1734	1	Rtr2	22
1735	1	Rtr2	14
1736	1	Rtr2	11
1737	1	Rtr2	15
1738	1	Rtr2	13
1739	1	Rtr2	15
1740	1	Rtr2	9
1741	1	Rtr2	12
1742	1	Rtr2	254
1743	1	Rtr2	215
1744	1	Rtr2	217
1745	1	Rtr2	229
1746	1	Rtr2	159
1747	1	Rtr2	157
1748	1	Rtr2	127
1749	1	Rtr2	15
1750	1	Rtr2	844
1751	1	Rtr2	1681
1752	1	Rtr2	1692
1753	1	Rtr2	1684
1754	1	Rtr2	857
1755	1	Rtr2	19
1756	1	Rtr2	11
1757	1	Rtr2	11
1758	1	Rtr2	14
1759	1	Rtr2	12
1760	1	Rtr2	16
1761	1	Rtr2	11
1762	1	Rtr2	12
1763	1	Rtr2	14
1764	1	Rtr2	10
1765	1	Rtr2	15
1766	1	Rtr2	8
1767	1	Rtr2	15
1768	1	Rtr2	13
1769	1	Rtr2	10
1770	1	Rtr2	215
1771	1	Rtr2	1026
1772	1	Rtr2	1840
1773	1	Rtr2	1838
1774	1	Rtr2	1789
1775	1	Rtr2	963
1776	1	Rtr2	124
1777	1	Rtr2	14
1778	1	Rtr2	9
1779	1	Rtr2	8
1780	1	Rtr2	14
1781	1	Rtr2	17
1782	1	Rtr2	11
1783	1	Rtr2	12
1784	1	Rtr2	13
1785	1	Rtr2	12
1786	1	Rtr2	12
1787	1	Rtr2	14
1788	1	Rtr2	9
1789	1	Rtr2	15
1790	1	Rtr2	10
1791	1	Rtr2	11
1792	1	Rtr2	836
1793	1	Rtr2	1664
1794	1	Rtr2	1677
1795	1	Rtr2	1678
1796	1	Rtr2	856
1797	1	Rtr2	18
1798	1	Rtr2	12
1799	1	Rtr2	10
1800	1	Rtr2	8
1801	1	Rtr2	6
1802	1	Rtr2	12
1803	1	Rtr2	9
1804	1	Rtr2	6
1805	1	Rtr2	12
1806	1	Rtr2	15
1807	1	Rtr2	13
1808	1	Rtr2	12
1809	1	Rtr2	10
1810	1	Rtr2	11
1811	1	Rtr2	11
1812	1	Rtr2	8
1813	1	Rtr2	835
1814	1	Rtr2	1665
1815	1	Rtr2	1674
1816	1	Rtr2	1678
1817	1	Rtr2	854
1818	1	Rtr2	16
1819	1	Rtr2	10
1820	1	Rtr2	9
1821	1	Rtr2	9
1822	1	Rtr2	7
1823	1	Rtr2	12
1824	1	Rtr2	8
1825	1	Rtr2	11
1826	1	Rtr2	8
1827	1	Rtr2	10
1828	1	Rtr2	7
1829	1	Rtr2	12
1830	1	Rtr2	8
1831	1	Rtr2	11
1832	1	Rtr2	8
1833	1	Rtr2	7
1834	1	Rtr2	832
1835	1	Rtr2	1660
1836	1	Rtr2	1668
1837	1	Rtr2	1671
1838	1	Rtr2	846
1839	1	Rtr2	197
1840	1	Rtr2	196
1841	1	Rtr2	183
1842	1	Rtr2	161
1843	1	Rtr2	89
1844	1	Rtr2	85
1845	1	Rtr2	86
1846	1	Rtr2	10
1847	1	Rtr2	13
1848	1	Rtr2	11
1849	1	Rtr2	14
1850	1	Rtr2	8
1851	1	Rtr2	10
1852	1	Rtr2	10
1853	1	Rtr2	10
1854	1	Rtr2	8
1855	1	Rtr2	824
1856	1	Rtr2	1651
1857	1	Rtr2	1661
1858	1	Rtr2	1658
1859	1	Rtr2	841
1860	1	Rtr2	14
1861	1	Rtr2	7
1862	1	Rtr2	10
1863	1	Rtr2	8
1864	1	Rtr2	10
1865	1	Rtr2	6
1866	1	Rtr2	11
1867	1	Rtr2	8
1868	1	Rtr2	9
1869	1	Rtr2	8
1870	1	Rtr2	12
1871	1	Rtr2	9
1872	1	Rtr2	12
1873	1	Rtr2	11
1874	1	Rtr2	9
1875	1	Rtr2	9
1876	1	Rtr2	820
1877	1	Rtr2	1642
1878	1	Rtr2	1660
1879	1	Rtr2	1652
1880	1	Rtr2	840
1881	1	Rtr2	23
1882	1	Rtr2	10
1883	1	Rtr2	10
1884	1	Rtr2	13
1885	1	Rtr2	12
1886	1	Rtr2	9
1887	1	Rtr2	9
1888	1	Rtr2	13
1889	1	Rtr2	10
1890	1	Rtr2	11
1891	1	Rtr2	181
1892	1	Rtr2	148
1893	1	Rtr2	150
1894	1	Rtr2	134
1895	1	Rtr2	110
1896	1	Rtr2	107
1897	1	Rtr2	919
1898	1	Rtr2	1640
1899	1	Rtr2	1645
1900	1	Rtr2	1648
1901	1	Rtr2	836
1902	1	Rtr2	18
1903	1	Rtr2	818
1904	1	Rtr2	1629
1905	1	Rtr2	1639
1906	1	Rtr2	1640
1907	1	Rtr2	832
1908	1	Rtr2	19
1909	1	Rtr2	7
1910	1	Rtr2	9
1911	1	Rtr2	13
1912	1	Rtr2	10
1913	1	Rtr2	12
1914	1	Rtr2	10
1915	1	Rtr2	9
1916	1	Rtr2	8
1917	1	Rtr2	9
1918	1	Rtr2	12
1919	1	Rtr2	9
1920	1	Rtr2	9
1921	1	Rtr2	9
1922	1	Rtr2	8
1923	1	Rtr2	9
1924	1	Rtr2	815
1925	1	Rtr2	1624
1926	1	Rtr2	1633
1927	1	Rtr2	1629
1928	1	Rtr2	830
1929	1	Rtr2	15
1930	1	Rtr2	9
1931	1	Rtr2	11
1932	1	Rtr2	8
1933	1	Rtr2	14
1934	1	Rtr2	9
1935	1	Rtr2	6
1936	1	Rtr2	8
1937	1	Rtr2	167
1938	1	Rtr2	152
1939	1	Rtr2	133
1940	1	Rtr2	140
1941	1	Rtr2	92
1942	1	Rtr2	93
1943	1	Rtr2	74
1944	1	Rtr2	13
1945	1	Rtr2	810
1946	1	Rtr2	1618
1947	1	Rtr2	1629
1948	1	Rtr2	1626
1949	1	Rtr2	825
1950	1	Rtr2	21
1951	1	Rtr2	11
1952	1	Rtr2	10
1953	1	Rtr2	10
1954	1	Rtr2	8
1955	1	Rtr2	10
1956	1	Rtr2	8
1957	1	Rtr2	9
1958	1	Rtr2	6
1959	1	Rtr2	10
1960	1	Rtr2	10
1961	1	Rtr2	5
1962	1	Rtr2	7
1963	1	Rtr2	9
1964	1	Rtr2	7
1965	1	Rtr2	6
1966	1	Rtr2	807
1967	1	Rtr2	1613
1968	1	Rtr2	1620
1969	1	Rtr2	1619
1970	1	Rtr2	823
1971	1	Rtr2	17
1972	1	Rtr2	7
1973	1	Rtr2	11
1974	1	Rtr2	8
1975	1	Rtr2	10
1976	1	Rtr2	8
1977	1	Rtr2	6
1978	1	Rtr2	7
1979	1	Rtr2	10
1980	1	Rtr2	11
1981	1	Rtr2	8
1982	1	Rtr2	8
1983	1	Rtr2	6
1984	1	Rtr2	10
1985	1	Rtr2	10
1986	1	Rtr2	6
1987	1	Rtr2	799
1988	1	Rtr2	1604
1989	1	Rtr2	1616
1990	1	Rtr2	1613
1991	1	Rtr2	821
1992	1	Rtr2	15
1993	1	Rtr2	171
1994	1	Rtr2	171
1995	1	Rtr2	172
1996	1	Rtr2	164
1997	1	Rtr2	99
1998	1	Rtr2	82
1999	1	Rtr2	80
