Time	Node	PitItems
	418
2	1	Rtr2	354
3	1	Rtr2	1422
4	1	Rtr2	2512
5	1	Rtr2	2231
6	1	Rtr2	2219
7	1	Rtr2	1141
8	1	Rtr2	33
9	1	Rtr2	8
10	1	Rtr2	9
11	1	Rtr2	12
12	1	Rtr2	8
13	1	Rtr2	11
14	1	Rtr2	10
15	1	Rtr2	5
16	1	Rtr2	8
17	1	Rtr2	8
18	1	Rtr2	12
19	1	Rtr2	9
20	1	Rtr2	4
21	1	Rtr2	9
22	1	Rtr2	10
23	1	Rtr2	10
24	1	Rtr2	1095
25	1	Rtr2	2192
26	1	Rtr2	2205
27	1	Rtr2	2204
28	1	Rtr2	1114
29	1	Rtr2	19
30	1	Rtr2	8
31	1	Rtr2	5
32	1	Rtr2	7
33	1	Rtr2	8
34	1	Rtr2	9
35	1	Rtr2	9
36	1	Rtr2	6
37	1	Rtr2	5
38	1	Rtr2	7
39	1	Rtr2	6
40	1	Rtr2	8
41	1	Rtr2	10
42	1	Rtr2	5
43	1	Rtr2	11
44	1	Rtr2	9
45	1	Rtr2	1092
46	1	Rtr2	2187
47	1	Rtr2	2203
48	1	Rtr2	2198
49	1	Rtr2	1115
50	1	Rtr2	18
51	1	Rtr2	6
52	1	Rtr2	8
53	1	Rtr2	11
54	1	Rtr2	12
55	1	Rtr2	10
56	1	Rtr2	373
57	1	Rtr2	305
58	1	Rtr2	305
59	1	Rtr2	300
60	1	Rtr2	14
61	1	Rtr2	9
62	1	Rtr2	9
63	1	Rtr2	7
64	1	Rtr2	11
65	1	Rtr2	10
66	1	Rtr2	1089
67	1	Rtr2	2184
68	1	Rtr2	2196
69	1	Rtr2	2192
70	1	Rtr2	1112
71	1	Rtr2	25
72	1	Rtr2	11
73	1	Rtr2	9
74	1	Rtr2	10
75	1	Rtr2	13
76	1	Rtr2	9
77	1	Rtr2	8
78	1	Rtr2	7
79	1	Rtr2	10
80	1	Rtr2	10
81	1	Rtr2	7
82	1	Rtr2	10
83	1	Rtr2	7
84	1	Rtr2	10
85	1	Rtr2	8
86	1	Rtr2	11
87	1	Rtr2	1086
88	1	Rtr2	2168
89	1	Rtr2	2186
90	1	Rtr2	2185
91	1	Rtr2	1116
92	1	Rtr2	25
93	1	Rtr2	8
94	1	Rtr2	8
95	1	Rtr2	11
96	1	Rtr2	8
97	1	Rtr2	8
98	1	Rtr2	9
99	1	Rtr2	11
100	1	Rtr2	10
101	1	Rtr2	6
102	1	Rtr2	10
103	1	Rtr2	11
104	1	Rtr2	7
105	1	Rtr2	7
106	1	Rtr2	10
107	1	Rtr2	9
108	1	Rtr2	1079
109	1	Rtr2	2171
110	1	Rtr2	2181
111	1	Rtr2	2523
112	1	Rtr2	1389
113	1	Rtr2	295
114	1	Rtr2	276
115	1	Rtr2	15
116	1	Rtr2	7
117	1	Rtr2	11
118	1	Rtr2	11
119	1	Rtr2	9
120	1	Rtr2	9
121	1	Rtr2	10
122	1	Rtr2	11
123	1	Rtr2	11
124	1	Rtr2	8
125	1	Rtr2	10
126	1	Rtr2	13
127	1	Rtr2	10
128	1	Rtr2	10
129	1	Rtr2	1086
130	1	Rtr2	2169
131	1	Rtr2	2181
132	1	Rtr2	2177
133	1	Rtr2	1105
134	1	Rtr2	20
135	1	Rtr2	9
136	1	Rtr2	9
137	1	Rtr2	12
138	1	Rtr2	12
139	1	Rtr2	8
140	1	Rtr2	10
141	1	Rtr2	10
142	1	Rtr2	8
143	1	Rtr2	6
144	1	Rtr2	12
145	1	Rtr2	10
146	1	Rtr2	9
147	1	Rtr2	13
148	1	Rtr2	13
149	1	Rtr2	10
150	1	Rtr2	1081
151	1	Rtr2	2159
152	1	Rtr2	2169
153	1	Rtr2	2167
154	1	Rtr2	1104
155	1	Rtr2	27
156	1	Rtr2	15
157	1	Rtr2	13
158	1	Rtr2	6
159	1	Rtr2	11
160	1	Rtr2	10
161	1	Rtr2	292
162	1	Rtr2	212
163	1	Rtr2	202
164	1	Rtr2	197
165	1	Rtr2	16
166	1	Rtr2	12
167	1	Rtr2	7
168	1	Rtr2	13
169	1	Rtr2	10
170	1	Rtr2	8
171	1	Rtr2	1077
172	1	Rtr2	2150
173	1	Rtr2	2164
174	1	Rtr2	2169
175	1	Rtr2	1100
176	1	Rtr2	29
177	1	Rtr2	16
178	1	Rtr2	11
179	1	Rtr2	12
180	1	Rtr2	12
181	1	Rtr2	16
182	1	Rtr2	12
183	1	Rtr2	13
184	1	Rtr2	8
185	1	Rtr2	12
186	1	Rtr2	6
187	1	Rtr2	8
188	1	Rtr2	14
189	1	Rtr2	12
190	1	Rtr2	6
191	1	Rtr2	9
192	1	Rtr2	1076
193	1	Rtr2	2146
194	1	Rtr2	2156
195	1	Rtr2	2160
196	1	Rtr2	1101
197	1	Rtr2	23
198	1	Rtr2	7
199	1	Rtr2	17
200	1	Rtr2	9
201	1	Rtr2	9
202	1	Rtr2	9
203	1	Rtr2	8
204	1	Rtr2	10
205	1	Rtr2	11
206	1	Rtr2	12
207	1	Rtr2	10
208	1	Rtr2	10
209	1	Rtr2	9
210	1	Rtr2	8
211	1	Rtr2	12
212	1	Rtr2	10
213	1	Rtr2	1072
214	1	Rtr2	2140
215	1	Rtr2	2158
216	1	Rtr2	2156
217	1	Rtr2	1093
218	1	Rtr2	22
219	1	Rtr2	10
220	1	Rtr2	13
221	1	Rtr2	382
222	1	Rtr2	294
223	1	Rtr2	286
224	1	Rtr2	279
225	1	Rtr2	15
226	1	Rtr2	11
227	1	Rtr2	10
228	1	Rtr2	11
229	1	Rtr2	7
230	1	Rtr2	10
231	1	Rtr2	9
232	1	Rtr2	14
233	1	Rtr2	13
234	1	Rtr2	1070
235	1	Rtr2	2140
236	1	Rtr2	2153
237	1	Rtr2	2149
238	1	Rtr2	1088
239	1	Rtr2	20
240	1	Rtr2	10
241	1	Rtr2	13
242	1	Rtr2	13
243	1	Rtr2	12
244	1	Rtr2	10
245	1	Rtr2	10
246	1	Rtr2	12
247	1	Rtr2	14
248	1	Rtr2	14
249	1	Rtr2	13
250	1	Rtr2	12
251	1	Rtr2	9
252	1	Rtr2	10
253	1	Rtr2	17
254	1	Rtr2	12
255	1	Rtr2	1067
256	1	Rtr2	2129
257	1	Rtr2	2140
258	1	Rtr2	2148
259	1	Rtr2	1090
260	1	Rtr2	24
261	1	Rtr2	13
262	1	Rtr2	8
263	1	Rtr2	11
264	1	Rtr2	12
265	1	Rtr2	9
266	1	Rtr2	274
267	1	Rtr2	205
268	1	Rtr2	204
269	1	Rtr2	200
270	1	Rtr2	19
271	1	Rtr2	16
272	1	Rtr2	16
273	1	Rtr2	15
274	1	Rtr2	10
275	1	Rtr2	6
276	1	Rtr2	1065
277	1	Rtr2	2124
278	1	Rtr2	2139
279	1	Rtr2	2138
280	1	Rtr2	1090
281	1	Rtr2	27
282	1	Rtr2	16
283	1	Rtr2	14
284	1	Rtr2	14
285	1	Rtr2	14
286	1	Rtr2	12
287	1	Rtr2	15
288	1	Rtr2	13
289	1	Rtr2	11
290	1	Rtr2	12
291	1	Rtr2	13
292	1	Rtr2	12
293	1	Rtr2	14
294	1	Rtr2	12
295	1	Rtr2	12
296	1	Rtr2	9
297	1	Rtr2	1064
298	1	Rtr2	2123
299	1	Rtr2	2131
300	1	Rtr2	2137
301	1	Rtr2	1090
302	1	Rtr2	29
303	1	Rtr2	1062
304	1	Rtr2	2115
305	1	Rtr2	2132
306	1	Rtr2	2127
307	1	Rtr2	1084
308	1	Rtr2	29
309	1	Rtr2	12
310	1	Rtr2	11
311	1	Rtr2	8
312	1	Rtr2	12
313	1	Rtr2	15
314	1	Rtr2	11
315	1	Rtr2	15
316	1	Rtr2	16
317	1	Rtr2	11
318	1	Rtr2	16
319	1	Rtr2	13
320	1	Rtr2	17
321	1	Rtr2	322
322	1	Rtr2	260
323	1	Rtr2	256
324	1	Rtr2	1288
325	1	Rtr2	2122
326	1	Rtr2	2126
327	1	Rtr2	2127
328	1	Rtr2	1075
329	1	Rtr2	23
330	1	Rtr2	14
331	1	Rtr2	13
332	1	Rtr2	9
333	1	Rtr2	14
334	1	Rtr2	9
335	1	Rtr2	10
336	1	Rtr2	11
337	1	Rtr2	14
338	1	Rtr2	15
339	1	Rtr2	16
340	1	Rtr2	16
341	1	Rtr2	12
342	1	Rtr2	14
343	1	Rtr2	13
344	1	Rtr2	12
345	1	Rtr2	1055
346	1	Rtr2	2108
347	1	Rtr2	2122
348	1	Rtr2	2118
349	1	Rtr2	1070
350	1	Rtr2	24
351	1	Rtr2	12
352	1	Rtr2	11
353	1	Rtr2	9
354	1	Rtr2	15
355	1	Rtr2	12
356	1	Rtr2	14
357	1	Rtr2	11
358	1	Rtr2	13
359	1	Rtr2	11
360	1	Rtr2	12
361	1	Rtr2	14
362	1	Rtr2	14
363	1	Rtr2	14
364	1	Rtr2	19
365	1	Rtr2	13
366	1	Rtr2	1058
367	1	Rtr2	2105
368	1	Rtr2	2108
369	1	Rtr2	2107
370	1	Rtr2	1070
371	1	Rtr2	28
372	1	Rtr2	21
373	1	Rtr2	14
374	1	Rtr2	9
375	1	Rtr2	12
376	1	Rtr2	298
377	1	Rtr2	214
378	1	Rtr2	208
379	1	Rtr2	201
380	1	Rtr2	17
381	1	Rtr2	15
382	1	Rtr2	12
383	1	Rtr2	15
384	1	Rtr2	10
385	1	Rtr2	9
386	1	Rtr2	13
387	1	Rtr2	1053
388	1	Rtr2	2096
389	1	Rtr2	2110
390	1	Rtr2	2123
391	1	Rtr2	1082
392	1	Rtr2	28
393	1	Rtr2	15
394	1	Rtr2	12
395	1	Rtr2	15
396	1	Rtr2	17
397	1	Rtr2	13
398	1	Rtr2	16
399	1	Rtr2	14
400	1	Rtr2	16
401	1	Rtr2	9
402	1	Rtr2	9
403	1	Rtr2	18
404	1	Rtr2	18
405	1	Rtr2	19
406	1	Rtr2	11
407	1	Rtr2	18
408	1	Rtr2	1052
409	1	Rtr2	2086
410	1	Rtr2	2109
411	1	Rtr2	2108
412	1	Rtr2	1077
413	1	Rtr2	29
414	1	Rtr2	12
415	1	Rtr2	12
416	1	Rtr2	17
417	1	Rtr2	16
418	1	Rtr2	19
419	1	Rtr2	12
420	1	Rtr2	13
421	1	Rtr2	16
422	1	Rtr2	19
423	1	Rtr2	13
424	1	Rtr2	18
425	1	Rtr2	15
426	1	Rtr2	16
427	1	Rtr2	10
428	1	Rtr2	15
429	1	Rtr2	1052
430	1	Rtr2	2095
431	1	Rtr2	2110
432	1	Rtr2	2108
433	1	Rtr2	1365
434	1	Rtr2	246
435	1	Rtr2	224
436	1	Rtr2	215
437	1	Rtr2	25
438	1	Rtr2	15
439	1	Rtr2	16
440	1	Rtr2	13
441	1	Rtr2	14
442	1	Rtr2	14
443	1	Rtr2	19
444	1	Rtr2	15
445	1	Rtr2	15
446	1	Rtr2	15
447	1	Rtr2	15
448	1	Rtr2	14
449	1	Rtr2	13
450	1	Rtr2	1045
451	1	Rtr2	2076
452	1	Rtr2	2096
453	1	Rtr2	2089
454	1	Rtr2	1059
455	1	Rtr2	25
456	1	Rtr2	17
457	1	Rtr2	16
458	1	Rtr2	10
459	1	Rtr2	20
460	1	Rtr2	14
461	1	Rtr2	18
462	1	Rtr2	17
463	1	Rtr2	15
464	1	Rtr2	19
465	1	Rtr2	12
466	1	Rtr2	13
467	1	Rtr2	19
468	1	Rtr2	14
469	1	Rtr2	16
470	1	Rtr2	9
471	1	Rtr2	1038
472	1	Rtr2	2069
473	1	Rtr2	2085
474	1	Rtr2	2083
475	1	Rtr2	1073
476	1	Rtr2	33
477	1	Rtr2	24
478	1	Rtr2	13
479	1	Rtr2	12
480	1	Rtr2	17
481	1	Rtr2	17
482	1	Rtr2	14
483	1	Rtr2	13
484	1	Rtr2	21
485	1	Rtr2	16
486	1	Rtr2	16
487	1	Rtr2	16
488	1	Rtr2	17
489	1	Rtr2	17
490	1	Rtr2	14
491	1	Rtr2	318
492	1	Rtr2	1254
493	1	Rtr2	2270
494	1	Rtr2	2276
495	1	Rtr2	2095
496	1	Rtr2	1067
497	1	Rtr2	44
498	1	Rtr2	13
499	1	Rtr2	17
500	1	Rtr2	14
501	1	Rtr2	16
502	1	Rtr2	17
503	1	Rtr2	17
504	1	Rtr2	16
505	1	Rtr2	15
506	1	Rtr2	12
507	1	Rtr2	10
508	1	Rtr2	15
509	1	Rtr2	16
510	1	Rtr2	16
511	1	Rtr2	22
512	1	Rtr2	19
513	1	Rtr2	1037
514	1	Rtr2	2060
515	1	Rtr2	2087
516	1	Rtr2	2088
517	1	Rtr2	1069
518	1	Rtr2	36
519	1	Rtr2	20
520	1	Rtr2	12
521	1	Rtr2	20
522	1	Rtr2	19
523	1	Rtr2	16
524	1	Rtr2	17
525	1	Rtr2	11
526	1	Rtr2	13
527	1	Rtr2	21
528	1	Rtr2	19
529	1	Rtr2	22
530	1	Rtr2	24
531	1	Rtr2	14
532	1	Rtr2	23
533	1	Rtr2	20
534	1	Rtr2	1034
535	1	Rtr2	2063
536	1	Rtr2	2082
537	1	Rtr2	2082
538	1	Rtr2	1049
539	1	Rtr2	29
540	1	Rtr2	11
541	1	Rtr2	19
542	1	Rtr2	18
543	1	Rtr2	19
544	1	Rtr2	18
545	1	Rtr2	21
546	1	Rtr2	19
547	1	Rtr2	320
548	1	Rtr2	241
549	1	Rtr2	227
550	1	Rtr2	231
551	1	Rtr2	22
552	1	Rtr2	19
553	1	Rtr2	21
554	1	Rtr2	12
555	1	Rtr2	1034
556	1	Rtr2	2054
557	1	Rtr2	2065
558	1	Rtr2	2067
559	1	Rtr2	1049
560	1	Rtr2	36
561	1	Rtr2	14
562	1	Rtr2	14
563	1	Rtr2	14
564	1	Rtr2	350
565	1	Rtr2	327
566	1	Rtr2	298
567	1	Rtr2	297
568	1	Rtr2	23
569	1	Rtr2	26
570	1	Rtr2	19
571	1	Rtr2	17
572	1	Rtr2	21
573	1	Rtr2	20
574	1	Rtr2	23
575	1	Rtr2	20
576	1	Rtr2	1027
577	1	Rtr2	2043
578	1	Rtr2	2059
579	1	Rtr2	2059
580	1	Rtr2	1060
581	1	Rtr2	46
582	1	Rtr2	31
583	1	Rtr2	20
584	1	Rtr2	19
585	1	Rtr2	20
586	1	Rtr2	27
587	1	Rtr2	29
588	1	Rtr2	16
589	1	Rtr2	13
590	1	Rtr2	18
591	1	Rtr2	18
592	1	Rtr2	27
593	1	Rtr2	22
594	1	Rtr2	18
595	1	Rtr2	18
596	1	Rtr2	20
597	1	Rtr2	1027
598	1	Rtr2	2042
599	1	Rtr2	2055
600	1	Rtr2	2071
601	1	Rtr2	1070
602	1	Rtr2	48
603	1	Rtr2	1028
604	1	Rtr2	2038
605	1	Rtr2	2062
606	1	Rtr2	2058
607	1	Rtr2	1053
608	1	Rtr2	35
609	1	Rtr2	30
610	1	Rtr2	27
611	1	Rtr2	25
612	1	Rtr2	21
613	1	Rtr2	21
614	1	Rtr2	32
615	1	Rtr2	32
616	1	Rtr2	24
617	1	Rtr2	22
618	1	Rtr2	18
619	1	Rtr2	21
620	1	Rtr2	24
621	1	Rtr2	23
622	1	Rtr2	32
623	1	Rtr2	409
624	1	Rtr2	1329
625	1	Rtr2	2337
626	1	Rtr2	2342
627	1	Rtr2	2064
628	1	Rtr2	1042
629	1	Rtr2	34
630	1	Rtr2	25
631	1	Rtr2	25
632	1	Rtr2	22
633	1	Rtr2	23
634	1	Rtr2	25
635	1	Rtr2	31
636	1	Rtr2	16
637	1	Rtr2	24
638	1	Rtr2	22
639	1	Rtr2	16
640	1	Rtr2	18
641	1	Rtr2	28
642	1	Rtr2	35
643	1	Rtr2	28
644	1	Rtr2	23
645	1	Rtr2	1020
646	1	Rtr2	2025
647	1	Rtr2	2036
648	1	Rtr2	2038
649	1	Rtr2	1040
650	1	Rtr2	32
651	1	Rtr2	15
652	1	Rtr2	20
653	1	Rtr2	22
654	1	Rtr2	21
655	1	Rtr2	25
656	1	Rtr2	23
657	1	Rtr2	22
658	1	Rtr2	18
659	1	Rtr2	20
660	1	Rtr2	23
661	1	Rtr2	20
662	1	Rtr2	25
663	1	Rtr2	29
664	1	Rtr2	26
665	1	Rtr2	21
666	1	Rtr2	1018
667	1	Rtr2	2019
668	1	Rtr2	2037
669	1	Rtr2	2035
670	1	Rtr2	1057
671	1	Rtr2	45
672	1	Rtr2	46
673	1	Rtr2	27
674	1	Rtr2	18
675	1	Rtr2	22
676	1	Rtr2	15
677	1	Rtr2	15
678	1	Rtr2	26
679	1	Rtr2	300
680	1	Rtr2	275
681	1	Rtr2	251
682	1	Rtr2	256
683	1	Rtr2	35
684	1	Rtr2	16
685	1	Rtr2	27
686	1	Rtr2	27
687	1	Rtr2	1011
688	1	Rtr2	2004
689	1	Rtr2	2022
690	1	Rtr2	2040
691	1	Rtr2	1039
692	1	Rtr2	58
693	1	Rtr2	42
694	1	Rtr2	36
695	1	Rtr2	37
696	1	Rtr2	37
697	1	Rtr2	29
698	1	Rtr2	23
699	1	Rtr2	23
700	1	Rtr2	32
701	1	Rtr2	30
702	1	Rtr2	43
703	1	Rtr2	29
704	1	Rtr2	25
705	1	Rtr2	37
706	1	Rtr2	31
707	1	Rtr2	26
708	1	Rtr2	1012
709	1	Rtr2	2012
710	1	Rtr2	2028
711	1	Rtr2	2039
712	1	Rtr2	1052
713	1	Rtr2	56
714	1	Rtr2	33
715	1	Rtr2	30
716	1	Rtr2	35
717	1	Rtr2	37
718	1	Rtr2	20
719	1	Rtr2	21
720	1	Rtr2	28
721	1	Rtr2	31
722	1	Rtr2	22
723	1	Rtr2	19
724	1	Rtr2	26
725	1	Rtr2	22
726	1	Rtr2	19
727	1	Rtr2	22
728	1	Rtr2	26
729	1	Rtr2	1016
730	1	Rtr2	2031
731	1	Rtr2	2037
732	1	Rtr2	2031
733	1	Rtr2	1035
734	1	Rtr2	47
735	1	Rtr2	36
736	1	Rtr2	36
737	1	Rtr2	43
738	1	Rtr2	25
739	1	Rtr2	23
740	1	Rtr2	23
741	1	Rtr2	21
742	1	Rtr2	302
743	1	Rtr2	240
744	1	Rtr2	221
745	1	Rtr2	217
746	1	Rtr2	42
747	1	Rtr2	36
748	1	Rtr2	22
749	1	Rtr2	15
750	1	Rtr2	1011
751	1	Rtr2	2008
752	1	Rtr2	2010
753	1	Rtr2	2018
754	1	Rtr2	1057
755	1	Rtr2	72
756	1	Rtr2	59
757	1	Rtr2	53
758	1	Rtr2	28
759	1	Rtr2	34
760	1	Rtr2	34
761	1	Rtr2	43
762	1	Rtr2	26
763	1	Rtr2	19
764	1	Rtr2	22
765	1	Rtr2	32
766	1	Rtr2	39
767	1	Rtr2	12
768	1	Rtr2	30
769	1	Rtr2	26
770	1	Rtr2	330
771	1	Rtr2	1244
772	1	Rtr2	2214
773	1	Rtr2	2222
774	1	Rtr2	2011
775	1	Rtr2	1042
776	1	Rtr2	68
777	1	Rtr2	60
778	1	Rtr2	30
779	1	Rtr2	29
780	1	Rtr2	46
781	1	Rtr2	29
782	1	Rtr2	24
783	1	Rtr2	27
784	1	Rtr2	21
785	1	Rtr2	38
786	1	Rtr2	38
787	1	Rtr2	45
788	1	Rtr2	32
789	1	Rtr2	19
790	1	Rtr2	38
791	1	Rtr2	35
792	1	Rtr2	1019
793	1	Rtr2	1991
794	1	Rtr2	2000
795	1	Rtr2	2014
796	1	Rtr2	1047
797	1	Rtr2	78
798	1	Rtr2	42
799	1	Rtr2	31
800	1	Rtr2	39
801	1	Rtr2	50
802	1	Rtr2	37
803	1	Rtr2	40
804	1	Rtr2	33
805	1	Rtr2	31
806	1	Rtr2	50
807	1	Rtr2	44
808	1	Rtr2	26
809	1	Rtr2	15
810	1	Rtr2	34
811	1	Rtr2	32
812	1	Rtr2	30
813	1	Rtr2	1004
814	1	Rtr2	1981
815	1	Rtr2	2011
816	1	Rtr2	2009
817	1	Rtr2	1040
818	1	Rtr2	67
819	1	Rtr2	44
820	1	Rtr2	61
821	1	Rtr2	54
822	1	Rtr2	44
823	1	Rtr2	35
824	1	Rtr2	36
825	1	Rtr2	45
826	1	Rtr2	52
827	1	Rtr2	36
828	1	Rtr2	46
829	1	Rtr2	23
830	1	Rtr2	31
831	1	Rtr2	52
832	1	Rtr2	42
833	1	Rtr2	18
834	1	Rtr2	991
835	1	Rtr2	1982
836	1	Rtr2	2017
837	1	Rtr2	2012
838	1	Rtr2	1043
839	1	Rtr2	371
840	1	Rtr2	325
841	1	Rtr2	329
842	1	Rtr2	320
843	1	Rtr2	42
844	1	Rtr2	25
845	1	Rtr2	33
846	1	Rtr2	48
847	1	Rtr2	33
848	1	Rtr2	39
849	1	Rtr2	37
850	1	Rtr2	47
851	1	Rtr2	45
852	1	Rtr2	33
853	1	Rtr2	20
854	1	Rtr2	34
855	1	Rtr2	1009
856	1	Rtr2	1980
857	1	Rtr2	1993
858	1	Rtr2	1990
859	1	Rtr2	1034
860	1	Rtr2	71
861	1	Rtr2	58
862	1	Rtr2	68
863	1	Rtr2	55
864	1	Rtr2	41
865	1	Rtr2	60
866	1	Rtr2	53
867	1	Rtr2	44
868	1	Rtr2	50
869	1	Rtr2	26
870	1	Rtr2	40
871	1	Rtr2	43
872	1	Rtr2	33
873	1	Rtr2	29
874	1	Rtr2	28
875	1	Rtr2	44
876	1	Rtr2	1000
877	1	Rtr2	1972
878	1	Rtr2	1985
879	1	Rtr2	1982
880	1	Rtr2	1045
881	1	Rtr2	87
882	1	Rtr2	74
883	1	Rtr2	39
884	1	Rtr2	38
885	1	Rtr2	64
886	1	Rtr2	38
887	1	Rtr2	51
888	1	Rtr2	32
889	1	Rtr2	27
890	1	Rtr2	57
891	1	Rtr2	331
892	1	Rtr2	273
893	1	Rtr2	257
894	1	Rtr2	251
895	1	Rtr2	79
896	1	Rtr2	65
897	1	Rtr2	1026
898	1	Rtr2	1965
899	1	Rtr2	1973
900	1	Rtr2	1994
901	1	Rtr2	1044
902	1	Rtr2	95
903	1	Rtr2	997
904	1	Rtr2	1960
905	1	Rtr2	1988
906	1	Rtr2	1993
907	1	Rtr2	1039
908	1	Rtr2	65
909	1	Rtr2	51
910	1	Rtr2	70
911	1	Rtr2	72
912	1	Rtr2	74
913	1	Rtr2	46
914	1	Rtr2	40
915	1	Rtr2	58
916	1	Rtr2	59
917	1	Rtr2	55
918	1	Rtr2	24
919	1	Rtr2	22
920	1	Rtr2	40
921	1	Rtr2	57
922	1	Rtr2	39
923	1	Rtr2	40
924	1	Rtr2	996
925	1	Rtr2	1971
926	1	Rtr2	1978
927	1	Rtr2	1976
928	1	Rtr2	1022
929	1	Rtr2	68
930	1	Rtr2	78
931	1	Rtr2	79
932	1	Rtr2	76
933	1	Rtr2	48
934	1	Rtr2	31
935	1	Rtr2	50
936	1	Rtr2	46
937	1	Rtr2	323
938	1	Rtr2	260
939	1	Rtr2	252
940	1	Rtr2	251
941	1	Rtr2	77
942	1	Rtr2	77
943	1	Rtr2	43
944	1	Rtr2	45
945	1	Rtr2	996
946	1	Rtr2	1956
947	1	Rtr2	1967
948	1	Rtr2	1961
949	1	Rtr2	1011
950	1	Rtr2	82
951	1	Rtr2	67
952	1	Rtr2	56
953	1	Rtr2	50
954	1	Rtr2	45
955	1	Rtr2	59
956	1	Rtr2	48
957	1	Rtr2	50
958	1	Rtr2	55
959	1	Rtr2	28
960	1	Rtr2	46
961	1	Rtr2	36
962	1	Rtr2	42
963	1	Rtr2	43
964	1	Rtr2	45
965	1	Rtr2	67
966	1	Rtr2	1015
967	1	Rtr2	1964
968	1	Rtr2	1946
969	1	Rtr2	1950
970	1	Rtr2	1044
971	1	Rtr2	81
972	1	Rtr2	64
973	1	Rtr2	46
974	1	Rtr2	45
975	1	Rtr2	64
976	1	Rtr2	60
977	1	Rtr2	59
978	1	Rtr2	33
979	1	Rtr2	38
980	1	Rtr2	61
981	1	Rtr2	51
982	1	Rtr2	37
983	1	Rtr2	37
984	1	Rtr2	43
985	1	Rtr2	72
986	1	Rtr2	64
987	1	Rtr2	1009
988	1	Rtr2	1933
989	1	Rtr2	1946
990	1	Rtr2	1968
991	1	Rtr2	1040
992	1	Rtr2	91
993	1	Rtr2	289
994	1	Rtr2	244
995	1	Rtr2	263
996	1	Rtr2	257
997	1	Rtr2	92
998	1	Rtr2	50
999	1	Rtr2	45
1000	1	Rtr2	80
1001	1	Rtr2	332
1002	1	Rtr2	273
1003	1	Rtr2	1183
1004	1	Rtr2	2128
1005	1	Rtr2	1975
1006	1	Rtr2	1973
1007	1	Rtr2	1033
1008	1	Rtr2	66
1009	1	Rtr2	60
1010	1	Rtr2	78
1011	1	Rtr2	90
1012	1	Rtr2	86
1013	1	Rtr2	44
1014	1	Rtr2	31
1015	1	Rtr2	59
1016	1	Rtr2	43
1017	1	Rtr2	48
1018	1	Rtr2	41
1019	1	Rtr2	30
1020	1	Rtr2	70
1021	1	Rtr2	65
1022	1	Rtr2	62
1023	1	Rtr2	63
1024	1	Rtr2	976
1025	1	Rtr2	1951
1026	1	Rtr2	1965
1027	1	Rtr2	1959
1028	1	Rtr2	1013
1029	1	Rtr2	57
1030	1	Rtr2	75
1031	1	Rtr2	64
1032	1	Rtr2	47
1033	1	Rtr2	32
1034	1	Rtr2	41
1035	1	Rtr2	50
1036	1	Rtr2	66
1037	1	Rtr2	47
1038	1	Rtr2	31
1039	1	Rtr2	40
1040	1	Rtr2	56
1041	1	Rtr2	67
1042	1	Rtr2	49
1043	1	Rtr2	36
1044	1	Rtr2	57
1045	1	Rtr2	997
1046	1	Rtr2	1934
1047	1	Rtr2	1947
1048	1	Rtr2	1932
1049	1	Rtr2	1013
1050	1	Rtr2	97
1051	1	Rtr2	105
1052	1	Rtr2	95
1053	1	Rtr2	53
1054	1	Rtr2	30
1055	1	Rtr2	61
1056	1	Rtr2	330
1057	1	Rtr2	278
1058	1	Rtr2	278
1059	1	Rtr2	270
1060	1	Rtr2	106
1061	1	Rtr2	102
1062	1	Rtr2	89
1063	1	Rtr2	51
1064	1	Rtr2	22
1065	1	Rtr2	60
1066	1	Rtr2	989
1067	1	Rtr2	1920
1068	1	Rtr2	1926
1069	1	Rtr2	1932
1070	1	Rtr2	1041
1071	1	Rtr2	107
1072	1	Rtr2	89
1073	1	Rtr2	62
1074	1	Rtr2	62
1075	1	Rtr2	87
1076	1	Rtr2	94
1077	1	Rtr2	90
1078	1	Rtr2	63
1079	1	Rtr2	58
1080	1	Rtr2	96
1081	1	Rtr2	84
1082	1	Rtr2	88
1083	1	Rtr2	55
1084	1	Rtr2	44
1085	1	Rtr2	66
1086	1	Rtr2	73
1087	1	Rtr2	995
1088	1	Rtr2	1913
1089	1	Rtr2	1927
1090	1	Rtr2	1949
1091	1	Rtr2	1026
1092	1	Rtr2	96
1093	1	Rtr2	81
1094	1	Rtr2	51
1095	1	Rtr2	73
1096	1	Rtr2	72
1097	1	Rtr2	55
1098	1	Rtr2	46
1099	1	Rtr2	41
1100	1	Rtr2	73
1101	1	Rtr2	75
1102	1	Rtr2	68
1103	1	Rtr2	57
1104	1	Rtr2	43
1105	1	Rtr2	83
1106	1	Rtr2	94
1107	1	Rtr2	81
1108	1	Rtr2	967
1109	1	Rtr2	1916
1110	1	Rtr2	1956
1111	1	Rtr2	2204
1112	1	Rtr2	1226
1113	1	Rtr2	261
1114	1	Rtr2	249
1115	1	Rtr2	107
1116	1	Rtr2	113
1117	1	Rtr2	101
1118	1	Rtr2	68
1119	1	Rtr2	70
1120	1	Rtr2	85
1121	1	Rtr2	98
1122	1	Rtr2	99
1123	1	Rtr2	72
1124	1	Rtr2	67
1125	1	Rtr2	96
1126	1	Rtr2	110
1127	1	Rtr2	95
1128	1	Rtr2	70
1129	1	Rtr2	982
1130	1	Rtr2	1937
1131	1	Rtr2	1947
1132	1	Rtr2	1949
1133	1	Rtr2	1003
1134	1	Rtr2	74
1135	1	Rtr2	88
1136	1	Rtr2	93
1137	1	Rtr2	87
1138	1	Rtr2	33
1139	1	Rtr2	45
1140	1	Rtr2	73
1141	1	Rtr2	92
1142	1	Rtr2	73
1143	1	Rtr2	60
1144	1	Rtr2	64
1145	1	Rtr2	106
1146	1	Rtr2	99
1147	1	Rtr2	95
1148	1	Rtr2	55
1149	1	Rtr2	52
1150	1	Rtr2	981
1151	1	Rtr2	1912
1152	1	Rtr2	1922
1153	1	Rtr2	1915
1154	1	Rtr2	1009
1155	1	Rtr2	111
1156	1	Rtr2	109
1157	1	Rtr2	89
1158	1	Rtr2	64
1159	1	Rtr2	67
1160	1	Rtr2	92
1161	1	Rtr2	326
1162	1	Rtr2	280
1163	1	Rtr2	250
1164	1	Rtr2	228
1165	1	Rtr2	97
1166	1	Rtr2	81
1167	1	Rtr2	65
1168	1	Rtr2	58
1169	1	Rtr2	45
1170	1	Rtr2	93
1171	1	Rtr2	989
1172	1	Rtr2	1914
1173	1	Rtr2	1905
1174	1	Rtr2	1907
1175	1	Rtr2	1039
1176	1	Rtr2	135
1177	1	Rtr2	91
1178	1	Rtr2	62
1179	1	Rtr2	53
1180	1	Rtr2	82
1181	1	Rtr2	72
1182	1	Rtr2	70
1183	1	Rtr2	54
1184	1	Rtr2	31
1185	1	Rtr2	77
1186	1	Rtr2	61
1187	1	Rtr2	64
1188	1	Rtr2	64
1189	1	Rtr2	62
1190	1	Rtr2	93
1191	1	Rtr2	102
1192	1	Rtr2	1001
1193	1	Rtr2	1902
1194	1	Rtr2	1894
1195	1	Rtr2	1924
1196	1	Rtr2	1031
1197	1	Rtr2	147
1198	1	Rtr2	91
1199	1	Rtr2	67
1200	1	Rtr2	107
1201	1	Rtr2	92
1202	1	Rtr2	96
1203	1	Rtr2	80
1204	1	Rtr2	71
1205	1	Rtr2	96
1206	1	Rtr2	98
1207	1	Rtr2	102
1208	1	Rtr2	44
1209	1	Rtr2	47
1210	1	Rtr2	81
1211	1	Rtr2	102
1212	1	Rtr2	81
1213	1	Rtr2	967
1214	1	Rtr2	1892
1215	1	Rtr2	1936
1216	1	Rtr2	1935
1217	1	Rtr2	1017
1218	1	Rtr2	86
1219	1	Rtr2	74
1220	1	Rtr2	107
1221	1	Rtr2	365
1222	1	Rtr2	303
1223	1	Rtr2	248
1224	1	Rtr2	250
1225	1	Rtr2	122
1226	1	Rtr2	112
1227	1	Rtr2	115
1228	1	Rtr2	49
1229	1	Rtr2	35
1230	1	Rtr2	72
1231	1	Rtr2	74
1232	1	Rtr2	74
1233	1	Rtr2	67
1234	1	Rtr2	962
1235	1	Rtr2	1913
1236	1	Rtr2	1919
1237	1	Rtr2	1913
1238	1	Rtr2	1007
1239	1	Rtr2	72
1240	1	Rtr2	100
1241	1	Rtr2	108
1242	1	Rtr2	91
1243	1	Rtr2	76
1244	1	Rtr2	78
1245	1	Rtr2	109
1246	1	Rtr2	113
1247	1	Rtr2	111
1248	1	Rtr2	70
1249	1	Rtr2	57
1250	1	Rtr2	96
1251	1	Rtr2	112
1252	1	Rtr2	88
1253	1	Rtr2	61
1254	1	Rtr2	56
1255	1	Rtr2	988
1256	1	Rtr2	1900
1257	1	Rtr2	1909
1258	1	Rtr2	1885
1259	1	Rtr2	988
1260	1	Rtr2	105
1261	1	Rtr2	108
1262	1	Rtr2	100
1263	1	Rtr2	46
1264	1	Rtr2	68
1265	1	Rtr2	97
1266	1	Rtr2	338
1267	1	Rtr2	289
1268	1	Rtr2	263
1269	1	Rtr2	238
1270	1	Rtr2	103
1271	1	Rtr2	110
1272	1	Rtr2	97
1273	1	Rtr2	59
1274	1	Rtr2	63
1275	1	Rtr2	89
1276	1	Rtr2	982
1277	1	Rtr2	1890
1278	1	Rtr2	1872
1279	1	Rtr2	1878
1280	1	Rtr2	1025
1281	1	Rtr2	119
1282	1	Rtr2	89
1283	1	Rtr2	58
1284	1	Rtr2	52
1285	1	Rtr2	104
1286	1	Rtr2	89
1287	1	Rtr2	77
1288	1	Rtr2	68
1289	1	Rtr2	36
1290	1	Rtr2	79
1291	1	Rtr2	67
1292	1	Rtr2	56
1293	1	Rtr2	56
1294	1	Rtr2	47
1295	1	Rtr2	89
1296	1	Rtr2	78
1297	1	Rtr2	967
1298	1	Rtr2	1855
1299	1	Rtr2	1867
1300	1	Rtr2	1918
1301	1	Rtr2	1019
1302	1	Rtr2	114
1303	1	Rtr2	962
1304	1	Rtr2	1863
1305	1	Rtr2	1906
1306	1	Rtr2	1910
1307	1	Rtr2	1032
1308	1	Rtr2	99
1309	1	Rtr2	70
1310	1	Rtr2	113
1311	1	Rtr2	127
1312	1	Rtr2	105
1313	1	Rtr2	67
1314	1	Rtr2	65
1315	1	Rtr2	93
1316	1	Rtr2	107
1317	1	Rtr2	105
1318	1	Rtr2	68
1319	1	Rtr2	63
1320	1	Rtr2	117
1321	1	Rtr2	367
1322	1	Rtr2	328
1323	1	Rtr2	289
1324	1	Rtr2	1162
1325	1	Rtr2	1909
1326	1	Rtr2	1913
1327	1	Rtr2	1916
1328	1	Rtr2	979
1329	1	Rtr2	94
1330	1	Rtr2	126
1331	1	Rtr2	122
1332	1	Rtr2	123
1333	1	Rtr2	76
1334	1	Rtr2	46
1335	1	Rtr2	94
1336	1	Rtr2	99
1337	1	Rtr2	80
1338	1	Rtr2	70
1339	1	Rtr2	73
1340	1	Rtr2	128
1341	1	Rtr2	112
1342	1	Rtr2	104
1343	1	Rtr2	76
1344	1	Rtr2	69
1345	1	Rtr2	969
1346	1	Rtr2	1869
1347	1	Rtr2	1867
1348	1	Rtr2	1858
1349	1	Rtr2	996
1350	1	Rtr2	150
1351	1	Rtr2	137
1352	1	Rtr2	129
1353	1	Rtr2	67
1354	1	Rtr2	69
1355	1	Rtr2	110
1356	1	Rtr2	116
1357	1	Rtr2	101
1358	1	Rtr2	64
1359	1	Rtr2	72
1360	1	Rtr2	123
1361	1	Rtr2	117
1362	1	Rtr2	99
1363	1	Rtr2	83
1364	1	Rtr2	74
1365	1	Rtr2	117
1366	1	Rtr2	983
1367	1	Rtr2	1889
1368	1	Rtr2	1858
1369	1	Rtr2	1849
1370	1	Rtr2	1021
1371	1	Rtr2	132
1372	1	Rtr2	113
1373	1	Rtr2	88
1374	1	Rtr2	68
1375	1	Rtr2	122
1376	1	Rtr2	348
1377	1	Rtr2	289
1378	1	Rtr2	263
1379	1	Rtr2	244
1380	1	Rtr2	125
1381	1	Rtr2	143
1382	1	Rtr2	106
1383	1	Rtr2	69
1384	1	Rtr2	69
1385	1	Rtr2	109
1386	1	Rtr2	107
1387	1	Rtr2	982
1388	1	Rtr2	1842
1389	1	Rtr2	1847
1390	1	Rtr2	1890
1391	1	Rtr2	1026
1392	1	Rtr2	154
1393	1	Rtr2	80
1394	1	Rtr2	68
1395	1	Rtr2	110
1396	1	Rtr2	106
1397	1	Rtr2	101
1398	1	Rtr2	70
1399	1	Rtr2	44
1400	1	Rtr2	84
1401	1	Rtr2	91
1402	1	Rtr2	86
1403	1	Rtr2	78
1404	1	Rtr2	78
1405	1	Rtr2	130
1406	1	Rtr2	134
1407	1	Rtr2	122
1408	1	Rtr2	936
1409	1	Rtr2	1842
1410	1	Rtr2	1895
1411	1	Rtr2	1892
1412	1	Rtr2	1024
1413	1	Rtr2	94
1414	1	Rtr2	85
1415	1	Rtr2	138
1416	1	Rtr2	127
1417	1	Rtr2	115
1418	1	Rtr2	68
1419	1	Rtr2	49
1420	1	Rtr2	100
1421	1	Rtr2	110
1422	1	Rtr2	106
1423	1	Rtr2	89
1424	1	Rtr2	54
1425	1	Rtr2	121
1426	1	Rtr2	123
1427	1	Rtr2	105
1428	1	Rtr2	57
1429	1	Rtr2	939
1430	1	Rtr2	1879
1431	1	Rtr2	1883
1432	1	Rtr2	1880
1433	1	Rtr2	1187
1434	1	Rtr2	257
1435	1	Rtr2	310
1436	1	Rtr2	281
1437	1	Rtr2	138
1438	1	Rtr2	94
1439	1	Rtr2	83
1440	1	Rtr2	130
1441	1	Rtr2	105
1442	1	Rtr2	100
1443	1	Rtr2	56
1444	1	Rtr2	70
1445	1	Rtr2	114
1446	1	Rtr2	98
1447	1	Rtr2	115
1448	1	Rtr2	82
1449	1	Rtr2	71
1450	1	Rtr2	986
1451	1	Rtr2	1863
1452	1	Rtr2	1872
1453	1	Rtr2	1841
1454	1	Rtr2	979
1455	1	Rtr2	153
1456	1	Rtr2	136
1457	1	Rtr2	141
1458	1	Rtr2	60
1459	1	Rtr2	66
1460	1	Rtr2	120
1461	1	Rtr2	118
1462	1	Rtr2	124
1463	1	Rtr2	75
1464	1	Rtr2	45
1465	1	Rtr2	97
1466	1	Rtr2	85
1467	1	Rtr2	88
1468	1	Rtr2	62
1469	1	Rtr2	59
1470	1	Rtr2	112
1471	1	Rtr2	966
1472	1	Rtr2	1848
1473	1	Rtr2	1862
1474	1	Rtr2	1822
1475	1	Rtr2	1016
1476	1	Rtr2	153
1477	1	Rtr2	128
1478	1	Rtr2	87
1479	1	Rtr2	79
1480	1	Rtr2	146
1481	1	Rtr2	130
1482	1	Rtr2	117
1483	1	Rtr2	61
1484	1	Rtr2	64
1485	1	Rtr2	102
1486	1	Rtr2	117
1487	1	Rtr2	107
1488	1	Rtr2	81
1489	1	Rtr2	72
1490	1	Rtr2	117
1491	1	Rtr2	339
1492	1	Rtr2	1153
1493	1	Rtr2	1983
1494	1	Rtr2	1982
1495	1	Rtr2	1870
1496	1	Rtr2	1023
1497	1	Rtr2	145
1498	1	Rtr2	78
1499	1	Rtr2	62
1500	1	Rtr2	107
1501	1	Rtr2	100
1502	1	Rtr2	122
1503	1	Rtr2	69
1504	1	Rtr2	62
1505	1	Rtr2	121
1506	1	Rtr2	117
1507	1	Rtr2	86
1508	1	Rtr2	73
1509	1	Rtr2	72
1510	1	Rtr2	130
1511	1	Rtr2	121
1512	1	Rtr2	86
1513	1	Rtr2	938
1514	1	Rtr2	1804
1515	1	Rtr2	1863
1516	1	Rtr2	1857
1517	1	Rtr2	1017
1518	1	Rtr2	114
1519	1	Rtr2	77
1520	1	Rtr2	127
1521	1	Rtr2	133
1522	1	Rtr2	134
1523	1	Rtr2	84
1524	1	Rtr2	70
1525	1	Rtr2	132
1526	1	Rtr2	102
1527	1	Rtr2	114
1528	1	Rtr2	70
1529	1	Rtr2	91
1530	1	Rtr2	145
1531	1	Rtr2	156
1532	1	Rtr2	126
1533	1	Rtr2	64
1534	1	Rtr2	931
1535	1	Rtr2	1842
1536	1	Rtr2	1853
1537	1	Rtr2	1850
1538	1	Rtr2	971
1539	1	Rtr2	114
1540	1	Rtr2	174
1541	1	Rtr2	143
1542	1	Rtr2	156
1543	1	Rtr2	99
1544	1	Rtr2	60
1545	1	Rtr2	114
1546	1	Rtr2	117
1547	1	Rtr2	324
1548	1	Rtr2	257
1549	1	Rtr2	275
1550	1	Rtr2	340
1551	1	Rtr2	183
1552	1	Rtr2	151
1553	1	Rtr2	81
1554	1	Rtr2	88
1555	1	Rtr2	989
1556	1	Rtr2	1856
1557	1	Rtr2	1862
1558	1	Rtr2	1805
1559	1	Rtr2	955
1560	1	Rtr2	135
1561	1	Rtr2	122
1562	1	Rtr2	106
1563	1	Rtr2	60
1564	1	Rtr2	291
1565	1	Rtr2	333
1566	1	Rtr2	316
1567	1	Rtr2	311
1568	1	Rtr2	96
1569	1	Rtr2	81
1570	1	Rtr2	143
1571	1	Rtr2	116
1572	1	Rtr2	111
1573	1	Rtr2	72
1574	1	Rtr2	76
1575	1	Rtr2	140
1576	1	Rtr2	977
1577	1	Rtr2	1835
1578	1	Rtr2	1802
1579	1	Rtr2	1801
1580	1	Rtr2	1031
1581	1	Rtr2	145
1582	1	Rtr2	143
1583	1	Rtr2	69
1584	1	Rtr2	69
1585	1	Rtr2	129
1586	1	Rtr2	131
1587	1	Rtr2	115
1588	1	Rtr2	77
1589	1	Rtr2	66
1590	1	Rtr2	134
1591	1	Rtr2	154
1592	1	Rtr2	131
1593	1	Rtr2	65
1594	1	Rtr2	56
1595	1	Rtr2	108
1596	1	Rtr2	114
1597	1	Rtr2	950
1598	1	Rtr2	1797
1599	1	Rtr2	1790
1600	1	Rtr2	1840
1601	1	Rtr2	982
1602	1	Rtr2	129
1603	1	Rtr2	942
1604	1	Rtr2	1783
1605	1	Rtr2	1834
1606	1	Rtr2	1838
1607	1	Rtr2	1017
1608	1	Rtr2	95
1609	1	Rtr2	78
1610	1	Rtr2	133
1611	1	Rtr2	126
1612	1	Rtr2	110
1613	1	Rtr2	66
1614	1	Rtr2	86
1615	1	Rtr2	153
1616	1	Rtr2	140
1617	1	Rtr2	121
1618	1	Rtr2	74
1619	1	Rtr2	60
1620	1	Rtr2	103
1621	1	Rtr2	77
1622	1	Rtr2	93
1623	1	Rtr2	292
1624	1	Rtr2	1080
1625	1	Rtr2	1979
1626	1	Rtr2	1989
1627	1	Rtr2	1843
1628	1	Rtr2	959
1629	1	Rtr2	104
1630	1	Rtr2	152
1631	1	Rtr2	147
1632	1	Rtr2	129
1633	1	Rtr2	76
1634	1	Rtr2	72
1635	1	Rtr2	142
1636	1	Rtr2	118
1637	1	Rtr2	106
1638	1	Rtr2	66
1639	1	Rtr2	55
1640	1	Rtr2	137
1641	1	Rtr2	132
1642	1	Rtr2	100
1643	1	Rtr2	96
1644	1	Rtr2	86
1645	1	Rtr2	969
1646	1	Rtr2	1813
1647	1	Rtr2	1821
1648	1	Rtr2	1775
1649	1	Rtr2	985
1650	1	Rtr2	190
1651	1	Rtr2	172
1652	1	Rtr2	150
1653	1	Rtr2	68
1654	1	Rtr2	66
1655	1	Rtr2	123
1656	1	Rtr2	158
1657	1	Rtr2	114
1658	1	Rtr2	81
1659	1	Rtr2	95
1660	1	Rtr2	151
1661	1	Rtr2	131
1662	1	Rtr2	114
1663	1	Rtr2	83
1664	1	Rtr2	69
1665	1	Rtr2	152
1666	1	Rtr2	975
1667	1	Rtr2	1799
1668	1	Rtr2	1778
1669	1	Rtr2	1773
1670	1	Rtr2	1004
1671	1	Rtr2	172
1672	1	Rtr2	154
1673	1	Rtr2	79
1674	1	Rtr2	108
1675	1	Rtr2	181
1676	1	Rtr2	175
1677	1	Rtr2	138
1678	1	Rtr2	96
1679	1	Rtr2	320
1680	1	Rtr2	369
1681	1	Rtr2	360
1682	1	Rtr2	330
1683	1	Rtr2	72
1684	1	Rtr2	73
1685	1	Rtr2	140
1686	1	Rtr2	117
1687	1	Rtr2	955
1688	1	Rtr2	1769
1689	1	Rtr2	1776
1690	1	Rtr2	1849
1691	1	Rtr2	1018
1692	1	Rtr2	181
1693	1	Rtr2	115
1694	1	Rtr2	100
1695	1	Rtr2	158
1696	1	Rtr2	182
1697	1	Rtr2	157
1698	1	Rtr2	101
1699	1	Rtr2	84
1700	1	Rtr2	134
1701	1	Rtr2	144
1702	1	Rtr2	119
1703	1	Rtr2	97
1704	1	Rtr2	58
1705	1	Rtr2	122
1706	1	Rtr2	136
1707	1	Rtr2	116
1708	1	Rtr2	894
1709	1	Rtr2	1755
1710	1	Rtr2	1816
1711	1	Rtr2	1819
1712	1	Rtr2	1003
1713	1	Rtr2	100
1714	1	Rtr2	76
1715	1	Rtr2	138
1716	1	Rtr2	123
1717	1	Rtr2	112
1718	1	Rtr2	70
1719	1	Rtr2	60
1720	1	Rtr2	108
1721	1	Rtr2	104
1722	1	Rtr2	92
1723	1	Rtr2	79
1724	1	Rtr2	70
1725	1	Rtr2	140
1726	1	Rtr2	114
1727	1	Rtr2	102
1728	1	Rtr2	71
1729	1	Rtr2	909
1730	1	Rtr2	1815
1731	1	Rtr2	1812
1732	1	Rtr2	1814
1733	1	Rtr2	960
1734	1	Rtr2	130
1735	1	Rtr2	182
1736	1	Rtr2	182
1737	1	Rtr2	172
1738	1	Rtr2	72
1739	1	Rtr2	78
1740	1	Rtr2	136
1741	1	Rtr2	141
1742	1	Rtr2	323
1743	1	Rtr2	272
1744	1	Rtr2	254
1745	1	Rtr2	305
1746	1	Rtr2	152
1747	1	Rtr2	137
1748	1	Rtr2	91
1749	1	Rtr2	92
1750	1	Rtr2	977
1751	1	Rtr2	1806
1752	1	Rtr2	1799
1753	1	Rtr2	1762
1754	1	Rtr2	955
1755	1	Rtr2	165
1756	1	Rtr2	172
1757	1	Rtr2	149
1758	1	Rtr2	91
1759	1	Rtr2	72
1760	1	Rtr2	146
1761	1	Rtr2	143
1762	1	Rtr2	123
1763	1	Rtr2	109
1764	1	Rtr2	110
1765	1	Rtr2	178
1766	1	Rtr2	187
1767	1	Rtr2	161
1768	1	Rtr2	106
1769	1	Rtr2	113
1770	1	Rtr2	347
1771	1	Rtr2	1104
1772	1	Rtr2	1940
1773	1	Rtr2	1878
1774	1	Rtr2	1758
1775	1	Rtr2	1005
1776	1	Rtr2	167
1777	1	Rtr2	149
1778	1	Rtr2	99
1779	1	Rtr2	80
1780	1	Rtr2	150
1781	1	Rtr2	128
1782	1	Rtr2	124
1783	1	Rtr2	111
1784	1	Rtr2	82
1785	1	Rtr2	133
1786	1	Rtr2	169
1787	1	Rtr2	136
1788	1	Rtr2	78
1789	1	Rtr2	88
1790	1	Rtr2	145
1791	1	Rtr2	136
1792	1	Rtr2	948
1793	1	Rtr2	1740
1794	1	Rtr2	1762
1795	1	Rtr2	1817
1796	1	Rtr2	1015
1797	1	Rtr2	182
1798	1	Rtr2	106
1799	1	Rtr2	89
1800	1	Rtr2	160
1801	1	Rtr2	162
1802	1	Rtr2	151
1803	1	Rtr2	92
1804	1	Rtr2	95
1805	1	Rtr2	176
1806	1	Rtr2	136
1807	1	Rtr2	133
1808	1	Rtr2	74
1809	1	Rtr2	79
1810	1	Rtr2	144
1811	1	Rtr2	154
1812	1	Rtr2	138
1813	1	Rtr2	907
1814	1	Rtr2	1748
1815	1	Rtr2	1805
1816	1	Rtr2	1812
1817	1	Rtr2	1010
1818	1	Rtr2	127
1819	1	Rtr2	117
1820	1	Rtr2	181
1821	1	Rtr2	173
1822	1	Rtr2	162
1823	1	Rtr2	83
1824	1	Rtr2	82
1825	1	Rtr2	138
1826	1	Rtr2	130
1827	1	Rtr2	155
1828	1	Rtr2	100
1829	1	Rtr2	60
1830	1	Rtr2	125
1831	1	Rtr2	108
1832	1	Rtr2	118
1833	1	Rtr2	101
1834	1	Rtr2	888
1835	1	Rtr2	1790
1836	1	Rtr2	1794
1837	1	Rtr2	1777
1838	1	Rtr2	943
1839	1	Rtr2	290
1840	1	Rtr2	329
1841	1	Rtr2	318
1842	1	Rtr2	298
1843	1	Rtr2	101
1844	1	Rtr2	105
1845	1	Rtr2	177
1846	1	Rtr2	162
1847	1	Rtr2	153
1848	1	Rtr2	99
1849	1	Rtr2	112
1850	1	Rtr2	176
1851	1	Rtr2	181
1852	1	Rtr2	154
1853	1	Rtr2	135
1854	1	Rtr2	97
1855	1	Rtr2	972
1856	1	Rtr2	1793
1857	1	Rtr2	1805
1858	1	Rtr2	1733
1859	1	Rtr2	941
1860	1	Rtr2	182
1861	1	Rtr2	146
1862	1	Rtr2	148
1863	1	Rtr2	116
1864	1	Rtr2	96
1865	1	Rtr2	168
1866	1	Rtr2	151
1867	1	Rtr2	135
1868	1	Rtr2	118
1869	1	Rtr2	96
1870	1	Rtr2	180
1871	1	Rtr2	177
1872	1	Rtr2	161
1873	1	Rtr2	137
1874	1	Rtr2	127
1875	1	Rtr2	179
1876	1	Rtr2	993
1877	1	Rtr2	1790
1878	1	Rtr2	1742
1879	1	Rtr2	1731
1880	1	Rtr2	1002
1881	1	Rtr2	176
1882	1	Rtr2	195
1883	1	Rtr2	135
1884	1	Rtr2	98
1885	1	Rtr2	173
1886	1	Rtr2	175
1887	1	Rtr2	170
1888	1	Rtr2	95
1889	1	Rtr2	107
1890	1	Rtr2	171
1891	1	Rtr2	329
1892	1	Rtr2	307
1893	1	Rtr2	243
1894	1	Rtr2	250
1895	1	Rtr2	202
1896	1	Rtr2	224
1897	1	Rtr2	992
1898	1	Rtr2	1721
1899	1	Rtr2	1723
1900	1	Rtr2	1796
1901	1	Rtr2	1010
1902	1	Rtr2	183
1903	1	Rtr2	902
1904	1	Rtr2	1722
1905	1	Rtr2	1815
1906	1	Rtr2	1803
1907	1	Rtr2	1002
1908	1	Rtr2	137
1909	1	Rtr2	137
1910	1	Rtr2	215
1911	1	Rtr2	214
1912	1	Rtr2	197
1913	1	Rtr2	102
1914	1	Rtr2	110
1915	1	Rtr2	166
1916	1	Rtr2	200
1917	1	Rtr2	175
1918	1	Rtr2	94
1919	1	Rtr2	104
1920	1	Rtr2	179
1921	1	Rtr2	171
1922	1	Rtr2	176
1923	1	Rtr2	94
1924	1	Rtr2	884
1925	1	Rtr2	1760
1926	1	Rtr2	1769
1927	1	Rtr2	1769
1928	1	Rtr2	944
1929	1	Rtr2	145
1930	1	Rtr2	216
1931	1	Rtr2	220
1932	1	Rtr2	180
1933	1	Rtr2	84
1934	1	Rtr2	78
1935	1	Rtr2	158
1936	1	Rtr2	140
1937	1	Rtr2	304
1938	1	Rtr2	241
1939	1	Rtr2	248
1940	1	Rtr2	312
1941	1	Rtr2	186
1942	1	Rtr2	180
1943	1	Rtr2	114
1944	1	Rtr2	90
1945	1	Rtr2	943
1946	1	Rtr2	1749
1947	1	Rtr2	1761
1948	1	Rtr2	1704
1949	1	Rtr2	925
1950	1	Rtr2	182
1951	1	Rtr2	175
1952	1	Rtr2	156
1953	1	Rtr2	106
1954	1	Rtr2	70
1955	1	Rtr2	137
1956	1	Rtr2	119
1957	1	Rtr2	125
1958	1	Rtr2	110
1959	1	Rtr2	75
1960	1	Rtr2	154
1961	1	Rtr2	158
1962	1	Rtr2	155
1963	1	Rtr2	117
1964	1	Rtr2	84
1965	1	Rtr2	168
1966	1	Rtr2	946
1967	1	Rtr2	1761
1968	1	Rtr2	1726
1969	1	Rtr2	1708
1970	1	Rtr2	1007
1971	1	Rtr2	226
1972	1	Rtr2	207
1973	1	Rtr2	141
1974	1	Rtr2	97
1975	1	Rtr2	191
1976	1	Rtr2	170
1977	1	Rtr2	161
1978	1	Rtr2	114
1979	1	Rtr2	115
1980	1	Rtr2	189
1981	1	Rtr2	171
1982	1	Rtr2	189
1983	1	Rtr2	117
1984	1	Rtr2	106
1985	1	Rtr2	152
1986	1	Rtr2	150
1987	1	Rtr2	928
1988	1	Rtr2	1682
1989	1	Rtr2	1701
1990	1	Rtr2	1756
1991	1	Rtr2	1007
1992	1	Rtr2	190
1993	1	Rtr2	278
1994	1	Rtr2	261
1995	1	Rtr2	348
1996	1	Rtr2	343
1997	1	Rtr2	176
1998	1	Rtr2	115
1999	1	Rtr2	112
