1	1	Rtr2	299
2	1	Rtr2	275
3	1	Rtr2	644
4	1	Rtr2	1020
5	1	Rtr2	1022
6	1	Rtr2	1015
7	1	Rtr2	633
8	1	Rtr2	132
9	1	Rtr2	110
10	1	Rtr2	216
11	1	Rtr2	224
12	1	Rtr2	207
13	1	Rtr2	133
14	1	Rtr2	115
15	1	Rtr2	173
16	1	Rtr2	183
17	1	Rtr2	148
18	1	Rtr2	89
19	1	Rtr2	90
20	1	Rtr2	173
21	1	Rtr2	174
22	1	Rtr2	162
23	1	Rtr2	128
24	1	Rtr2	503
25	1	Rtr2	956
26	1	Rtr2	972
27	1	Rtr2	960
28	1	Rtr2	525
29	1	Rtr2	99
30	1	Rtr2	176
31	1	Rtr2	157
32	1	Rtr2	157
33	1	Rtr2	91
34	1	Rtr2	95
35	1	Rtr2	168
36	1	Rtr2	141
37	1	Rtr2	138
38	1	Rtr2	82
39	1	Rtr2	72
40	1	Rtr2	129
41	1	Rtr2	133
42	1	Rtr2	106
43	1	Rtr2	90
44	1	Rtr2	98
45	1	Rtr2	554
46	1	Rtr2	965
47	1	Rtr2	953
48	1	Rtr2	925
49	1	Rtr2	509
50	1	Rtr2	162
51	1	Rtr2	159
52	1	Rtr2	161
53	1	Rtr2	94
54	1	Rtr2	93
55	1	Rtr2	146
56	1	Rtr2	247
57	1	Rtr2	232
58	1	Rtr2	202
59	1	Rtr2	181
60	1	Rtr2	181
61	1	Rtr2	197
62	1	Rtr2	183
63	1	Rtr2	117
64	1	Rtr2	90
65	1	Rtr2	152
66	1	Rtr2	563
67	1	Rtr2	970
68	1	Rtr2	916
69	1	Rtr2	914
70	1	Rtr2	566
71	1	Rtr2	176
72	1	Rtr2	153
73	1	Rtr2	84
74	1	Rtr2	85
75	1	Rtr2	133
76	1	Rtr2	122
77	1	Rtr2	98
78	1	Rtr2	89
79	1	Rtr2	74
80	1	Rtr2	142
81	1	Rtr2	135
82	1	Rtr2	111
83	1	Rtr2	80
84	1	Rtr2	82
85	1	Rtr2	149
86	1	Rtr2	137
87	1	Rtr2	551
88	1	Rtr2	925
89	1	Rtr2	928
90	1	Rtr2	1009
91	1	Rtr2	591
92	1	Rtr2	176
93	1	Rtr2	123
94	1	Rtr2	97
95	1	Rtr2	172
96	1	Rtr2	177
97	1	Rtr2	169
98	1	Rtr2	102
99	1	Rtr2	85
100	1	Rtr2	165
101	1	Rtr2	152
102	1	Rtr2	159
103	1	Rtr2	83
104	1	Rtr2	77
105	1	Rtr2	140
106	1	Rtr2	141
107	1	Rtr2	132
108	1	Rtr2	496
109	1	Rtr2	924
110	1	Rtr2	1007
111	1	Rtr2	1063
112	1	Rtr2	648
113	1	Rtr2	198
114	1	Rtr2	192
115	1	Rtr2	204
116	1	Rtr2	209
117	1	Rtr2	178
118	1	Rtr2	99
119	1	Rtr2	89
120	1	Rtr2	155
121	1	Rtr2	164
122	1	Rtr2	182
123	1	Rtr2	83
124	1	Rtr2	92
125	1	Rtr2	155
126	1	Rtr2	150
127	1	Rtr2	157
128	1	Rtr2	106
129	1	Rtr2	505
130	1	Rtr2	983
131	1	Rtr2	1008
132	1	Rtr2	1009
133	1	Rtr2	557
134	1	Rtr2	112
135	1	Rtr2	174
136	1	Rtr2	186
137	1	Rtr2	153
138	1	Rtr2	72
139	1	Rtr2	84
140	1	Rtr2	165
141	1	Rtr2	145
142	1	Rtr2	144
143	1	Rtr2	114
144	1	Rtr2	102
145	1	Rtr2	183
146	1	Rtr2	189
147	1	Rtr2	162
148	1	Rtr2	95
149	1	Rtr2	72
150	1	Rtr2	548
151	1	Rtr2	980
152	1	Rtr2	989
153	1	Rtr2	949
154	1	Rtr2	557
155	1	Rtr2	188
156	1	Rtr2	185
157	1	Rtr2	165
158	1	Rtr2	89
159	1	Rtr2	80
160	1	Rtr2	150
161	1	Rtr2	235
162	1	Rtr2	203
163	1	Rtr2	204
164	1	Rtr2	175
165	1	Rtr2	178
166	1	Rtr2	174
167	1	Rtr2	166
168	1	Rtr2	113
169	1	Rtr2	105
170	1	Rtr2	170
171	1	Rtr2	589
172	1	Rtr2	1026
173	1	Rtr2	955
174	1	Rtr2	959
175	1	Rtr2	609
176	1	Rtr2	187
177	1	Rtr2	173
178	1	Rtr2	100
179	1	Rtr2	75
180	1	Rtr2	162
181	1	Rtr2	162
182	1	Rtr2	129
183	1	Rtr2	94
184	1	Rtr2	77
185	1	Rtr2	130
186	1	Rtr2	156
187	1	Rtr2	125
188	1	Rtr2	84
189	1	Rtr2	80
190	1	Rtr2	136
191	1	Rtr2	140
192	1	Rtr2	535
193	1	Rtr2	958
194	1	Rtr2	962
195	1	Rtr2	1039
196	1	Rtr2	592
197	1	Rtr2	163
198	1	Rtr2	109
199	1	Rtr2	119
200	1	Rtr2	183
201	1	Rtr2	179
202	1	Rtr2	170
203	1	Rtr2	83
204	1	Rtr2	104
205	1	Rtr2	195
206	1	Rtr2	171
207	1	Rtr2	143
208	1	Rtr2	96
209	1	Rtr2	102
210	1	Rtr2	149
211	1	Rtr2	155
212	1	Rtr2	136
213	1	Rtr2	513
214	1	Rtr2	954
215	1	Rtr2	1010
216	1	Rtr2	1032
217	1	Rtr2	600
218	1	Rtr2	107
219	1	Rtr2	109
220	1	Rtr2	167
221	1	Rtr2	282
222	1	Rtr2	266
223	1	Rtr2	199
224	1	Rtr2	202
225	1	Rtr2	204
226	1	Rtr2	224
227	1	Rtr2	190
228	1	Rtr2	103
229	1	Rtr2	104
230	1	Rtr2	142
231	1	Rtr2	160
232	1	Rtr2	136
233	1	Rtr2	83
234	1	Rtr2	528
235	1	Rtr2	1015
236	1	Rtr2	1026
237	1	Rtr2	1040
238	1	Rtr2	543
239	1	Rtr2	103
240	1	Rtr2	153
241	1	Rtr2	175
242	1	Rtr2	158
243	1	Rtr2	80
244	1	Rtr2	85
245	1	Rtr2	135
246	1	Rtr2	148
247	1	Rtr2	144
248	1	Rtr2	93
249	1	Rtr2	104
250	1	Rtr2	160
251	1	Rtr2	161
252	1	Rtr2	176
253	1	Rtr2	92
254	1	Rtr2	60
255	1	Rtr2	552
256	1	Rtr2	991
257	1	Rtr2	996
258	1	Rtr2	1004
259	1	Rtr2	546
260	1	Rtr2	158
261	1	Rtr2	145
262	1	Rtr2	137
263	1	Rtr2	77
264	1	Rtr2	57
265	1	Rtr2	115
266	1	Rtr2	224
267	1	Rtr2	192
268	1	Rtr2	194
269	1	Rtr2	183
270	1	Rtr2	167
271	1	Rtr2	183
272	1	Rtr2	166
273	1	Rtr2	98
274	1	Rtr2	103
275	1	Rtr2	152
276	1	Rtr2	590
277	1	Rtr2	1027
278	1	Rtr2	1002
279	1	Rtr2	977
280	1	Rtr2	596
281	1	Rtr2	147
282	1	Rtr2	123
283	1	Rtr2	69
284	1	Rtr2	83
285	1	Rtr2	159
286	1	Rtr2	138
287	1	Rtr2	139
288	1	Rtr2	97
289	1	Rtr2	81
290	1	Rtr2	128
291	1	Rtr2	136
292	1	Rtr2	112
293	1	Rtr2	88
294	1	Rtr2	85
295	1	Rtr2	159
296	1	Rtr2	143
297	1	Rtr2	585
298	1	Rtr2	996
299	1	Rtr2	994
300	1	Rtr2	1053
301	1	Rtr2	621
302	1	Rtr2	166
303	1	Rtr2	547
304	1	Rtr2	997
305	1	Rtr2	1070
306	1	Rtr2	1067
307	1	Rtr2	619
308	1	Rtr2	129
309	1	Rtr2	87
310	1	Rtr2	151
311	1	Rtr2	172
312	1	Rtr2	136
313	1	Rtr2	84
314	1	Rtr2	89
315	1	Rtr2	154
316	1	Rtr2	143
317	1	Rtr2	149
318	1	Rtr2	94
319	1	Rtr2	74
320	1	Rtr2	134
321	1	Rtr2	218
322	1	Rtr2	208
323	1	Rtr2	159
324	1	Rtr2	619
325	1	Rtr2	1070
326	1	Rtr2	1072
327	1	Rtr2	1070
328	1	Rtr2	569
329	1	Rtr2	109
330	1	Rtr2	161
331	1	Rtr2	135
332	1	Rtr2	151
333	1	Rtr2	60
334	1	Rtr2	49
335	1	Rtr2	99
336	1	Rtr2	89
337	1	Rtr2	72
338	1	Rtr2	57
339	1	Rtr2	53
340	1	Rtr2	108
341	1	Rtr2	113
342	1	Rtr2	90
343	1	Rtr2	78
344	1	Rtr2	74
345	1	Rtr2	579
346	1	Rtr2	1044
347	1	Rtr2	1030
348	1	Rtr2	1017
349	1	Rtr2	564
350	1	Rtr2	149
351	1	Rtr2	128
352	1	Rtr2	117
353	1	Rtr2	54
354	1	Rtr2	74
355	1	Rtr2	112
356	1	Rtr2	121
357	1	Rtr2	90
358	1	Rtr2	67
359	1	Rtr2	45
360	1	Rtr2	88
361	1	Rtr2	88
362	1	Rtr2	79
363	1	Rtr2	69
364	1	Rtr2	57
365	1	Rtr2	128
366	1	Rtr2	585
367	1	Rtr2	1038
368	1	Rtr2	1039
369	1	Rtr2	1013
370	1	Rtr2	606
371	1	Rtr2	129
372	1	Rtr2	138
373	1	Rtr2	83
374	1	Rtr2	68
375	1	Rtr2	129
376	1	Rtr2	245
377	1	Rtr2	219
378	1	Rtr2	175
379	1	Rtr2	168
380	1	Rtr2	164
381	1	Rtr2	135
382	1	Rtr2	137
383	1	Rtr2	79
384	1	Rtr2	56
385	1	Rtr2	98
386	1	Rtr2	103
387	1	Rtr2	562
388	1	Rtr2	1008
389	1	Rtr2	1016
390	1	Rtr2	1080
391	1	Rtr2	605
392	1	Rtr2	160
393	1	Rtr2	83
394	1	Rtr2	73
395	1	Rtr2	131
396	1	Rtr2	137
397	1	Rtr2	126
398	1	Rtr2	75
399	1	Rtr2	44
400	1	Rtr2	112
401	1	Rtr2	110
402	1	Rtr2	81
403	1	Rtr2	65
404	1	Rtr2	67
405	1	Rtr2	134
406	1	Rtr2	115
407	1	Rtr2	103
408	1	Rtr2	537
409	1	Rtr2	1026
410	1	Rtr2	1102
411	1	Rtr2	1093
412	1	Rtr2	618
413	1	Rtr2	94
414	1	Rtr2	67
415	1	Rtr2	123
416	1	Rtr2	133
417	1	Rtr2	119
418	1	Rtr2	72
419	1	Rtr2	55
420	1	Rtr2	102
421	1	Rtr2	94
422	1	Rtr2	93
423	1	Rtr2	73
424	1	Rtr2	55
425	1	Rtr2	119
426	1	Rtr2	109
427	1	Rtr2	91
428	1	Rtr2	70
429	1	Rtr2	546
430	1	Rtr2	1083
431	1	Rtr2	1089
432	1	Rtr2	1092
433	1	Rtr2	665
434	1	Rtr2	151
435	1	Rtr2	214
436	1	Rtr2	198
437	1	Rtr2	137
438	1	Rtr2	84
439	1	Rtr2	81
440	1	Rtr2	131
441	1	Rtr2	129
442	1	Rtr2	122
443	1	Rtr2	83
444	1	Rtr2	90
445	1	Rtr2	133
446	1	Rtr2	146
447	1	Rtr2	150
448	1	Rtr2	89
449	1	Rtr2	74
450	1	Rtr2	599
451	1	Rtr2	1101
452	1	Rtr2	1104
453	1	Rtr2	1061
454	1	Rtr2	595
455	1	Rtr2	163
456	1	Rtr2	142
457	1	Rtr2	134
458	1	Rtr2	84
459	1	Rtr2	62
460	1	Rtr2	108
461	1	Rtr2	90
462	1	Rtr2	84
463	1	Rtr2	76
464	1	Rtr2	76
465	1	Rtr2	113
466	1	Rtr2	117
467	1	Rtr2	98
468	1	Rtr2	62
469	1	Rtr2	49
470	1	Rtr2	101
471	1	Rtr2	587
472	1	Rtr2	1086
473	1	Rtr2	1057
474	1	Rtr2	1058
475	1	Rtr2	649
476	1	Rtr2	153
477	1	Rtr2	126
478	1	Rtr2	63
479	1	Rtr2	52
480	1	Rtr2	114
481	1	Rtr2	113
482	1	Rtr2	90
483	1	Rtr2	96
484	1	Rtr2	63
485	1	Rtr2	110
486	1	Rtr2	97
487	1	Rtr2	106
488	1	Rtr2	76
489	1	Rtr2	43
490	1	Rtr2	93
491	1	Rtr2	210
492	1	Rtr2	660
493	1	Rtr2	1145
494	1	Rtr2	1144
495	1	Rtr2	1107
496	1	Rtr2	644
497	1	Rtr2	145
498	1	Rtr2	99
499	1	Rtr2	78
500	1	Rtr2	132
501	1	Rtr2	113
502	1	Rtr2	108
503	1	Rtr2	48
504	1	Rtr2	64
505	1	Rtr2	114
506	1	Rtr2	89
507	1	Rtr2	87
508	1	Rtr2	58
509	1	Rtr2	61
510	1	Rtr2	123
511	1	Rtr2	111
512	1	Rtr2	77
513	1	Rtr2	566
514	1	Rtr2	1066
515	1	Rtr2	1119
516	1	Rtr2	1116
517	1	Rtr2	642
518	1	Rtr2	97
519	1	Rtr2	100
520	1	Rtr2	149
521	1	Rtr2	177
522	1	Rtr2	143
523	1	Rtr2	61
524	1	Rtr2	86
525	1	Rtr2	120
526	1	Rtr2	111
527	1	Rtr2	131
528	1	Rtr2	94
529	1	Rtr2	60
530	1	Rtr2	110
531	1	Rtr2	99
532	1	Rtr2	93
533	1	Rtr2	75
534	1	Rtr2	553
535	1	Rtr2	1096
536	1	Rtr2	1118
537	1	Rtr2	1107
538	1	Rtr2	599
539	1	Rtr2	83
540	1	Rtr2	118
541	1	Rtr2	112
542	1	Rtr2	109
543	1	Rtr2	68
544	1	Rtr2	53
545	1	Rtr2	96
546	1	Rtr2	106
547	1	Rtr2	212
548	1	Rtr2	168
549	1	Rtr2	165
550	1	Rtr2	211
551	1	Rtr2	140
552	1	Rtr2	118
553	1	Rtr2	79
554	1	Rtr2	61
555	1	Rtr2	617
556	1	Rtr2	1120
557	1	Rtr2	1120
558	1	Rtr2	1078
559	1	Rtr2	605
560	1	Rtr2	166
561	1	Rtr2	136
562	1	Rtr2	117
563	1	Rtr2	69
564	1	Rtr2	203
565	1	Rtr2	247
566	1	Rtr2	253
567	1	Rtr2	240
568	1	Rtr2	100
569	1	Rtr2	85
570	1	Rtr2	123
571	1	Rtr2	130
572	1	Rtr2	102
573	1	Rtr2	60
574	1	Rtr2	61
575	1	Rtr2	108
576	1	Rtr2	589
577	1	Rtr2	1107
578	1	Rtr2	1095
579	1	Rtr2	1096
580	1	Rtr2	648
581	1	Rtr2	141
582	1	Rtr2	108
583	1	Rtr2	76
584	1	Rtr2	75
585	1	Rtr2	122
586	1	Rtr2	115
587	1	Rtr2	117
588	1	Rtr2	45
589	1	Rtr2	31
590	1	Rtr2	69
591	1	Rtr2	80
592	1	Rtr2	81
593	1	Rtr2	57
594	1	Rtr2	48
595	1	Rtr2	109
596	1	Rtr2	89
597	1	Rtr2	593
598	1	Rtr2	1106
599	1	Rtr2	1108
600	1	Rtr2	1156
601	1	Rtr2	650
602	1	Rtr2	142
603	1	Rtr2	598
604	1	Rtr2	1113
605	1	Rtr2	1169
606	1	Rtr2	1156
607	1	Rtr2	666
608	1	Rtr2	88
609	1	Rtr2	109
610	1	Rtr2	164
611	1	Rtr2	145
612	1	Rtr2	141
613	1	Rtr2	85
614	1	Rtr2	64
615	1	Rtr2	111
616	1	Rtr2	113
617	1	Rtr2	124
618	1	Rtr2	77
619	1	Rtr2	64
620	1	Rtr2	104
621	1	Rtr2	129
622	1	Rtr2	125
623	1	Rtr2	227
624	1	Rtr2	693
625	1	Rtr2	1246
626	1	Rtr2	1241
627	1	Rtr2	1151
628	1	Rtr2	601
629	1	Rtr2	81
630	1	Rtr2	131
631	1	Rtr2	135
632	1	Rtr2	119
633	1	Rtr2	75
634	1	Rtr2	64
635	1	Rtr2	103
636	1	Rtr2	110
637	1	Rtr2	100
638	1	Rtr2	63
639	1	Rtr2	49
640	1	Rtr2	87
641	1	Rtr2	106
642	1	Rtr2	82
643	1	Rtr2	72
644	1	Rtr2	70
645	1	Rtr2	613
646	1	Rtr2	1143
647	1	Rtr2	1146
648	1	Rtr2	1113
649	1	Rtr2	597
650	1	Rtr2	115
651	1	Rtr2	99
652	1	Rtr2	110
653	1	Rtr2	57
654	1	Rtr2	60
655	1	Rtr2	98
656	1	Rtr2	94
657	1	Rtr2	85
658	1	Rtr2	46
659	1	Rtr2	40
660	1	Rtr2	83
661	1	Rtr2	77
662	1	Rtr2	63
663	1	Rtr2	63
664	1	Rtr2	78
665	1	Rtr2	109
666	1	Rtr2	631
667	1	Rtr2	1169
668	1	Rtr2	1130
669	1	Rtr2	1121
670	1	Rtr2	645
671	1	Rtr2	115
672	1	Rtr2	99
673	1	Rtr2	79
674	1	Rtr2	57
675	1	Rtr2	97
676	1	Rtr2	94
677	1	Rtr2	70
678	1	Rtr2	65
679	1	Rtr2	203
680	1	Rtr2	248
681	1	Rtr2	237
682	1	Rtr2	237
683	1	Rtr2	57
684	1	Rtr2	88
685	1	Rtr2	119
686	1	Rtr2	115
687	1	Rtr2	628
688	1	Rtr2	1109
689	1	Rtr2	1137
690	1	Rtr2	1182
691	1	Rtr2	648
692	1	Rtr2	156
693	1	Rtr2	82
694	1	Rtr2	83
695	1	Rtr2	117
696	1	Rtr2	128
697	1	Rtr2	107
698	1	Rtr2	70
699	1	Rtr2	62
700	1	Rtr2	104
701	1	Rtr2	124
702	1	Rtr2	103
703	1	Rtr2	63
704	1	Rtr2	58
705	1	Rtr2	87
706	1	Rtr2	88
707	1	Rtr2	79
708	1	Rtr2	606
709	1	Rtr2	1132
710	1	Rtr2	1170
711	1	Rtr2	1165
712	1	Rtr2	646
713	1	Rtr2	88
714	1	Rtr2	102
715	1	Rtr2	140
716	1	Rtr2	147
717	1	Rtr2	118
718	1	Rtr2	58
719	1	Rtr2	36
720	1	Rtr2	65
721	1	Rtr2	81
722	1	Rtr2	82
723	1	Rtr2	72
724	1	Rtr2	84
725	1	Rtr2	113
726	1	Rtr2	120
727	1	Rtr2	101
728	1	Rtr2	65
729	1	Rtr2	578
730	1	Rtr2	1162
731	1	Rtr2	1161
732	1	Rtr2	1151
733	1	Rtr2	621
734	1	Rtr2	91
735	1	Rtr2	106
736	1	Rtr2	103
737	1	Rtr2	101
738	1	Rtr2	51
739	1	Rtr2	56
740	1	Rtr2	79
741	1	Rtr2	78
742	1	Rtr2	219
743	1	Rtr2	171
744	1	Rtr2	180
745	1	Rtr2	228
746	1	Rtr2	125
747	1	Rtr2	123
748	1	Rtr2	72
749	1	Rtr2	61
750	1	Rtr2	638
751	1	Rtr2	1191
752	1	Rtr2	1184
753	1	Rtr2	1157
754	1	Rtr2	638
755	1	Rtr2	142
756	1	Rtr2	120
757	1	Rtr2	119
758	1	Rtr2	81
759	1	Rtr2	46
760	1	Rtr2	79
761	1	Rtr2	73
762	1	Rtr2	76
763	1	Rtr2	41
764	1	Rtr2	51
765	1	Rtr2	82
766	1	Rtr2	75
767	1	Rtr2	78
768	1	Rtr2	51
769	1	Rtr2	52
770	1	Rtr2	220
771	1	Rtr2	730
772	1	Rtr2	1271
773	1	Rtr2	1253
774	1	Rtr2	1155
775	1	Rtr2	652
776	1	Rtr2	108
777	1	Rtr2	110
778	1	Rtr2	63
779	1	Rtr2	81
780	1	Rtr2	120
781	1	Rtr2	112
782	1	Rtr2	110
783	1	Rtr2	77
784	1	Rtr2	57
785	1	Rtr2	101
786	1	Rtr2	88
787	1	Rtr2	89
788	1	Rtr2	61
789	1	Rtr2	45
790	1	Rtr2	88
791	1	Rtr2	84
792	1	Rtr2	613
793	1	Rtr2	1154
794	1	Rtr2	1167
795	1	Rtr2	1188
796	1	Rtr2	653
797	1	Rtr2	114
798	1	Rtr2	60
799	1	Rtr2	46
800	1	Rtr2	85
801	1	Rtr2	104
802	1	Rtr2	81
803	1	Rtr2	48
804	1	Rtr2	61
805	1	Rtr2	87
806	1	Rtr2	93
807	1	Rtr2	89
808	1	Rtr2	49
809	1	Rtr2	44
810	1	Rtr2	72
811	1	Rtr2	64
812	1	Rtr2	68
813	1	Rtr2	603
814	1	Rtr2	1160
815	1	Rtr2	1188
816	1	Rtr2	1190
817	1	Rtr2	662
818	1	Rtr2	95
819	1	Rtr2	70
820	1	Rtr2	99
821	1	Rtr2	96
822	1	Rtr2	90
823	1	Rtr2	60
824	1	Rtr2	58
825	1	Rtr2	73
826	1	Rtr2	83
827	1	Rtr2	65
828	1	Rtr2	73
829	1	Rtr2	41
830	1	Rtr2	70
831	1	Rtr2	84
832	1	Rtr2	77
833	1	Rtr2	48
834	1	Rtr2	596
835	1	Rtr2	1188
836	1	Rtr2	1208
837	1	Rtr2	1211
838	1	Rtr2	642
839	1	Rtr2	206
840	1	Rtr2	202
841	1	Rtr2	213
842	1	Rtr2	219
843	1	Rtr2	88
844	1	Rtr2	68
845	1	Rtr2	79
846	1	Rtr2	100
847	1	Rtr2	91
848	1	Rtr2	57
849	1	Rtr2	64
850	1	Rtr2	88
851	1	Rtr2	94
852	1	Rtr2	73
853	1	Rtr2	53
854	1	Rtr2	46
855	1	Rtr2	613
856	1	Rtr2	1186
857	1	Rtr2	1190
858	1	Rtr2	1183
859	1	Rtr2	633
860	1	Rtr2	96
861	1	Rtr2	94
862	1	Rtr2	101
863	1	Rtr2	78
864	1	Rtr2	49
865	1	Rtr2	78
866	1	Rtr2	88
867	1	Rtr2	80
868	1	Rtr2	68
869	1	Rtr2	37
870	1	Rtr2	65
871	1	Rtr2	60
872	1	Rtr2	55
873	1	Rtr2	53
874	1	Rtr2	37
875	1	Rtr2	70
876	1	Rtr2	621
877	1	Rtr2	1208
878	1	Rtr2	1204
879	1	Rtr2	1198
880	1	Rtr2	667
881	1	Rtr2	105
882	1	Rtr2	111
883	1	Rtr2	65
884	1	Rtr2	63
885	1	Rtr2	99
886	1	Rtr2	73
887	1	Rtr2	80
888	1	Rtr2	63
889	1	Rtr2	63
890	1	Rtr2	112
891	1	Rtr2	231
892	1	Rtr2	195
893	1	Rtr2	167
894	1	Rtr2	164
895	1	Rtr2	104
896	1	Rtr2	87
897	1	Rtr2	660
898	1	Rtr2	1197
899	1	Rtr2	1200
900	1	Rtr2	1226
901	1	Rtr2	679
902	1	Rtr2	110
903	1	Rtr2	636
904	1	Rtr2	1202
905	1	Rtr2	1242
906	1	Rtr2	1242
907	1	Rtr2	662
908	1	Rtr2	81
909	1	Rtr2	73
910	1	Rtr2	103
911	1	Rtr2	103
912	1	Rtr2	112
913	1	Rtr2	69
914	1	Rtr2	48
915	1	Rtr2	84
916	1	Rtr2	79
917	1	Rtr2	78
918	1	Rtr2	44
919	1	Rtr2	46
920	1	Rtr2	71
921	1	Rtr2	82
922	1	Rtr2	63
923	1	Rtr2	57
924	1	Rtr2	626
925	1	Rtr2	1238
926	1	Rtr2	1236
927	1	Rtr2	1237
928	1	Rtr2	653
929	1	Rtr2	88
930	1	Rtr2	103
931	1	Rtr2	90
932	1	Rtr2	92
933	1	Rtr2	46
934	1	Rtr2	39
935	1	Rtr2	60
936	1	Rtr2	64
937	1	Rtr2	194
938	1	Rtr2	154
939	1	Rtr2	146
940	1	Rtr2	159
941	1	Rtr2	86
942	1	Rtr2	100
943	1	Rtr2	58
944	1	Rtr2	42
945	1	Rtr2	636
946	1	Rtr2	1225
947	1	Rtr2	1230
948	1	Rtr2	1221
949	1	Rtr2	635
950	1	Rtr2	87
951	1	Rtr2	74
952	1	Rtr2	68
953	1	Rtr2	58
954	1	Rtr2	56
955	1	Rtr2	79
956	1	Rtr2	80
957	1	Rtr2	67
958	1	Rtr2	60
959	1	Rtr2	16
960	1	Rtr2	43
961	1	Rtr2	43
962	1	Rtr2	46
963	1	Rtr2	51
964	1	Rtr2	39
965	1	Rtr2	67
966	1	Rtr2	644
967	1	Rtr2	1228
968	1	Rtr2	1223
969	1	Rtr2	1219
970	1	Rtr2	676
971	1	Rtr2	71
972	1	Rtr2	60
973	1	Rtr2	47
974	1	Rtr2	46
975	1	Rtr2	61
976	1	Rtr2	58
977	1	Rtr2	66
978	1	Rtr2	52
979	1	Rtr2	48
980	1	Rtr2	72
981	1	Rtr2	61
982	1	Rtr2	56
983	1	Rtr2	40
984	1	Rtr2	45
985	1	Rtr2	70
986	1	Rtr2	69
987	1	Rtr2	654
988	1	Rtr2	1222
989	1	Rtr2	1231
990	1	Rtr2	1252
991	1	Rtr2	679
992	1	Rtr2	95
993	1	Rtr2	197
994	1	Rtr2	155
995	1	Rtr2	178
996	1	Rtr2	176
997	1	Rtr2	78
998	1	Rtr2	41
999	1	Rtr2	46
1000	1	Rtr2	85
1001	1	Rtr2	191
1002	1	Rtr2	166
1003	1	Rtr2	722
1004	1	Rtr2	1320
1005	1	Rtr2	1264
1006	1	Rtr2	1264
1007	1	Rtr2	676
1008	1	Rtr2	59
1009	1	Rtr2	64
1010	1	Rtr2	81
1011	1	Rtr2	98
1012	1	Rtr2	96
1013	1	Rtr2	56
1014	1	Rtr2	46
1015	1	Rtr2	69
1016	1	Rtr2	55
1017	1	Rtr2	58
1018	1	Rtr2	41
1019	1	Rtr2	39
1020	1	Rtr2	73
1021	1	Rtr2	73
1022	1	Rtr2	65
1023	1	Rtr2	58
1024	1	Rtr2	636
1025	1	Rtr2	1257
1026	1	Rtr2	1266
1027	1	Rtr2	1260
1028	1	Rtr2	665
1029	1	Rtr2	50
1030	1	Rtr2	72
1031	1	Rtr2	66
1032	1	Rtr2	50
1033	1	Rtr2	29
1034	1	Rtr2	31
1035	1	Rtr2	37
1036	1	Rtr2	59
1037	1	Rtr2	46
1038	1	Rtr2	26
1039	1	Rtr2	50
1040	1	Rtr2	64
1041	1	Rtr2	72
1042	1	Rtr2	60
1043	1	Rtr2	36
1044	1	Rtr2	35
1045	1	Rtr2	657
1046	1	Rtr2	1254
1047	1	Rtr2	1261
1048	1	Rtr2	1257
1049	1	Rtr2	665
1050	1	Rtr2	80
1051	1	Rtr2	82
1052	1	Rtr2	82
1053	1	Rtr2	47
1054	1	Rtr2	25
1055	1	Rtr2	48
1056	1	Rtr2	202
1057	1	Rtr2	170
1058	1	Rtr2	177
1059	1	Rtr2	171
1060	1	Rtr2	88
1061	1	Rtr2	93
1062	1	Rtr2	75
1063	1	Rtr2	49
1064	1	Rtr2	45
1065	1	Rtr2	54
1066	1	Rtr2	665
1067	1	Rtr2	1271
1068	1	Rtr2	1260
1069	1	Rtr2	1268
1070	1	Rtr2	692
1071	1	Rtr2	91
1072	1	Rtr2	77
1073	1	Rtr2	47
1074	1	Rtr2	42
1075	1	Rtr2	56
1076	1	Rtr2	57
1077	1	Rtr2	63
1078	1	Rtr2	53
1079	1	Rtr2	47
1080	1	Rtr2	52
1081	1	Rtr2	52
1082	1	Rtr2	62
1083	1	Rtr2	45
1084	1	Rtr2	27
1085	1	Rtr2	57
1086	1	Rtr2	56
1087	1	Rtr2	664
1088	1	Rtr2	1261
1089	1	Rtr2	1274
1090	1	Rtr2	1285
1091	1	Rtr2	683
1092	1	Rtr2	69
1093	1	Rtr2	62
1094	1	Rtr2	40
1095	1	Rtr2	54
1096	1	Rtr2	53
1097	1	Rtr2	44
1098	1	Rtr2	35
1099	1	Rtr2	32
1100	1	Rtr2	45
1101	1	Rtr2	44
1102	1	Rtr2	42
1103	1	Rtr2	41
1104	1	Rtr2	28
1105	1	Rtr2	45
1106	1	Rtr2	51
1107	1	Rtr2	37
1108	1	Rtr2	652
1109	1	Rtr2	1272
1110	1	Rtr2	1295
1111	1	Rtr2	1413
1112	1	Rtr2	770
1113	1	Rtr2	129
1114	1	Rtr2	124
1115	1	Rtr2	70
1116	1	Rtr2	75
1117	1	Rtr2	68
1118	1	Rtr2	44
1119	1	Rtr2	47
1120	1	Rtr2	60
1121	1	Rtr2	72
1122	1	Rtr2	66
1123	1	Rtr2	37
1124	1	Rtr2	44
1125	1	Rtr2	63
1126	1	Rtr2	58
1127	1	Rtr2	57
1128	1	Rtr2	44
1129	1	Rtr2	657
1130	1	Rtr2	1297
1131	1	Rtr2	1297
1132	1	Rtr2	1303
1133	1	Rtr2	679
1134	1	Rtr2	57
1135	1	Rtr2	62
1136	1	Rtr2	61
1137	1	Rtr2	53
1138	1	Rtr2	29
1139	1	Rtr2	26
1140	1	Rtr2	41
1141	1	Rtr2	56
1142	1	Rtr2	45
1143	1	Rtr2	33
1144	1	Rtr2	39
1145	1	Rtr2	45
1146	1	Rtr2	54
1147	1	Rtr2	35
1148	1	Rtr2	36
1149	1	Rtr2	24
1150	1	Rtr2	660
1151	1	Rtr2	1282
1152	1	Rtr2	1296
1153	1	Rtr2	1290
1154	1	Rtr2	685
1155	1	Rtr2	75
1156	1	Rtr2	70
1157	1	Rtr2	50
1158	1	Rtr2	42
1159	1	Rtr2	43
1160	1	Rtr2	49
1161	1	Rtr2	209
1162	1	Rtr2	183
1163	1	Rtr2	157
1164	1	Rtr2	159
1165	1	Rtr2	62
1166	1	Rtr2	41
1167	1	Rtr2	36
1168	1	Rtr2	22
1169	1	Rtr2	30
1170	1	Rtr2	48
1171	1	Rtr2	664
1172	1	Rtr2	1299
1173	1	Rtr2	1302
1174	1	Rtr2	1302
1175	1	Rtr2	696
1176	1	Rtr2	77
1177	1	Rtr2	55
1178	1	Rtr2	27
1179	1	Rtr2	28
1180	1	Rtr2	40
1181	1	Rtr2	29
1182	1	Rtr2	34
1183	1	Rtr2	26
1184	1	Rtr2	23
1185	1	Rtr2	48
1186	1	Rtr2	19
1187	1	Rtr2	39
1188	1	Rtr2	32
1189	1	Rtr2	46
1190	1	Rtr2	59
1191	1	Rtr2	49
1192	1	Rtr2	677
1193	1	Rtr2	1305
1194	1	Rtr2	1303
1195	1	Rtr2	1322
1196	1	Rtr2	696
1197	1	Rtr2	76
1198	1	Rtr2	53
1199	1	Rtr2	50
1200	1	Rtr2	57
1201	1	Rtr2	47
1202	1	Rtr2	45
1203	1	Rtr2	31
1204	1	Rtr2	17
1205	1	Rtr2	34
1206	1	Rtr2	32
1207	1	Rtr2	25
1208	1	Rtr2	20
1209	1	Rtr2	37
1210	1	Rtr2	44
1211	1	Rtr2	51
1212	1	Rtr2	40
1213	1	Rtr2	667
1214	1	Rtr2	1308
1215	1	Rtr2	1331
1216	1	Rtr2	1332
1217	1	Rtr2	690
1218	1	Rtr2	47
1219	1	Rtr2	41
1220	1	Rtr2	47
1221	1	Rtr2	208
1222	1	Rtr2	157
1223	1	Rtr2	139
1224	1	Rtr2	133
1225	1	Rtr2	46
1226	1	Rtr2	50
1227	1	Rtr2	40
1228	1	Rtr2	27
1229	1	Rtr2	22
1230	1	Rtr2	33
1231	1	Rtr2	39
1232	1	Rtr2	42
1233	1	Rtr2	25
1234	1	Rtr2	664
1235	1	Rtr2	1333
1236	1	Rtr2	1332
1237	1	Rtr2	1328
1238	1	Rtr2	687
1239	1	Rtr2	45
1240	1	Rtr2	36
1241	1	Rtr2	54
1242	1	Rtr2	36
1243	1	Rtr2	21
1244	1	Rtr2	16
1245	1	Rtr2	29
1246	1	Rtr2	39
1247	1	Rtr2	20
1248	1	Rtr2	20
1249	1	Rtr2	33
1250	1	Rtr2	35
1251	1	Rtr2	39
1252	1	Rtr2	49
1253	1	Rtr2	28
1254	1	Rtr2	21
1255	1	Rtr2	679
1256	1	Rtr2	1320
1257	1	Rtr2	1329
1258	1	Rtr2	1326
1259	1	Rtr2	685
1260	1	Rtr2	41
1261	1	Rtr2	36
1262	1	Rtr2	26
1263	1	Rtr2	23
1264	1	Rtr2	27
1265	1	Rtr2	25
1266	1	Rtr2	212
1267	1	Rtr2	172
1268	1	Rtr2	153
1269	1	Rtr2	145
1270	1	Rtr2	31
1271	1	Rtr2	28
1272	1	Rtr2	22
1273	1	Rtr2	25
1274	1	Rtr2	25
1275	1	Rtr2	31
1276	1	Rtr2	678
1277	1	Rtr2	1326
1278	1	Rtr2	1332
1279	1	Rtr2	1330
1280	1	Rtr2	706
1281	1	Rtr2	52
1282	1	Rtr2	56
1283	1	Rtr2	28
1284	1	Rtr2	27
1285	1	Rtr2	35
1286	1	Rtr2	38
1287	1	Rtr2	27
1288	1	Rtr2	23
1289	1	Rtr2	24
1290	1	Rtr2	32
1291	1	Rtr2	24
1292	1	Rtr2	22
1293	1	Rtr2	18
1294	1	Rtr2	24
1295	1	Rtr2	24
1296	1	Rtr2	21
1297	1	Rtr2	676
1298	1	Rtr2	1322
1299	1	Rtr2	1338
1300	1	Rtr2	1353
1301	1	Rtr2	698
1302	1	Rtr2	35
1303	1	Rtr2	681
1304	1	Rtr2	1342
1305	1	Rtr2	1359
1306	1	Rtr2	1363
1307	1	Rtr2	707
1308	1	Rtr2	40
1309	1	Rtr2	27
1310	1	Rtr2	35
1311	1	Rtr2	30
1312	1	Rtr2	19
1313	1	Rtr2	23
1314	1	Rtr2	21
1315	1	Rtr2	22
1316	1	Rtr2	25
1317	1	Rtr2	25
1318	1	Rtr2	14
1319	1	Rtr2	19
1320	1	Rtr2	23
1321	1	Rtr2	181
1322	1	Rtr2	155
1323	1	Rtr2	137
1324	1	Rtr2	788
1325	1	Rtr2	1373
1326	1	Rtr2	1374
1327	1	Rtr2	1371
1328	1	Rtr2	699
1329	1	Rtr2	29
1330	1	Rtr2	34
1331	1	Rtr2	35
1332	1	Rtr2	30
1333	1	Rtr2	23
1334	1	Rtr2	19
1335	1	Rtr2	29
1336	1	Rtr2	32
1337	1	Rtr2	16
1338	1	Rtr2	37
1339	1	Rtr2	22
1340	1	Rtr2	29
1341	1	Rtr2	17
1342	1	Rtr2	24
1343	1	Rtr2	21
1344	1	Rtr2	16
1345	1	Rtr2	687
1346	1	Rtr2	1353
1347	1	Rtr2	1366
1348	1	Rtr2	1360
1349	1	Rtr2	705
1350	1	Rtr2	40
1351	1	Rtr2	33
1352	1	Rtr2	23
1353	1	Rtr2	26
1354	1	Rtr2	17
1355	1	Rtr2	28
1356	1	Rtr2	36
1357	1	Rtr2	35
1358	1	Rtr2	17
1359	1	Rtr2	19
1360	1	Rtr2	28
1361	1	Rtr2	29
1362	1	Rtr2	20
1363	1	Rtr2	18
1364	1	Rtr2	30
1365	1	Rtr2	36
1366	1	Rtr2	696
1367	1	Rtr2	1361
1368	1	Rtr2	1369
1369	1	Rtr2	1369
1370	1	Rtr2	713
1371	1	Rtr2	40
1372	1	Rtr2	29
1373	1	Rtr2	20
1374	1	Rtr2	23
1375	1	Rtr2	34
1376	1	Rtr2	177
1377	1	Rtr2	135
1378	1	Rtr2	129
1379	1	Rtr2	108
1380	1	Rtr2	21
1381	1	Rtr2	22
1382	1	Rtr2	19
1383	1	Rtr2	19
1384	1	Rtr2	16
1385	1	Rtr2	15
1386	1	Rtr2	18
1387	1	Rtr2	690
1388	1	Rtr2	1366
1389	1	Rtr2	1372
1390	1	Rtr2	1387
1391	1	Rtr2	713
1392	1	Rtr2	37
1393	1	Rtr2	21
1394	1	Rtr2	19
1395	1	Rtr2	24
1396	1	Rtr2	24
1397	1	Rtr2	18
1398	1	Rtr2	18
1399	1	Rtr2	22
1400	1	Rtr2	19
1401	1	Rtr2	22
1402	1	Rtr2	35
1403	1	Rtr2	18
1404	1	Rtr2	25
1405	1	Rtr2	21
1406	1	Rtr2	23
1407	1	Rtr2	21
1408	1	Rtr2	698
1409	1	Rtr2	1371
1410	1	Rtr2	1385
1411	1	Rtr2	1389
1412	1	Rtr2	711
1413	1	Rtr2	27
1414	1	Rtr2	21
1415	1	Rtr2	21
1416	1	Rtr2	26
1417	1	Rtr2	24
1418	1	Rtr2	18
1419	1	Rtr2	15
1420	1	Rtr2	22
1421	1	Rtr2	24
1422	1	Rtr2	22
1423	1	Rtr2	23
1424	1	Rtr2	18
1425	1	Rtr2	20
1426	1	Rtr2	27
1427	1	Rtr2	20
1428	1	Rtr2	23
1429	1	Rtr2	699
1430	1	Rtr2	1393
1431	1	Rtr2	1397
1432	1	Rtr2	1397
1433	1	Rtr2	883
1434	1	Rtr2	156
1435	1	Rtr2	150
1436	1	Rtr2	135
1437	1	Rtr2	27
1438	1	Rtr2	22
1439	1	Rtr2	18
1440	1	Rtr2	20
1441	1	Rtr2	21
1442	1	Rtr2	18
1443	1	Rtr2	15
1444	1	Rtr2	18
1445	1	Rtr2	19
1446	1	Rtr2	14
1447	1	Rtr2	14
1448	1	Rtr2	21
1449	1	Rtr2	18
1450	1	Rtr2	704
1451	1	Rtr2	1389
1452	1	Rtr2	1396
1453	1	Rtr2	1399
1454	1	Rtr2	723
1455	1	Rtr2	29
1456	1	Rtr2	19
1457	1	Rtr2	28
1458	1	Rtr2	17
1459	1	Rtr2	16
1460	1	Rtr2	18
1461	1	Rtr2	17
1462	1	Rtr2	18
1463	1	Rtr2	17
1464	1	Rtr2	16
1465	1	Rtr2	22
1466	1	Rtr2	15
1467	1	Rtr2	16
1468	1	Rtr2	14
1469	1	Rtr2	13
1470	1	Rtr2	18
1471	1	Rtr2	705
1472	1	Rtr2	1398
1473	1	Rtr2	1401
1474	1	Rtr2	1412
1475	1	Rtr2	734
1476	1	Rtr2	40
1477	1	Rtr2	27
1478	1	Rtr2	13
1479	1	Rtr2	20
1480	1	Rtr2	16
1481	1	Rtr2	15
1482	1	Rtr2	18
1483	1	Rtr2	15
1484	1	Rtr2	15
1485	1	Rtr2	16
1486	1	Rtr2	16
1487	1	Rtr2	17
1488	1	Rtr2	17
1489	1	Rtr2	14
1490	1	Rtr2	11
1491	1	Rtr2	167
1492	1	Rtr2	808
1493	1	Rtr2	1498
1494	1	Rtr2	1503
1495	1	Rtr2	1429
1496	1	Rtr2	725
1497	1	Rtr2	34
1498	1	Rtr2	23
1499	1	Rtr2	11
1500	1	Rtr2	13
1501	1	Rtr2	15
1502	1	Rtr2	16
1503	1	Rtr2	26
1504	1	Rtr2	14
1505	1	Rtr2	15
1506	1	Rtr2	16
1507	1	Rtr2	18
1508	1	Rtr2	13
1509	1	Rtr2	20
1510	1	Rtr2	19
1511	1	Rtr2	18
1512	1	Rtr2	18
1513	1	Rtr2	706
1514	1	Rtr2	1414
1515	1	Rtr2	1427
1516	1	Rtr2	1427
1517	1	Rtr2	731
1518	1	Rtr2	23
1519	1	Rtr2	14
1520	1	Rtr2	15
1521	1	Rtr2	18
1522	1	Rtr2	15
1523	1	Rtr2	17
1524	1	Rtr2	15
1525	1	Rtr2	14
1526	1	Rtr2	14
1527	1	Rtr2	14
1528	1	Rtr2	16
1529	1	Rtr2	9
1530	1	Rtr2	13
1531	1	Rtr2	21
1532	1	Rtr2	19
1533	1	Rtr2	15
1534	1	Rtr2	718
1535	1	Rtr2	1423
1536	1	Rtr2	1436
1537	1	Rtr2	1431
1538	1	Rtr2	730
1539	1	Rtr2	25
1540	1	Rtr2	22
1541	1	Rtr2	14
1542	1	Rtr2	16
1543	1	Rtr2	17
1544	1	Rtr2	18
1545	1	Rtr2	14
1546	1	Rtr2	13
1547	1	Rtr2	176
1548	1	Rtr2	114
1549	1	Rtr2	108
1550	1	Rtr2	105
1551	1	Rtr2	15
1552	1	Rtr2	16
1553	1	Rtr2	13
1554	1	Rtr2	11
1555	1	Rtr2	720
1556	1	Rtr2	1430
1557	1	Rtr2	1435
1558	1	Rtr2	1435
1559	1	Rtr2	725
1560	1	Rtr2	20
1561	1	Rtr2	14
1562	1	Rtr2	16
1563	1	Rtr2	16
1564	1	Rtr2	209
1565	1	Rtr2	189
1566	1	Rtr2	172
1567	1	Rtr2	171
1568	1	Rtr2	23
1569	1	Rtr2	17
1570	1	Rtr2	18
1571	1	Rtr2	17
1572	1	Rtr2	14
1573	1	Rtr2	17
1574	1	Rtr2	16
1575	1	Rtr2	17
1576	1	Rtr2	726
1577	1	Rtr2	1437
1578	1	Rtr2	1445
1579	1	Rtr2	1444
1580	1	Rtr2	747
1581	1	Rtr2	34
1582	1	Rtr2	23
1583	1	Rtr2	16
1584	1	Rtr2	8
1585	1	Rtr2	14
1586	1	Rtr2	16
1587	1	Rtr2	17
1588	1	Rtr2	14
1589	1	Rtr2	11
1590	1	Rtr2	17
1591	1	Rtr2	23
1592	1	Rtr2	13
1593	1	Rtr2	14
1594	1	Rtr2	11
1595	1	Rtr2	15
1596	1	Rtr2	11
1597	1	Rtr2	729
1598	1	Rtr2	1439
1599	1	Rtr2	1450
1600	1	Rtr2	1457
1601	1	Rtr2	739
1602	1	Rtr2	29
1603	1	Rtr2	726
1604	1	Rtr2	1451
1605	1	Rtr2	1462
1606	1	Rtr2	1465
1607	1	Rtr2	749
1608	1	Rtr2	22
1609	1	Rtr2	16
1610	1	Rtr2	14
1611	1	Rtr2	15
1612	1	Rtr2	12
1613	1	Rtr2	13
1614	1	Rtr2	14
1615	1	Rtr2	11
1616	1	Rtr2	15
1617	1	Rtr2	17
1618	1	Rtr2	12
1619	1	Rtr2	12
1620	1	Rtr2	12
1621	1	Rtr2	13
1622	1	Rtr2	12
1623	1	Rtr2	164
1624	1	Rtr2	837
1625	1	Rtr2	1560
1626	1	Rtr2	1563
1627	1	Rtr2	1475
1628	1	Rtr2	749
1629	1	Rtr2	21
1630	1	Rtr2	13
1631	1	Rtr2	15
1632	1	Rtr2	13
1633	1	Rtr2	10
1634	1	Rtr2	11
1635	1	Rtr2	18
1636	1	Rtr2	15
1637	1	Rtr2	12
1638	1	Rtr2	12
1639	1	Rtr2	16
1640	1	Rtr2	14
1641	1	Rtr2	16
1642	1	Rtr2	15
1643	1	Rtr2	13
1644	1	Rtr2	18
1645	1	Rtr2	730
1646	1	Rtr2	1461
1647	1	Rtr2	1477
1648	1	Rtr2	1473
1649	1	Rtr2	758
1650	1	Rtr2	27
1651	1	Rtr2	14
1652	1	Rtr2	15
1653	1	Rtr2	13
1654	1	Rtr2	10
1655	1	Rtr2	12
1656	1	Rtr2	11
1657	1	Rtr2	14
1658	1	Rtr2	18
1659	1	Rtr2	9
1660	1	Rtr2	15
1661	1	Rtr2	15
1662	1	Rtr2	13
1663	1	Rtr2	12
1664	1	Rtr2	13
1665	1	Rtr2	17
1666	1	Rtr2	741
1667	1	Rtr2	1475
1668	1	Rtr2	1478
1669	1	Rtr2	1483
1670	1	Rtr2	757
1671	1	Rtr2	25
1672	1	Rtr2	16
1673	1	Rtr2	12
1674	1	Rtr2	17
1675	1	Rtr2	15
1676	1	Rtr2	18
1677	1	Rtr2	14
1678	1	Rtr2	14
1679	1	Rtr2	165
1680	1	Rtr2	140
1681	1	Rtr2	125
1682	1	Rtr2	121
1683	1	Rtr2	19
1684	1	Rtr2	14
1685	1	Rtr2	15
1686	1	Rtr2	10
1687	1	Rtr2	744
1688	1	Rtr2	1483
1689	1	Rtr2	1487
1690	1	Rtr2	1493
1691	1	Rtr2	762
1692	1	Rtr2	26
1693	1	Rtr2	9
1694	1	Rtr2	12
1695	1	Rtr2	13
1696	1	Rtr2	13
1697	1	Rtr2	12
1698	1	Rtr2	15
1699	1	Rtr2	11
1700	1	Rtr2	9
1701	1	Rtr2	15
1702	1	Rtr2	13
1703	1	Rtr2	8
1704	1	Rtr2	10
1705	1	Rtr2	15
1706	1	Rtr2	8
1707	1	Rtr2	13
1708	1	Rtr2	749
1709	1	Rtr2	1487
1710	1	Rtr2	1496
1711	1	Rtr2	1496
1712	1	Rtr2	761
1713	1	Rtr2	21
1714	1	Rtr2	15
1715	1	Rtr2	13
1716	1	Rtr2	12
1717	1	Rtr2	11
1718	1	Rtr2	16
1719	1	Rtr2	13
1720	1	Rtr2	15
1721	1	Rtr2	10
1722	1	Rtr2	11
1723	1	Rtr2	12
1724	1	Rtr2	14
1725	1	Rtr2	12
1726	1	Rtr2	15
1727	1	Rtr2	12
1728	1	Rtr2	12
1729	1	Rtr2	747
1730	1	Rtr2	1492
1731	1	Rtr2	1501
1732	1	Rtr2	1499
1733	1	Rtr2	764
1734	1	Rtr2	21
1735	1	Rtr2	13
1736	1	Rtr2	11
1737	1	Rtr2	15
1738	1	Rtr2	13
1739	1	Rtr2	15
1740	1	Rtr2	9
1741	1	Rtr2	12
1742	1	Rtr2	177
1743	1	Rtr2	119
1744	1	Rtr2	112
1745	1	Rtr2	109
1746	1	Rtr2	10
1747	1	Rtr2	5
1748	1	Rtr2	10
1749	1	Rtr2	9
1750	1	Rtr2	755
1751	1	Rtr2	1502
1752	1	Rtr2	1512
1753	1	Rtr2	1503
1754	1	Rtr2	764
1755	1	Rtr2	20
1756	1	Rtr2	11
1757	1	Rtr2	11
1758	1	Rtr2	14
1759	1	Rtr2	12
1760	1	Rtr2	16
1761	1	Rtr2	11
1762	1	Rtr2	12
1763	1	Rtr2	14
1764	1	Rtr2	10
1765	1	Rtr2	15
1766	1	Rtr2	8
1767	1	Rtr2	15
1768	1	Rtr2	13
1769	1	Rtr2	10
1770	1	Rtr2	178
1771	1	Rtr2	862
1772	1	Rtr2	1610
1773	1	Rtr2	1620
1774	1	Rtr2	1522
1775	1	Rtr2	773
1776	1	Rtr2	22
1777	1	Rtr2	13
1778	1	Rtr2	9
1779	1	Rtr2	8
1780	1	Rtr2	12
1781	1	Rtr2	17
1782	1	Rtr2	13
1783	1	Rtr2	11
1784	1	Rtr2	14
1785	1	Rtr2	12
1786	1	Rtr2	12
1787	1	Rtr2	14
1788	1	Rtr2	9
1789	1	Rtr2	15
1790	1	Rtr2	10
1791	1	Rtr2	11
1792	1	Rtr2	760
1793	1	Rtr2	1511
1794	1	Rtr2	1522
1795	1	Rtr2	1523
1796	1	Rtr2	777
1797	1	Rtr2	18
1798	1	Rtr2	13
1799	1	Rtr2	10
1800	1	Rtr2	8
1801	1	Rtr2	6
1802	1	Rtr2	12
1803	1	Rtr2	9
1804	1	Rtr2	6
1805	1	Rtr2	12
1806	1	Rtr2	15
1807	1	Rtr2	13
1808	1	Rtr2	12
1809	1	Rtr2	10
1810	1	Rtr2	11
1811	1	Rtr2	11
1812	1	Rtr2	8
1813	1	Rtr2	766
1814	1	Rtr2	1526
1815	1	Rtr2	1533
1816	1	Rtr2	1535
1817	1	Rtr2	782
1818	1	Rtr2	15
1819	1	Rtr2	10
1820	1	Rtr2	9
1821	1	Rtr2	9
1822	1	Rtr2	7
1823	1	Rtr2	12
1824	1	Rtr2	8
1825	1	Rtr2	11
1826	1	Rtr2	8
1827	1	Rtr2	10
1828	1	Rtr2	7
1829	1	Rtr2	12
1830	1	Rtr2	8
1831	1	Rtr2	11
1832	1	Rtr2	8
1833	1	Rtr2	7
1834	1	Rtr2	769
1835	1	Rtr2	1534
1836	1	Rtr2	1541
1837	1	Rtr2	1543
1838	1	Rtr2	784
1839	1	Rtr2	185
1840	1	Rtr2	144
1841	1	Rtr2	144
1842	1	Rtr2	141
1843	1	Rtr2	14
1844	1	Rtr2	10
1845	1	Rtr2	13
1846	1	Rtr2	9
1847	1	Rtr2	12
1848	1	Rtr2	11
1849	1	Rtr2	13
1850	1	Rtr2	9
1851	1	Rtr2	9
1852	1	Rtr2	10
1853	1	Rtr2	10
1854	1	Rtr2	9
1855	1	Rtr2	769
1856	1	Rtr2	1539
1857	1	Rtr2	1547
1858	1	Rtr2	1552
1859	1	Rtr2	786
1860	1	Rtr2	13
1861	1	Rtr2	7
1862	1	Rtr2	10
1863	1	Rtr2	8
1864	1	Rtr2	10
1865	1	Rtr2	6
1866	1	Rtr2	11
1867	1	Rtr2	8
1868	1	Rtr2	9
1869	1	Rtr2	8
1870	1	Rtr2	12
1871	1	Rtr2	9
1872	1	Rtr2	11
1873	1	Rtr2	11
1874	1	Rtr2	9
1875	1	Rtr2	9
1876	1	Rtr2	772
1877	1	Rtr2	1545
1878	1	Rtr2	1561
1879	1	Rtr2	1553
1880	1	Rtr2	789
1881	1	Rtr2	21
1882	1	Rtr2	9
1883	1	Rtr2	10
1884	1	Rtr2	13
1885	1	Rtr2	12
1886	1	Rtr2	9
1887	1	Rtr2	9
1888	1	Rtr2	13
1889	1	Rtr2	10
1890	1	Rtr2	11
1891	1	Rtr2	160
1892	1	Rtr2	107
1893	1	Rtr2	101
1894	1	Rtr2	96
1895	1	Rtr2	12
1896	1	Rtr2	7
1897	1	Rtr2	779
1898	1	Rtr2	1553
1899	1	Rtr2	1562
1900	1	Rtr2	1567
1901	1	Rtr2	797
1902	1	Rtr2	18
1903	1	Rtr2	783
1904	1	Rtr2	1560
1905	1	Rtr2	1569
1906	1	Rtr2	1569
1907	1	Rtr2	797
1908	1	Rtr2	19
1909	1	Rtr2	7
1910	1	Rtr2	9
1911	1	Rtr2	13
1912	1	Rtr2	10
1913	1	Rtr2	12
1914	1	Rtr2	10
1915	1	Rtr2	9
1916	1	Rtr2	8
1917	1	Rtr2	9
1918	1	Rtr2	12
1919	1	Rtr2	9
1920	1	Rtr2	9
1921	1	Rtr2	9
1922	1	Rtr2	8
1923	1	Rtr2	9
1924	1	Rtr2	787
1925	1	Rtr2	1568
1926	1	Rtr2	1577
1927	1	Rtr2	1573
1928	1	Rtr2	802
1929	1	Rtr2	15
1930	1	Rtr2	9
1931	1	Rtr2	11
1932	1	Rtr2	8
1933	1	Rtr2	14
1934	1	Rtr2	9
1935	1	Rtr2	6
1936	1	Rtr2	8
1937	1	Rtr2	156
1938	1	Rtr2	94
1939	1	Rtr2	97
1940	1	Rtr2	100
1941	1	Rtr2	9
1942	1	Rtr2	7
1943	1	Rtr2	7
1944	1	Rtr2	7
1945	1	Rtr2	790
1946	1	Rtr2	1576
1947	1	Rtr2	1587
1948	1	Rtr2	1587
1949	1	Rtr2	805
1950	1	Rtr2	21
1951	1	Rtr2	12
1952	1	Rtr2	10
1953	1	Rtr2	10
1954	1	Rtr2	7
1955	1	Rtr2	10
1956	1	Rtr2	8
1957	1	Rtr2	9
1958	1	Rtr2	6
1959	1	Rtr2	10
1960	1	Rtr2	10
1961	1	Rtr2	6
1962	1	Rtr2	7
1963	1	Rtr2	9
1964	1	Rtr2	7
1965	1	Rtr2	6
1966	1	Rtr2	793
1967	1	Rtr2	1584
1968	1	Rtr2	1592
1969	1	Rtr2	1591
1970	1	Rtr2	809
1971	1	Rtr2	17
1972	1	Rtr2	7
1973	1	Rtr2	11
1974	1	Rtr2	8
1975	1	Rtr2	10
1976	1	Rtr2	8
1977	1	Rtr2	6
1978	1	Rtr2	7
1979	1	Rtr2	10
1980	1	Rtr2	11
1981	1	Rtr2	8
1982	1	Rtr2	8
1983	1	Rtr2	6
1984	1	Rtr2	10
1985	1	Rtr2	10
1986	1	Rtr2	6
1987	1	Rtr2	792
1988	1	Rtr2	1590
1989	1	Rtr2	1602
1990	1	Rtr2	1599
1991	1	Rtr2	814
1992	1	Rtr2	15
1993	1	Rtr2	169
1994	1	Rtr2	112
1995	1	Rtr2	112
1996	1	Rtr2	108
1997	1	Rtr2	7
1998	1	Rtr2	11
1999	1	Rtr2	8
