Time	Node	PitItems
1	1	Rtr2	351
2	1	Rtr2	338
3	1	Rtr2	1079
4	1	Rtr2	1857
5	1	Rtr2	1957
6	1	Rtr2	1945
7	1	Rtr2	1185
8	1	Rtr2	180
9	1	Rtr2	126
10	1	Rtr2	233
11	1	Rtr2	224
12	1	Rtr2	195
13	1	Rtr2	93
14	1	Rtr2	80
15	1	Rtr2	131
16	1	Rtr2	146
17	1	Rtr2	128
18	1	Rtr2	86
19	1	Rtr2	80
20	1	Rtr2	119
21	1	Rtr2	152
22	1	Rtr2	127
23	1	Rtr2	97
24	1	Rtr2	873
25	1	Rtr2	1723
26	1	Rtr2	1750
27	1	Rtr2	1739
28	1	Rtr2	916
29	1	Rtr2	111
30	1	Rtr2	201
31	1	Rtr2	175
32	1	Rtr2	157
33	1	Rtr2	87
34	1	Rtr2	91
35	1	Rtr2	159
36	1	Rtr2	146
37	1	Rtr2	128
38	1	Rtr2	80
39	1	Rtr2	87
40	1	Rtr2	145
41	1	Rtr2	150
42	1	Rtr2	124
43	1	Rtr2	93
44	1	Rtr2	150
45	1	Rtr2	980
46	1	Rtr2	1769
47	1	Rtr2	1759
48	1	Rtr2	1677
49	1	Rtr2	920
50	1	Rtr2	187
51	1	Rtr2	197
52	1	Rtr2	195
53	1	Rtr2	92
54	1	Rtr2	104
55	1	Rtr2	168
56	1	Rtr2	346
57	1	Rtr2	334
58	1	Rtr2	279
59	1	Rtr2	251
60	1	Rtr2	303
61	1	Rtr2	301
62	1	Rtr2	295
63	1	Rtr2	121
64	1	Rtr2	100
65	1	Rtr2	157
66	1	Rtr2	950
67	1	Rtr2	1716
68	1	Rtr2	1682
69	1	Rtr2	1688
70	1	Rtr2	971
71	1	Rtr2	194
72	1	Rtr2	170
73	1	Rtr2	93
74	1	Rtr2	76
75	1	Rtr2	124
76	1	Rtr2	116
77	1	Rtr2	100
78	1	Rtr2	85
79	1	Rtr2	83
80	1	Rtr2	144
81	1	Rtr2	129
82	1	Rtr2	100
83	1	Rtr2	70
84	1	Rtr2	65
85	1	Rtr2	123
86	1	Rtr2	106
87	1	Rtr2	896
88	1	Rtr2	1660
89	1	Rtr2	1673
90	1	Rtr2	1732
91	1	Rtr2	991
92	1	Rtr2	200
93	1	Rtr2	100
94	1	Rtr2	90
95	1	Rtr2	155
96	1	Rtr2	157
97	1	Rtr2	139
98	1	Rtr2	87
99	1	Rtr2	81
100	1	Rtr2	159
101	1	Rtr2	148
102	1	Rtr2	139
103	1	Rtr2	86
104	1	Rtr2	84
105	1	Rtr2	146
106	1	Rtr2	148
107	1	Rtr2	137
108	1	Rtr2	863
109	1	Rtr2	1641
110	1	Rtr2	1733
111	1	Rtr2	1847
112	1	Rtr2	1099
113	1	Rtr2	271
114	1	Rtr2	248
115	1	Rtr2	295
116	1	Rtr2	291
117	1	Rtr2	283
118	1	Rtr2	111
119	1	Rtr2	94
120	1	Rtr2	158
121	1	Rtr2	146
122	1	Rtr2	158
123	1	Rtr2	73
124	1	Rtr2	85
125	1	Rtr2	153
126	1	Rtr2	147
127	1	Rtr2	120
128	1	Rtr2	84
129	1	Rtr2	851
130	1	Rtr2	1676
131	1	Rtr2	1682
132	1	Rtr2	1685
133	1	Rtr2	877
134	1	Rtr2	124
135	1	Rtr2	180
136	1	Rtr2	175
137	1	Rtr2	165
138	1	Rtr2	87
139	1	Rtr2	89
140	1	Rtr2	160
141	1	Rtr2	149
142	1	Rtr2	152
143	1	Rtr2	125
144	1	Rtr2	137
145	1	Rtr2	217
146	1	Rtr2	227
147	1	Rtr2	201
148	1	Rtr2	106
149	1	Rtr2	85
150	1	Rtr2	918
151	1	Rtr2	1696
152	1	Rtr2	1688
153	1	Rtr2	1624
154	1	Rtr2	900
155	1	Rtr2	197
156	1	Rtr2	191
157	1	Rtr2	175
158	1	Rtr2	95
159	1	Rtr2	79
160	1	Rtr2	153
161	1	Rtr2	321
162	1	Rtr2	263
163	1	Rtr2	234
164	1	Rtr2	245
165	1	Rtr2	316
166	1	Rtr2	292
167	1	Rtr2	290
168	1	Rtr2	120
169	1	Rtr2	98
170	1	Rtr2	159
171	1	Rtr2	905
172	1	Rtr2	1677
173	1	Rtr2	1641
174	1	Rtr2	1632
175	1	Rtr2	957
176	1	Rtr2	180
177	1	Rtr2	148
178	1	Rtr2	88
179	1	Rtr2	66
180	1	Rtr2	157
181	1	Rtr2	157
182	1	Rtr2	120
183	1	Rtr2	110
184	1	Rtr2	70
185	1	Rtr2	138
186	1	Rtr2	130
187	1	Rtr2	114
188	1	Rtr2	92
189	1	Rtr2	77
190	1	Rtr2	128
191	1	Rtr2	134
192	1	Rtr2	861
193	1	Rtr2	1610
194	1	Rtr2	1618
195	1	Rtr2	1677
196	1	Rtr2	926
197	1	Rtr2	191
198	1	Rtr2	124
199	1	Rtr2	148
200	1	Rtr2	214
201	1	Rtr2	209
202	1	Rtr2	192
203	1	Rtr2	81
204	1	Rtr2	66
205	1	Rtr2	150
206	1	Rtr2	156
207	1	Rtr2	136
208	1	Rtr2	97
209	1	Rtr2	95
210	1	Rtr2	147
211	1	Rtr2	179
212	1	Rtr2	139
213	1	Rtr2	835
214	1	Rtr2	1599
215	1	Rtr2	1656
216	1	Rtr2	1673
217	1	Rtr2	928
218	1	Rtr2	105
219	1	Rtr2	119
220	1	Rtr2	173
221	1	Rtr2	346
222	1	Rtr2	346
223	1	Rtr2	260
224	1	Rtr2	246
225	1	Rtr2	307
226	1	Rtr2	307
227	1	Rtr2	292
228	1	Rtr2	94
229	1	Rtr2	98
230	1	Rtr2	144
231	1	Rtr2	157
232	1	Rtr2	151
233	1	Rtr2	112
234	1	Rtr2	828
235	1	Rtr2	1635
236	1	Rtr2	1650
237	1	Rtr2	1654
238	1	Rtr2	870
239	1	Rtr2	103
240	1	Rtr2	153
241	1	Rtr2	152
242	1	Rtr2	122
243	1	Rtr2	68
244	1	Rtr2	58
245	1	Rtr2	109
246	1	Rtr2	126
247	1	Rtr2	92
248	1	Rtr2	66
249	1	Rtr2	70
250	1	Rtr2	118
251	1	Rtr2	121
252	1	Rtr2	107
253	1	Rtr2	83
254	1	Rtr2	54
255	1	Rtr2	850
256	1	Rtr2	1603
257	1	Rtr2	1596
258	1	Rtr2	1584
259	1	Rtr2	853
260	1	Rtr2	177
261	1	Rtr2	160
262	1	Rtr2	171
263	1	Rtr2	107
264	1	Rtr2	89
265	1	Rtr2	144
266	1	Rtr2	312
267	1	Rtr2	288
268	1	Rtr2	224
269	1	Rtr2	247
270	1	Rtr2	290
271	1	Rtr2	309
272	1	Rtr2	297
273	1	Rtr2	100
274	1	Rtr2	92
275	1	Rtr2	148
276	1	Rtr2	876
277	1	Rtr2	1612
278	1	Rtr2	1586
279	1	Rtr2	1566
280	1	Rtr2	913
281	1	Rtr2	177
282	1	Rtr2	137
283	1	Rtr2	83
284	1	Rtr2	80
285	1	Rtr2	139
286	1	Rtr2	118
287	1	Rtr2	111
288	1	Rtr2	80
289	1	Rtr2	63
290	1	Rtr2	103
291	1	Rtr2	111
292	1	Rtr2	102
293	1	Rtr2	80
294	1	Rtr2	82
295	1	Rtr2	145
296	1	Rtr2	130
297	1	Rtr2	864
298	1	Rtr2	1553
299	1	Rtr2	1578
300	1	Rtr2	1637
301	1	Rtr2	910
302	1	Rtr2	181
303	1	Rtr2	817
304	1	Rtr2	1553
305	1	Rtr2	1608
306	1	Rtr2	1610
307	1	Rtr2	890
308	1	Rtr2	143
309	1	Rtr2	101
310	1	Rtr2	162
311	1	Rtr2	155
312	1	Rtr2	134
313	1	Rtr2	104
314	1	Rtr2	108
315	1	Rtr2	167
316	1	Rtr2	149
317	1	Rtr2	156
318	1	Rtr2	73
319	1	Rtr2	88
320	1	Rtr2	144
321	1	Rtr2	273
322	1	Rtr2	287
323	1	Rtr2	238
324	1	Rtr2	955
325	1	Rtr2	1732
326	1	Rtr2	1739
327	1	Rtr2	1727
328	1	Rtr2	837
329	1	Rtr2	101
330	1	Rtr2	159
331	1	Rtr2	143
332	1	Rtr2	162
333	1	Rtr2	75
334	1	Rtr2	63
335	1	Rtr2	121
336	1	Rtr2	115
337	1	Rtr2	116
338	1	Rtr2	73
339	1	Rtr2	91
340	1	Rtr2	147
341	1	Rtr2	157
342	1	Rtr2	126
343	1	Rtr2	81
344	1	Rtr2	71
345	1	Rtr2	842
346	1	Rtr2	1573
347	1	Rtr2	1570
348	1	Rtr2	1543
349	1	Rtr2	826
350	1	Rtr2	144
351	1	Rtr2	131
352	1	Rtr2	100
353	1	Rtr2	51
354	1	Rtr2	65
355	1	Rtr2	120
356	1	Rtr2	125
357	1	Rtr2	111
358	1	Rtr2	78
359	1	Rtr2	37
360	1	Rtr2	93
361	1	Rtr2	108
362	1	Rtr2	91
363	1	Rtr2	100
364	1	Rtr2	63
365	1	Rtr2	139
366	1	Rtr2	848
367	1	Rtr2	1558
368	1	Rtr2	1524
369	1	Rtr2	1515
370	1	Rtr2	877
371	1	Rtr2	143
372	1	Rtr2	140
373	1	Rtr2	96
374	1	Rtr2	81
375	1	Rtr2	135
376	1	Rtr2	309
377	1	Rtr2	297
378	1	Rtr2	242
379	1	Rtr2	217
380	1	Rtr2	264
381	1	Rtr2	267
382	1	Rtr2	239
383	1	Rtr2	68
384	1	Rtr2	72
385	1	Rtr2	117
386	1	Rtr2	108
387	1	Rtr2	829
388	1	Rtr2	1507
389	1	Rtr2	1507
390	1	Rtr2	1561
391	1	Rtr2	859
392	1	Rtr2	133
393	1	Rtr2	104
394	1	Rtr2	91
395	1	Rtr2	146
396	1	Rtr2	173
397	1	Rtr2	157
398	1	Rtr2	76
399	1	Rtr2	58
400	1	Rtr2	112
401	1	Rtr2	115
402	1	Rtr2	116
403	1	Rtr2	97
404	1	Rtr2	72
405	1	Rtr2	146
406	1	Rtr2	149
407	1	Rtr2	133
408	1	Rtr2	779
409	1	Rtr2	1503
410	1	Rtr2	1570
411	1	Rtr2	1564
412	1	Rtr2	867
413	1	Rtr2	93
414	1	Rtr2	87
415	1	Rtr2	149
416	1	Rtr2	154
417	1	Rtr2	138
418	1	Rtr2	80
419	1	Rtr2	89
420	1	Rtr2	143
421	1	Rtr2	133
422	1	Rtr2	119
423	1	Rtr2	91
424	1	Rtr2	79
425	1	Rtr2	139
426	1	Rtr2	118
427	1	Rtr2	116
428	1	Rtr2	89
429	1	Rtr2	780
430	1	Rtr2	1544
431	1	Rtr2	1541
432	1	Rtr2	1554
433	1	Rtr2	951
434	1	Rtr2	228
435	1	Rtr2	288
436	1	Rtr2	272
437	1	Rtr2	258
438	1	Rtr2	201
439	1	Rtr2	177
440	1	Rtr2	142
441	1	Rtr2	126
442	1	Rtr2	124
443	1	Rtr2	81
444	1	Rtr2	81
445	1	Rtr2	120
446	1	Rtr2	125
447	1	Rtr2	122
448	1	Rtr2	66
449	1	Rtr2	69
450	1	Rtr2	794
451	1	Rtr2	1510
452	1	Rtr2	1513
453	1	Rtr2	1498
454	1	Rtr2	798
455	1	Rtr2	158
456	1	Rtr2	130
457	1	Rtr2	114
458	1	Rtr2	82
459	1	Rtr2	57
460	1	Rtr2	112
461	1	Rtr2	89
462	1	Rtr2	82
463	1	Rtr2	65
464	1	Rtr2	70
465	1	Rtr2	104
466	1	Rtr2	113
467	1	Rtr2	93
468	1	Rtr2	71
469	1	Rtr2	56
470	1	Rtr2	106
471	1	Rtr2	796
472	1	Rtr2	1504
473	1	Rtr2	1479
474	1	Rtr2	1479
475	1	Rtr2	858
476	1	Rtr2	146
477	1	Rtr2	122
478	1	Rtr2	64
479	1	Rtr2	56
480	1	Rtr2	126
481	1	Rtr2	125
482	1	Rtr2	118
483	1	Rtr2	93
484	1	Rtr2	61
485	1	Rtr2	94
486	1	Rtr2	84
487	1	Rtr2	88
488	1	Rtr2	68
489	1	Rtr2	49
490	1	Rtr2	96
491	1	Rtr2	254
492	1	Rtr2	933
493	1	Rtr2	1610
494	1	Rtr2	1615
495	1	Rtr2	1651
496	1	Rtr2	979
497	1	Rtr2	248
498	1	Rtr2	66
499	1	Rtr2	45
500	1	Rtr2	98
501	1	Rtr2	96
502	1	Rtr2	86
503	1	Rtr2	60
504	1	Rtr2	83
505	1	Rtr2	134
506	1	Rtr2	122
507	1	Rtr2	112
508	1	Rtr2	66
509	1	Rtr2	55
510	1	Rtr2	114
511	1	Rtr2	107
512	1	Rtr2	87
513	1	Rtr2	774
514	1	Rtr2	1465
515	1	Rtr2	1519
516	1	Rtr2	1518
517	1	Rtr2	854
518	1	Rtr2	106
519	1	Rtr2	107
520	1	Rtr2	155
521	1	Rtr2	175
522	1	Rtr2	151
523	1	Rtr2	80
524	1	Rtr2	70
525	1	Rtr2	120
526	1	Rtr2	138
527	1	Rtr2	149
528	1	Rtr2	100
529	1	Rtr2	82
530	1	Rtr2	134
531	1	Rtr2	135
532	1	Rtr2	134
533	1	Rtr2	89
534	1	Rtr2	749
535	1	Rtr2	1500
536	1	Rtr2	1516
537	1	Rtr2	1493
538	1	Rtr2	786
539	1	Rtr2	94
540	1	Rtr2	124
541	1	Rtr2	133
542	1	Rtr2	119
543	1	Rtr2	65
544	1	Rtr2	59
545	1	Rtr2	111
546	1	Rtr2	130
547	1	Rtr2	249
548	1	Rtr2	216
549	1	Rtr2	214
550	1	Rtr2	318
551	1	Rtr2	278
552	1	Rtr2	296
553	1	Rtr2	207
554	1	Rtr2	58
555	1	Rtr2	791
556	1	Rtr2	1467
557	1	Rtr2	1490
558	1	Rtr2	1454
559	1	Rtr2	788
560	1	Rtr2	168
561	1	Rtr2	130
562	1	Rtr2	117
563	1	Rtr2	59
564	1	Rtr2	225
565	1	Rtr2	308
566	1	Rtr2	267
567	1	Rtr2	277
568	1	Rtr2	196
569	1	Rtr2	195
570	1	Rtr2	225
571	1	Rtr2	147
572	1	Rtr2	121
573	1	Rtr2	46
574	1	Rtr2	58
575	1	Rtr2	101
576	1	Rtr2	763
577	1	Rtr2	1463
578	1	Rtr2	1451
579	1	Rtr2	1447
580	1	Rtr2	833
581	1	Rtr2	150
582	1	Rtr2	123
583	1	Rtr2	81
584	1	Rtr2	70
585	1	Rtr2	106
586	1	Rtr2	107
587	1	Rtr2	103
588	1	Rtr2	52
589	1	Rtr2	38
590	1	Rtr2	62
591	1	Rtr2	72
592	1	Rtr2	59
593	1	Rtr2	66
594	1	Rtr2	53
595	1	Rtr2	111
596	1	Rtr2	95
597	1	Rtr2	770
598	1	Rtr2	1431
599	1	Rtr2	1448
600	1	Rtr2	1495
601	1	Rtr2	830
602	1	Rtr2	152
603	1	Rtr2	764
604	1	Rtr2	1425
605	1	Rtr2	1471
606	1	Rtr2	1468
607	1	Rtr2	826
608	1	Rtr2	110
609	1	Rtr2	101
610	1	Rtr2	152
611	1	Rtr2	131
612	1	Rtr2	125
613	1	Rtr2	75
614	1	Rtr2	43
615	1	Rtr2	95
616	1	Rtr2	94
617	1	Rtr2	90
618	1	Rtr2	54
619	1	Rtr2	60
620	1	Rtr2	91
621	1	Rtr2	87
622	1	Rtr2	76
623	1	Rtr2	224
624	1	Rtr2	889
625	1	Rtr2	1605
626	1	Rtr2	1602
627	1	Rtr2	1566
628	1	Rtr2	852
629	1	Rtr2	171
630	1	Rtr2	125
631	1	Rtr2	112
632	1	Rtr2	120
633	1	Rtr2	62
634	1	Rtr2	61
635	1	Rtr2	99
636	1	Rtr2	101
637	1	Rtr2	84
638	1	Rtr2	71
639	1	Rtr2	51
640	1	Rtr2	104
641	1	Rtr2	123
642	1	Rtr2	103
643	1	Rtr2	79
644	1	Rtr2	75
645	1	Rtr2	758
646	1	Rtr2	1432
647	1	Rtr2	1436
648	1	Rtr2	1399
649	1	Rtr2	748
650	1	Rtr2	114
651	1	Rtr2	90
652	1	Rtr2	92
653	1	Rtr2	46
654	1	Rtr2	40
655	1	Rtr2	85
656	1	Rtr2	79
657	1	Rtr2	76
658	1	Rtr2	57
659	1	Rtr2	51
660	1	Rtr2	84
661	1	Rtr2	95
662	1	Rtr2	68
663	1	Rtr2	67
664	1	Rtr2	71
665	1	Rtr2	105
666	1	Rtr2	750
667	1	Rtr2	1434
668	1	Rtr2	1407
669	1	Rtr2	1393
670	1	Rtr2	780
671	1	Rtr2	102
672	1	Rtr2	92
673	1	Rtr2	70
674	1	Rtr2	60
675	1	Rtr2	93
676	1	Rtr2	92
677	1	Rtr2	85
678	1	Rtr2	56
679	1	Rtr2	215
680	1	Rtr2	266
681	1	Rtr2	264
682	1	Rtr2	237
683	1	Rtr2	167
684	1	Rtr2	180
685	1	Rtr2	222
686	1	Rtr2	142
687	1	Rtr2	776
688	1	Rtr2	1371
689	1	Rtr2	1390
690	1	Rtr2	1431
691	1	Rtr2	788
692	1	Rtr2	147
693	1	Rtr2	79
694	1	Rtr2	86
695	1	Rtr2	128
696	1	Rtr2	121
697	1	Rtr2	115
698	1	Rtr2	57
699	1	Rtr2	65
700	1	Rtr2	100
701	1	Rtr2	98
702	1	Rtr2	96
703	1	Rtr2	57
704	1	Rtr2	51
705	1	Rtr2	104
706	1	Rtr2	103
707	1	Rtr2	91
708	1	Rtr2	722
709	1	Rtr2	1371
710	1	Rtr2	1412
711	1	Rtr2	1412
712	1	Rtr2	765
713	1	Rtr2	92
714	1	Rtr2	89
715	1	Rtr2	122
716	1	Rtr2	140
717	1	Rtr2	119
718	1	Rtr2	57
719	1	Rtr2	50
720	1	Rtr2	80
721	1	Rtr2	91
722	1	Rtr2	89
723	1	Rtr2	48
724	1	Rtr2	63
725	1	Rtr2	106
726	1	Rtr2	111
727	1	Rtr2	92
728	1	Rtr2	52
729	1	Rtr2	708
730	1	Rtr2	1391
731	1	Rtr2	1384
732	1	Rtr2	1383
733	1	Rtr2	738
734	1	Rtr2	90
735	1	Rtr2	116
736	1	Rtr2	115
737	1	Rtr2	125
738	1	Rtr2	57
739	1	Rtr2	48
740	1	Rtr2	67
741	1	Rtr2	66
742	1	Rtr2	222
743	1	Rtr2	196
744	1	Rtr2	197
745	1	Rtr2	224
746	1	Rtr2	206
747	1	Rtr2	206
748	1	Rtr2	152
749	1	Rtr2	38
750	1	Rtr2	721
751	1	Rtr2	1378
752	1	Rtr2	1364
753	1	Rtr2	1366
754	1	Rtr2	749
755	1	Rtr2	141
756	1	Rtr2	118
757	1	Rtr2	111
758	1	Rtr2	70
759	1	Rtr2	36
760	1	Rtr2	71
761	1	Rtr2	71
762	1	Rtr2	71
763	1	Rtr2	44
764	1	Rtr2	56
765	1	Rtr2	89
766	1	Rtr2	97
767	1	Rtr2	98
768	1	Rtr2	60
769	1	Rtr2	71
770	1	Rtr2	241
771	1	Rtr2	868
772	1	Rtr2	1497
773	1	Rtr2	1466
774	1	Rtr2	1423
775	1	Rtr2	827
776	1	Rtr2	173
777	1	Rtr2	88
778	1	Rtr2	54
779	1	Rtr2	67
780	1	Rtr2	95
781	1	Rtr2	84
782	1	Rtr2	73
783	1	Rtr2	61
784	1	Rtr2	58
785	1	Rtr2	115
786	1	Rtr2	110
787	1	Rtr2	109
788	1	Rtr2	62
789	1	Rtr2	48
790	1	Rtr2	78
791	1	Rtr2	63
792	1	Rtr2	701
793	1	Rtr2	1336
794	1	Rtr2	1336
795	1	Rtr2	1361
796	1	Rtr2	747
797	1	Rtr2	117
798	1	Rtr2	66
799	1	Rtr2	60
800	1	Rtr2	98
801	1	Rtr2	119
802	1	Rtr2	109
803	1	Rtr2	70
804	1	Rtr2	80
805	1	Rtr2	117
806	1	Rtr2	120
807	1	Rtr2	111
808	1	Rtr2	52
809	1	Rtr2	46
810	1	Rtr2	79
811	1	Rtr2	78
812	1	Rtr2	72
813	1	Rtr2	677
814	1	Rtr2	1325
815	1	Rtr2	1349
816	1	Rtr2	1352
817	1	Rtr2	738
818	1	Rtr2	97
819	1	Rtr2	71
820	1	Rtr2	100
821	1	Rtr2	107
822	1	Rtr2	106
823	1	Rtr2	71
824	1	Rtr2	67
825	1	Rtr2	93
826	1	Rtr2	96
827	1	Rtr2	91
828	1	Rtr2	69
829	1	Rtr2	38
830	1	Rtr2	63
831	1	Rtr2	86
832	1	Rtr2	74
833	1	Rtr2	54
834	1	Rtr2	670
835	1	Rtr2	1326
836	1	Rtr2	1348
837	1	Rtr2	1352
838	1	Rtr2	719
839	1	Rtr2	204
840	1	Rtr2	233
841	1	Rtr2	230
842	1	Rtr2	239
843	1	Rtr2	160
844	1	Rtr2	145
845	1	Rtr2	153
846	1	Rtr2	80
847	1	Rtr2	77
848	1	Rtr2	36
849	1	Rtr2	32
850	1	Rtr2	69
851	1	Rtr2	60
852	1	Rtr2	51
853	1	Rtr2	39
854	1	Rtr2	30
855	1	Rtr2	680
856	1	Rtr2	1316
857	1	Rtr2	1317
858	1	Rtr2	1311
859	1	Rtr2	703
860	1	Rtr2	97
861	1	Rtr2	96
862	1	Rtr2	112
863	1	Rtr2	78
864	1	Rtr2	60
865	1	Rtr2	84
866	1	Rtr2	77
867	1	Rtr2	85
868	1	Rtr2	73
869	1	Rtr2	46
870	1	Rtr2	66
871	1	Rtr2	75
872	1	Rtr2	56
873	1	Rtr2	67
874	1	Rtr2	51
875	1	Rtr2	88
876	1	Rtr2	696
877	1	Rtr2	1328
878	1	Rtr2	1309
879	1	Rtr2	1305
880	1	Rtr2	716
881	1	Rtr2	97
882	1	Rtr2	109
883	1	Rtr2	80
884	1	Rtr2	67
885	1	Rtr2	110
886	1	Rtr2	85
887	1	Rtr2	86
888	1	Rtr2	54
889	1	Rtr2	58
890	1	Rtr2	110
891	1	Rtr2	225
892	1	Rtr2	226
893	1	Rtr2	173
894	1	Rtr2	180
895	1	Rtr2	193
896	1	Rtr2	185
897	1	Rtr2	796
898	1	Rtr2	1296
899	1	Rtr2	1292
900	1	Rtr2	1321
901	1	Rtr2	724
902	1	Rtr2	108
903	1	Rtr2	675
904	1	Rtr2	1280
905	1	Rtr2	1321
906	1	Rtr2	1320
907	1	Rtr2	704
908	1	Rtr2	77
909	1	Rtr2	77
910	1	Rtr2	105
911	1	Rtr2	107
912	1	Rtr2	116
913	1	Rtr2	63
914	1	Rtr2	49
915	1	Rtr2	79
916	1	Rtr2	73
917	1	Rtr2	77
918	1	Rtr2	38
919	1	Rtr2	42
920	1	Rtr2	69
921	1	Rtr2	78
922	1	Rtr2	62
923	1	Rtr2	57
924	1	Rtr2	652
925	1	Rtr2	1290
926	1	Rtr2	1295
927	1	Rtr2	1294
928	1	Rtr2	684
929	1	Rtr2	71
930	1	Rtr2	94
931	1	Rtr2	81
932	1	Rtr2	77
933	1	Rtr2	54
934	1	Rtr2	34
935	1	Rtr2	62
936	1	Rtr2	74
937	1	Rtr2	202
938	1	Rtr2	206
939	1	Rtr2	185
940	1	Rtr2	223
941	1	Rtr2	206
942	1	Rtr2	210
943	1	Rtr2	137
944	1	Rtr2	64
945	1	Rtr2	675
946	1	Rtr2	1290
947	1	Rtr2	1295
948	1	Rtr2	1268
949	1	Rtr2	659
950	1	Rtr2	82
951	1	Rtr2	69
952	1	Rtr2	70
953	1	Rtr2	49
954	1	Rtr2	47
955	1	Rtr2	72
956	1	Rtr2	72
957	1	Rtr2	65
958	1	Rtr2	54
959	1	Rtr2	25
960	1	Rtr2	50
961	1	Rtr2	47
962	1	Rtr2	54
963	1	Rtr2	64
964	1	Rtr2	52
965	1	Rtr2	81
966	1	Rtr2	675
967	1	Rtr2	1276
968	1	Rtr2	1257
969	1	Rtr2	1253
970	1	Rtr2	697
971	1	Rtr2	80
972	1	Rtr2	68
973	1	Rtr2	50
974	1	Rtr2	55
975	1	Rtr2	68
976	1	Rtr2	66
977	1	Rtr2	64
978	1	Rtr2	48
979	1	Rtr2	42
980	1	Rtr2	73
981	1	Rtr2	58
982	1	Rtr2	50
983	1	Rtr2	38
984	1	Rtr2	42
985	1	Rtr2	75
986	1	Rtr2	74
987	1	Rtr2	669
988	1	Rtr2	1244
989	1	Rtr2	1248
990	1	Rtr2	1268
991	1	Rtr2	689
992	1	Rtr2	96
993	1	Rtr2	199
994	1	Rtr2	190
995	1	Rtr2	228
996	1	Rtr2	216
997	1	Rtr2	181
998	1	Rtr2	140
999	1	Rtr2	111
1000	1	Rtr2	70
1001	1	Rtr2	176
1002	1	Rtr2	187
1003	1	Rtr2	760
1004	1	Rtr2	1331
1005	1	Rtr2	1351
1006	1	Rtr2	1351
1007	1	Rtr2	752
1008	1	Rtr2	49
1009	1	Rtr2	37
1010	1	Rtr2	50
1011	1	Rtr2	63
1012	1	Rtr2	60
1013	1	Rtr2	42
1014	1	Rtr2	26
1015	1	Rtr2	60
1016	1	Rtr2	47
1017	1	Rtr2	49
1018	1	Rtr2	39
1019	1	Rtr2	40
1020	1	Rtr2	75
1021	1	Rtr2	66
1022	1	Rtr2	41
1023	1	Rtr2	46
1024	1	Rtr2	632
1025	1	Rtr2	1242
1026	1	Rtr2	1250
1027	1	Rtr2	1244
1028	1	Rtr2	658
1029	1	Rtr2	53
1030	1	Rtr2	68
1031	1	Rtr2	72
1032	1	Rtr2	58
1033	1	Rtr2	34
1034	1	Rtr2	32
1035	1	Rtr2	44
1036	1	Rtr2	62
1037	1	Rtr2	51
1038	1	Rtr2	37
1039	1	Rtr2	37
1040	1	Rtr2	49
1041	1	Rtr2	57
1042	1	Rtr2	34
1043	1	Rtr2	31
1044	1	Rtr2	32
1045	1	Rtr2	636
1046	1	Rtr2	1219
1047	1	Rtr2	1227
1048	1	Rtr2	1225
1049	1	Rtr2	646
1050	1	Rtr2	78
1051	1	Rtr2	75
1052	1	Rtr2	76
1053	1	Rtr2	44
1054	1	Rtr2	30
1055	1	Rtr2	48
1056	1	Rtr2	223
1057	1	Rtr2	168
1058	1	Rtr2	175
1059	1	Rtr2	161
1060	1	Rtr2	184
1061	1	Rtr2	177
1062	1	Rtr2	147
1063	1	Rtr2	37
1064	1	Rtr2	20
1065	1	Rtr2	44
1066	1	Rtr2	632
1067	1	Rtr2	1211
1068	1	Rtr2	1213
1069	1	Rtr2	1216
1070	1	Rtr2	666
1071	1	Rtr2	75
1072	1	Rtr2	64
1073	1	Rtr2	38
1074	1	Rtr2	48
1075	1	Rtr2	56
1076	1	Rtr2	55
1077	1	Rtr2	58
1078	1	Rtr2	52
1079	1	Rtr2	45
1080	1	Rtr2	63
1081	1	Rtr2	57
1082	1	Rtr2	57
1083	1	Rtr2	45
1084	1	Rtr2	38
1085	1	Rtr2	59
1086	1	Rtr2	63
1087	1	Rtr2	638
1088	1	Rtr2	1201
1089	1	Rtr2	1212
1090	1	Rtr2	1223
1091	1	Rtr2	653
1092	1	Rtr2	68
1093	1	Rtr2	69
1094	1	Rtr2	41
1095	1	Rtr2	57
1096	1	Rtr2	64
1097	1	Rtr2	52
1098	1	Rtr2	35
1099	1	Rtr2	30
1100	1	Rtr2	42
1101	1	Rtr2	42
1102	1	Rtr2	39
1103	1	Rtr2	29
1104	1	Rtr2	28
1105	1	Rtr2	51
1106	1	Rtr2	57
1107	1	Rtr2	47
1108	1	Rtr2	615
1109	1	Rtr2	1196
1110	1	Rtr2	1222
1111	1	Rtr2	1327
1112	1	Rtr2	764
1113	1	Rtr2	156
1114	1	Rtr2	161
1115	1	Rtr2	171
1116	1	Rtr2	179
1117	1	Rtr2	167
1118	1	Rtr2	45
1119	1	Rtr2	36
1120	1	Rtr2	45
1121	1	Rtr2	61
1122	1	Rtr2	53
1123	1	Rtr2	30
1124	1	Rtr2	35
1125	1	Rtr2	48
1126	1	Rtr2	52
1127	1	Rtr2	44
1128	1	Rtr2	34
1129	1	Rtr2	618
1130	1	Rtr2	1208
1131	1	Rtr2	1203
1132	1	Rtr2	1211
1133	1	Rtr2	624
1134	1	Rtr2	56
1135	1	Rtr2	62
1136	1	Rtr2	58
1137	1	Rtr2	46
1138	1	Rtr2	30
1139	1	Rtr2	32
1140	1	Rtr2	43
1141	1	Rtr2	55
1142	1	Rtr2	46
1143	1	Rtr2	28
1144	1	Rtr2	26
1145	1	Rtr2	43
1146	1	Rtr2	52
1147	1	Rtr2	43
1148	1	Rtr2	43
1149	1	Rtr2	34
1150	1	Rtr2	611
1151	1	Rtr2	1177
1152	1	Rtr2	1186
1153	1	Rtr2	1179
1154	1	Rtr2	626
1155	1	Rtr2	70
1156	1	Rtr2	69
1157	1	Rtr2	44
1158	1	Rtr2	41
1159	1	Rtr2	40
1160	1	Rtr2	52
1161	1	Rtr2	195
1162	1	Rtr2	189
1163	1	Rtr2	181
1164	1	Rtr2	163
1165	1	Rtr2	176
1166	1	Rtr2	151
1167	1	Rtr2	144
1168	1	Rtr2	28
1169	1	Rtr2	27
1170	1	Rtr2	40
1171	1	Rtr2	596
1172	1	Rtr2	1167
1173	1	Rtr2	1172
1174	1	Rtr2	1174
1175	1	Rtr2	628
1176	1	Rtr2	73
1177	1	Rtr2	49
1178	1	Rtr2	25
1179	1	Rtr2	25
1180	1	Rtr2	40
1181	1	Rtr2	31
1182	1	Rtr2	34
1183	1	Rtr2	27
1184	1	Rtr2	25
1185	1	Rtr2	47
1186	1	Rtr2	24
1187	1	Rtr2	37
1188	1	Rtr2	29
1189	1	Rtr2	42
1190	1	Rtr2	59
1191	1	Rtr2	52
1192	1	Rtr2	611
1193	1	Rtr2	1161
1194	1	Rtr2	1160
1195	1	Rtr2	1175
1196	1	Rtr2	622
1197	1	Rtr2	73
1198	1	Rtr2	51
1199	1	Rtr2	45
1200	1	Rtr2	55
1201	1	Rtr2	45
1202	1	Rtr2	35
1203	1	Rtr2	30
1204	1	Rtr2	21
1205	1	Rtr2	30
1206	1	Rtr2	29
1207	1	Rtr2	19
1208	1	Rtr2	21
1209	1	Rtr2	32
1210	1	Rtr2	41
1211	1	Rtr2	47
1212	1	Rtr2	36
1213	1	Rtr2	586
1214	1	Rtr2	1149
1215	1	Rtr2	1172
1216	1	Rtr2	1171
1217	1	Rtr2	606
1218	1	Rtr2	43
1219	1	Rtr2	35
1220	1	Rtr2	42
1221	1	Rtr2	170
1222	1	Rtr2	183
1223	1	Rtr2	149
1224	1	Rtr2	162
1225	1	Rtr2	163
1226	1	Rtr2	163
1227	1	Rtr2	140
1228	1	Rtr2	22
1229	1	Rtr2	23
1230	1	Rtr2	28
1231	1	Rtr2	32
1232	1	Rtr2	28
1233	1	Rtr2	25
1234	1	Rtr2	575
1235	1	Rtr2	1150
1236	1	Rtr2	1151
1237	1	Rtr2	1147
1238	1	Rtr2	597
1239	1	Rtr2	43
1240	1	Rtr2	42
1241	1	Rtr2	57
1242	1	Rtr2	34
1243	1	Rtr2	28
1244	1	Rtr2	23
1245	1	Rtr2	28
1246	1	Rtr2	39
1247	1	Rtr2	21
1248	1	Rtr2	22
1249	1	Rtr2	30
1250	1	Rtr2	34
1251	1	Rtr2	38
1252	1	Rtr2	47
1253	1	Rtr2	29
1254	1	Rtr2	21
1255	1	Rtr2	584
1256	1	Rtr2	1130
1257	1	Rtr2	1139
1258	1	Rtr2	1130
1259	1	Rtr2	591
1260	1	Rtr2	40
1261	1	Rtr2	34
1262	1	Rtr2	27
1263	1	Rtr2	23
1264	1	Rtr2	25
1265	1	Rtr2	24
1266	1	Rtr2	173
1267	1	Rtr2	189
1268	1	Rtr2	152
1269	1	Rtr2	147
1270	1	Rtr2	133
1271	1	Rtr2	135
1272	1	Rtr2	128
1273	1	Rtr2	18
1274	1	Rtr2	27
1275	1	Rtr2	30
1276	1	Rtr2	579
1277	1	Rtr2	1118
1278	1	Rtr2	1124
1279	1	Rtr2	1124
1280	1	Rtr2	600
1281	1	Rtr2	53
1282	1	Rtr2	54
1283	1	Rtr2	29
1284	1	Rtr2	25
1285	1	Rtr2	34
1286	1	Rtr2	37
1287	1	Rtr2	28
1288	1	Rtr2	18
1289	1	Rtr2	26
1290	1	Rtr2	35
1291	1	Rtr2	28
1292	1	Rtr2	17
1293	1	Rtr2	17
1294	1	Rtr2	28
1295	1	Rtr2	28
1296	1	Rtr2	22
1297	1	Rtr2	567
1298	1	Rtr2	1097
1299	1	Rtr2	1113
1300	1	Rtr2	1127
1301	1	Rtr2	585
1302	1	Rtr2	33
1303	1	Rtr2	564
1304	1	Rtr2	1101
1305	1	Rtr2	1115
1306	1	Rtr2	1118
1307	1	Rtr2	582
1308	1	Rtr2	38
1309	1	Rtr2	26
1310	1	Rtr2	31
1311	1	Rtr2	30
1312	1	Rtr2	21
1313	1	Rtr2	22
1314	1	Rtr2	16
1315	1	Rtr2	20
1316	1	Rtr2	23
1317	1	Rtr2	25
1318	1	Rtr2	17
1319	1	Rtr2	19
1320	1	Rtr2	25
1321	1	Rtr2	173
1322	1	Rtr2	183
1323	1	Rtr2	169
1324	1	Rtr2	657
1325	1	Rtr2	1205
1326	1	Rtr2	1204
1327	1	Rtr2	1200
1328	1	Rtr2	569
1329	1	Rtr2	31
1330	1	Rtr2	35
1331	1	Rtr2	31
1332	1	Rtr2	28
1333	1	Rtr2	24
1334	1	Rtr2	18
1335	1	Rtr2	30
1336	1	Rtr2	35
1337	1	Rtr2	13
1338	1	Rtr2	35
1339	1	Rtr2	21
1340	1	Rtr2	26
1341	1	Rtr2	18
1342	1	Rtr2	23
1343	1	Rtr2	23
1344	1	Rtr2	16
1345	1	Rtr2	553
1346	1	Rtr2	1082
1347	1	Rtr2	1092
1348	1	Rtr2	1091
1349	1	Rtr2	570
1350	1	Rtr2	41
1351	1	Rtr2	34
1352	1	Rtr2	27
1353	1	Rtr2	22
1354	1	Rtr2	17
1355	1	Rtr2	28
1356	1	Rtr2	37
1357	1	Rtr2	39
1358	1	Rtr2	17
1359	1	Rtr2	19
1360	1	Rtr2	26
1361	1	Rtr2	29
1362	1	Rtr2	19
1363	1	Rtr2	18
1364	1	Rtr2	33
1365	1	Rtr2	39
1366	1	Rtr2	556
1367	1	Rtr2	1077
1368	1	Rtr2	1081
1369	1	Rtr2	1080
1370	1	Rtr2	569
1371	1	Rtr2	39
1372	1	Rtr2	29
1373	1	Rtr2	22
1374	1	Rtr2	22
1375	1	Rtr2	34
1376	1	Rtr2	143
1377	1	Rtr2	159
1378	1	Rtr2	152
1379	1	Rtr2	137
1380	1	Rtr2	126
1381	1	Rtr2	120
1382	1	Rtr2	114
1383	1	Rtr2	20
1384	1	Rtr2	20
1385	1	Rtr2	17
1386	1	Rtr2	19
1387	1	Rtr2	536
1388	1	Rtr2	1058
1389	1	Rtr2	1063
1390	1	Rtr2	1079
1391	1	Rtr2	556
1392	1	Rtr2	31
1393	1	Rtr2	22
1394	1	Rtr2	20
1395	1	Rtr2	27
1396	1	Rtr2	23
1397	1	Rtr2	18
1398	1	Rtr2	18
1399	1	Rtr2	23
1400	1	Rtr2	20
1401	1	Rtr2	20
1402	1	Rtr2	33
1403	1	Rtr2	17
1404	1	Rtr2	26
1405	1	Rtr2	22
1406	1	Rtr2	21
1407	1	Rtr2	21
1408	1	Rtr2	540
1409	1	Rtr2	1056
1410	1	Rtr2	1067
1411	1	Rtr2	1072
1412	1	Rtr2	547
1413	1	Rtr2	24
1414	1	Rtr2	21
1415	1	Rtr2	21
1416	1	Rtr2	27
1417	1	Rtr2	25
1418	1	Rtr2	17
1419	1	Rtr2	14
1420	1	Rtr2	22
1421	1	Rtr2	25
1422	1	Rtr2	21
1423	1	Rtr2	23
1424	1	Rtr2	23
1425	1	Rtr2	20
1426	1	Rtr2	27
1427	1	Rtr2	20
1428	1	Rtr2	22
1429	1	Rtr2	533
1430	1	Rtr2	1055
1431	1	Rtr2	1055
1432	1	Rtr2	1059
1433	1	Rtr2	692
1434	1	Rtr2	173
1435	1	Rtr2	179
1436	1	Rtr2	175
1437	1	Rtr2	135
1438	1	Rtr2	89
1439	1	Rtr2	77
1440	1	Rtr2	23
1441	1	Rtr2	19
1442	1	Rtr2	18
1443	1	Rtr2	17
1444	1	Rtr2	16
1445	1	Rtr2	18
1446	1	Rtr2	14
1447	1	Rtr2	14
1448	1	Rtr2	22
1449	1	Rtr2	20
1450	1	Rtr2	531
1451	1	Rtr2	1041
1452	1	Rtr2	1044
1453	1	Rtr2	1047
1454	1	Rtr2	545
1455	1	Rtr2	26
1456	1	Rtr2	19
1457	1	Rtr2	27
1458	1	Rtr2	15
1459	1	Rtr2	17
1460	1	Rtr2	19
1461	1	Rtr2	19
1462	1	Rtr2	17
1463	1	Rtr2	17
1464	1	Rtr2	15
1465	1	Rtr2	22
1466	1	Rtr2	15
1467	1	Rtr2	16
1468	1	Rtr2	14
1469	1	Rtr2	13
1470	1	Rtr2	18
1471	1	Rtr2	523
1472	1	Rtr2	1032
1473	1	Rtr2	1035
1474	1	Rtr2	1045
1475	1	Rtr2	546
1476	1	Rtr2	37
1477	1	Rtr2	28
1478	1	Rtr2	14
1479	1	Rtr2	20
1480	1	Rtr2	16
1481	1	Rtr2	14
1482	1	Rtr2	18
1483	1	Rtr2	15
1484	1	Rtr2	15
1485	1	Rtr2	16
1486	1	Rtr2	16
1487	1	Rtr2	17
1488	1	Rtr2	17
1489	1	Rtr2	14
1490	1	Rtr2	11
1491	1	Rtr2	146
1492	1	Rtr2	631
1493	1	Rtr2	1112
1494	1	Rtr2	1120
1495	1	Rtr2	1113
1496	1	Rtr2	608
1497	1	Rtr2	103
1498	1	Rtr2	19
1499	1	Rtr2	9
1500	1	Rtr2	11
1501	1	Rtr2	17
1502	1	Rtr2	15
1503	1	Rtr2	26
1504	1	Rtr2	14
1505	1	Rtr2	14
1506	1	Rtr2	16
1507	1	Rtr2	18
1508	1	Rtr2	13
1509	1	Rtr2	20
1510	1	Rtr2	19
1511	1	Rtr2	18
1512	1	Rtr2	18
1513	1	Rtr2	507
1514	1	Rtr2	1013
1515	1	Rtr2	1025
1516	1	Rtr2	1026
1517	1	Rtr2	532
1518	1	Rtr2	22
1519	1	Rtr2	12
1520	1	Rtr2	15
1521	1	Rtr2	18
1522	1	Rtr2	16
1523	1	Rtr2	17
1524	1	Rtr2	15
1525	1	Rtr2	14
1526	1	Rtr2	14
1527	1	Rtr2	14
1528	1	Rtr2	16
1529	1	Rtr2	9
1530	1	Rtr2	13
1531	1	Rtr2	21
1532	1	Rtr2	19
1533	1	Rtr2	15
1534	1	Rtr2	510
1535	1	Rtr2	1004
1536	1	Rtr2	1015
1537	1	Rtr2	1016
1538	1	Rtr2	519
1539	1	Rtr2	23
1540	1	Rtr2	22
1541	1	Rtr2	14
1542	1	Rtr2	16
1543	1	Rtr2	17
1544	1	Rtr2	18
1545	1	Rtr2	14
1546	1	Rtr2	13
1547	1	Rtr2	148
1548	1	Rtr2	158
1549	1	Rtr2	132
1550	1	Rtr2	163
1551	1	Rtr2	117
1552	1	Rtr2	100
1553	1	Rtr2	75
1554	1	Rtr2	14
1555	1	Rtr2	500
1556	1	Rtr2	997
1557	1	Rtr2	1000
1558	1	Rtr2	1007
1559	1	Rtr2	514
1560	1	Rtr2	18
1561	1	Rtr2	14
1562	1	Rtr2	17
1563	1	Rtr2	16
1564	1	Rtr2	129
1565	1	Rtr2	204
1566	1	Rtr2	182
1567	1	Rtr2	155
1568	1	Rtr2	77
1569	1	Rtr2	77
1570	1	Rtr2	79
1571	1	Rtr2	18
1572	1	Rtr2	14
1573	1	Rtr2	17
1574	1	Rtr2	17
1575	1	Rtr2	16
1576	1	Rtr2	505
1577	1	Rtr2	986
1578	1	Rtr2	995
1579	1	Rtr2	996
1580	1	Rtr2	519
1581	1	Rtr2	31
1582	1	Rtr2	22
1583	1	Rtr2	15
1584	1	Rtr2	8
1585	1	Rtr2	14
1586	1	Rtr2	16
1587	1	Rtr2	17
1588	1	Rtr2	14
1589	1	Rtr2	11
1590	1	Rtr2	17
1591	1	Rtr2	23
1592	1	Rtr2	13
1593	1	Rtr2	14
1594	1	Rtr2	11
1595	1	Rtr2	15
1596	1	Rtr2	11
1597	1	Rtr2	496
1598	1	Rtr2	979
1599	1	Rtr2	980
1600	1	Rtr2	987
1601	1	Rtr2	501
1602	1	Rtr2	13
1603	1	Rtr2	489
1604	1	Rtr2	975
1605	1	Rtr2	979
1606	1	Rtr2	980
1607	1	Rtr2	507
1608	1	Rtr2	17
1609	1	Rtr2	11
1610	1	Rtr2	16
1611	1	Rtr2	14
1612	1	Rtr2	12
1613	1	Rtr2	13
1614	1	Rtr2	14
1615	1	Rtr2	11
1616	1	Rtr2	16
1617	1	Rtr2	18
1618	1	Rtr2	12
1619	1	Rtr2	12
1620	1	Rtr2	12
1621	1	Rtr2	13
1622	1	Rtr2	12
1623	1	Rtr2	136
1624	1	Rtr2	587
1625	1	Rtr2	1077
1626	1	Rtr2	1081
1627	1	Rtr2	1046
1628	1	Rtr2	549
1629	1	Rtr2	69
1630	1	Rtr2	15
1631	1	Rtr2	15
1632	1	Rtr2	13
1633	1	Rtr2	11
1634	1	Rtr2	11
1635	1	Rtr2	19
1636	1	Rtr2	15
1637	1	Rtr2	13
1638	1	Rtr2	12
1639	1	Rtr2	17
1640	1	Rtr2	14
1641	1	Rtr2	16
1642	1	Rtr2	15
1643	1	Rtr2	13
1644	1	Rtr2	18
1645	1	Rtr2	480
1646	1	Rtr2	954
1647	1	Rtr2	961
1648	1	Rtr2	955
1649	1	Rtr2	493
1650	1	Rtr2	21
1651	1	Rtr2	13
1652	1	Rtr2	15
1653	1	Rtr2	13
1654	1	Rtr2	11
1655	1	Rtr2	12
1656	1	Rtr2	11
1657	1	Rtr2	15
1658	1	Rtr2	18
1659	1	Rtr2	9
1660	1	Rtr2	15
1661	1	Rtr2	15
1662	1	Rtr2	13
1663	1	Rtr2	12
1664	1	Rtr2	13
1665	1	Rtr2	17
1666	1	Rtr2	479
1667	1	Rtr2	947
1668	1	Rtr2	952
1669	1	Rtr2	949
1670	1	Rtr2	485
1671	1	Rtr2	17
1672	1	Rtr2	10
1673	1	Rtr2	13
1674	1	Rtr2	16
1675	1	Rtr2	15
1676	1	Rtr2	18
1677	1	Rtr2	14
1678	1	Rtr2	14
1679	1	Rtr2	125
1680	1	Rtr2	153
1681	1	Rtr2	159
1682	1	Rtr2	153
1683	1	Rtr2	82
1684	1	Rtr2	81
1685	1	Rtr2	77
1686	1	Rtr2	13
1687	1	Rtr2	472
1688	1	Rtr2	938
1689	1	Rtr2	941
1690	1	Rtr2	945
1691	1	Rtr2	486
1692	1	Rtr2	17
1693	1	Rtr2	10
1694	1	Rtr2	11
1695	1	Rtr2	13
1696	1	Rtr2	13
1697	1	Rtr2	12
1698	1	Rtr2	15
1699	1	Rtr2	12
1700	1	Rtr2	9
1701	1	Rtr2	15
1702	1	Rtr2	13
1703	1	Rtr2	8
1704	1	Rtr2	10
1705	1	Rtr2	15
1706	1	Rtr2	8
1707	1	Rtr2	13
1708	1	Rtr2	469
1709	1	Rtr2	925
1710	1	Rtr2	932
1711	1	Rtr2	931
1712	1	Rtr2	476
1713	1	Rtr2	16
1714	1	Rtr2	16
1715	1	Rtr2	13
1716	1	Rtr2	13
1717	1	Rtr2	11
1718	1	Rtr2	16
1719	1	Rtr2	13
1720	1	Rtr2	15
1721	1	Rtr2	10
1722	1	Rtr2	11
1723	1	Rtr2	12
1724	1	Rtr2	14
1725	1	Rtr2	12
1726	1	Rtr2	15
1727	1	Rtr2	12
1728	1	Rtr2	12
1729	1	Rtr2	462
1730	1	Rtr2	920
1731	1	Rtr2	927
1732	1	Rtr2	924
1733	1	Rtr2	471
1734	1	Rtr2	16
1735	1	Rtr2	13
1736	1	Rtr2	11
1737	1	Rtr2	15
1738	1	Rtr2	13
1739	1	Rtr2	14
1740	1	Rtr2	9
1741	1	Rtr2	12
1742	1	Rtr2	140
1743	1	Rtr2	140
1744	1	Rtr2	121
1745	1	Rtr2	123
1746	1	Rtr2	81
1747	1	Rtr2	81
1748	1	Rtr2	56
1749	1	Rtr2	13
1750	1	Rtr2	461
1751	1	Rtr2	909
1752	1	Rtr2	918
1753	1	Rtr2	919
1754	1	Rtr2	463
1755	1	Rtr2	15
1756	1	Rtr2	11
1757	1	Rtr2	10
1758	1	Rtr2	14
1759	1	Rtr2	12
1760	1	Rtr2	15
1761	1	Rtr2	11
1762	1	Rtr2	12
1763	1	Rtr2	14
1764	1	Rtr2	10
1765	1	Rtr2	15
1766	1	Rtr2	8
1767	1	Rtr2	15
1768	1	Rtr2	13
1769	1	Rtr2	10
1770	1	Rtr2	124
1771	1	Rtr2	562
1772	1	Rtr2	996
1773	1	Rtr2	995
1774	1	Rtr2	959
1775	1	Rtr2	516
1776	1	Rtr2	64
1777	1	Rtr2	10
1778	1	Rtr2	9
1779	1	Rtr2	8
1780	1	Rtr2	14
1781	1	Rtr2	17
1782	1	Rtr2	11
1783	1	Rtr2	12
1784	1	Rtr2	13
1785	1	Rtr2	12
1786	1	Rtr2	12
1787	1	Rtr2	14
1788	1	Rtr2	9
1789	1	Rtr2	15
1790	1	Rtr2	10
1791	1	Rtr2	11
1792	1	Rtr2	451
1793	1	Rtr2	892
1794	1	Rtr2	900
1795	1	Rtr2	897
1796	1	Rtr2	463
1797	1	Rtr2	13
1798	1	Rtr2	13
1799	1	Rtr2	9
1800	1	Rtr2	8
1801	1	Rtr2	6
1802	1	Rtr2	12
1803	1	Rtr2	9
1804	1	Rtr2	6
1805	1	Rtr2	13
1806	1	Rtr2	15
1807	1	Rtr2	13
1808	1	Rtr2	12
1809	1	Rtr2	10
1810	1	Rtr2	11
1811	1	Rtr2	11
1812	1	Rtr2	8
1813	1	Rtr2	446
1814	1	Rtr2	888
1815	1	Rtr2	890
1816	1	Rtr2	894
1817	1	Rtr2	453
1818	1	Rtr2	14
1819	1	Rtr2	8
1820	1	Rtr2	9
1821	1	Rtr2	9
1822	1	Rtr2	6
1823	1	Rtr2	13
1824	1	Rtr2	8
1825	1	Rtr2	11
1826	1	Rtr2	9
1827	1	Rtr2	10
1828	1	Rtr2	7
1829	1	Rtr2	12
1830	1	Rtr2	8
1831	1	Rtr2	11
1832	1	Rtr2	8
1833	1	Rtr2	7
1834	1	Rtr2	443
1835	1	Rtr2	879
1836	1	Rtr2	884
1837	1	Rtr2	882
1838	1	Rtr2	451
1839	1	Rtr2	133
1840	1	Rtr2	134
1841	1	Rtr2	144
1842	1	Rtr2	124
1843	1	Rtr2	66
1844	1	Rtr2	65
1845	1	Rtr2	64
1846	1	Rtr2	11
1847	1	Rtr2	12
1848	1	Rtr2	11
1849	1	Rtr2	14
1850	1	Rtr2	8
1851	1	Rtr2	10
1852	1	Rtr2	10
1853	1	Rtr2	10
1854	1	Rtr2	9
1855	1	Rtr2	438
1856	1	Rtr2	870
1857	1	Rtr2	874
1858	1	Rtr2	876
1859	1	Rtr2	445
1860	1	Rtr2	10
1861	1	Rtr2	7
1862	1	Rtr2	10
1863	1	Rtr2	8
1864	1	Rtr2	10
1865	1	Rtr2	6
1866	1	Rtr2	11
1867	1	Rtr2	8
1868	1	Rtr2	9
1869	1	Rtr2	8
1870	1	Rtr2	12
1871	1	Rtr2	9
1872	1	Rtr2	11
1873	1	Rtr2	11
1874	1	Rtr2	9
1875	1	Rtr2	9
1876	1	Rtr2	430
1877	1	Rtr2	862
1878	1	Rtr2	866
1879	1	Rtr2	871
1880	1	Rtr2	443
1881	1	Rtr2	19
1882	1	Rtr2	9
1883	1	Rtr2	10
1884	1	Rtr2	13
1885	1	Rtr2	12
1886	1	Rtr2	9
1887	1	Rtr2	9
1888	1	Rtr2	13
1889	1	Rtr2	10
1890	1	Rtr2	11
1891	1	Rtr2	114
1892	1	Rtr2	119
1893	1	Rtr2	115
1894	1	Rtr2	110
1895	1	Rtr2	89
1896	1	Rtr2	87
1897	1	Rtr2	509
1898	1	Rtr2	856
1899	1	Rtr2	858
1900	1	Rtr2	859
1901	1	Rtr2	439
1902	1	Rtr2	14
1903	1	Rtr2	424
1904	1	Rtr2	841
1905	1	Rtr2	849
1906	1	Rtr2	851
1907	1	Rtr2	433
1908	1	Rtr2	15
1909	1	Rtr2	8
1910	1	Rtr2	8
1911	1	Rtr2	13
1912	1	Rtr2	9
1913	1	Rtr2	12
1914	1	Rtr2	10
1915	1	Rtr2	9
1916	1	Rtr2	8
1917	1	Rtr2	9
1918	1	Rtr2	12
1919	1	Rtr2	9
1920	1	Rtr2	9
1921	1	Rtr2	9
1922	1	Rtr2	8
1923	1	Rtr2	9
1924	1	Rtr2	423
1925	1	Rtr2	836
1926	1	Rtr2	838
1927	1	Rtr2	838
1928	1	Rtr2	428
1929	1	Rtr2	14
1930	1	Rtr2	9
1931	1	Rtr2	11
1932	1	Rtr2	8
1933	1	Rtr2	14
1934	1	Rtr2	9
1935	1	Rtr2	6
1936	1	Rtr2	8
1937	1	Rtr2	113
1938	1	Rtr2	104
1939	1	Rtr2	87
1940	1	Rtr2	122
1941	1	Rtr2	76
1942	1	Rtr2	79
1943	1	Rtr2	67
1944	1	Rtr2	12
1945	1	Rtr2	417
1946	1	Rtr2	828
1947	1	Rtr2	833
1948	1	Rtr2	835
1949	1	Rtr2	425
1950	1	Rtr2	17
1951	1	Rtr2	12
1952	1	Rtr2	10
1953	1	Rtr2	10
1954	1	Rtr2	8
1955	1	Rtr2	10
1956	1	Rtr2	8
1957	1	Rtr2	9
1958	1	Rtr2	6
1959	1	Rtr2	10
1960	1	Rtr2	10
1961	1	Rtr2	6
1962	1	Rtr2	7
1963	1	Rtr2	9
1964	1	Rtr2	7
1965	1	Rtr2	6
1966	1	Rtr2	413
1967	1	Rtr2	821
1968	1	Rtr2	823
1969	1	Rtr2	822
1970	1	Rtr2	421
1971	1	Rtr2	13
1972	1	Rtr2	7
1973	1	Rtr2	11
1974	1	Rtr2	8
1975	1	Rtr2	10
1976	1	Rtr2	8
1977	1	Rtr2	6
1978	1	Rtr2	7
1979	1	Rtr2	10
1980	1	Rtr2	11
1981	1	Rtr2	8
1982	1	Rtr2	8
1983	1	Rtr2	6
1984	1	Rtr2	10
1985	1	Rtr2	10
1986	1	Rtr2	6
1987	1	Rtr2	404
1988	1	Rtr2	810
1989	1	Rtr2	818
1990	1	Rtr2	815
1991	1	Rtr2	418
1992	1	Rtr2	11
1993	1	Rtr2	99
1994	1	Rtr2	90
1995	1	Rtr2	98
1996	1	Rtr2	103
1997	1	Rtr2	61
1998	1	Rtr2	46
1999	1	Rtr2	50
