Time	Node	PitItems
	585
2	1	Rtr2	529
3	1	Rtr2	1553
4	1	Rtr2	2624
5	1	Rtr2	2401
6	1	Rtr2	2389
7	1	Rtr2	1341
8	1	Rtr2	178
9	1	Rtr2	137
10	1	Rtr2	240
11	1	Rtr2	238
12	1	Rtr2	224
13	1	Rtr2	114
14	1	Rtr2	108
15	1	Rtr2	183
16	1	Rtr2	178
17	1	Rtr2	172
18	1	Rtr2	114
19	1	Rtr2	67
20	1	Rtr2	139
21	1	Rtr2	165
22	1	Rtr2	158
23	1	Rtr2	125
24	1	Rtr2	1191
25	1	Rtr2	2342
26	1	Rtr2	2364
27	1	Rtr2	2357
28	1	Rtr2	1217
29	1	Rtr2	118
30	1	Rtr2	200
31	1	Rtr2	179
32	1	Rtr2	162
33	1	Rtr2	93
34	1	Rtr2	101
35	1	Rtr2	175
36	1	Rtr2	171
37	1	Rtr2	164
38	1	Rtr2	102
39	1	Rtr2	93
40	1	Rtr2	146
41	1	Rtr2	132
42	1	Rtr2	129
43	1	Rtr2	98
44	1	Rtr2	93
45	1	Rtr2	1238
46	1	Rtr2	2311
47	1	Rtr2	2317
48	1	Rtr2	2280
49	1	Rtr2	1224
50	1	Rtr2	190
51	1	Rtr2	195
52	1	Rtr2	177
53	1	Rtr2	71
54	1	Rtr2	87
55	1	Rtr2	135
56	1	Rtr2	472
57	1	Rtr2	430
58	1	Rtr2	374
59	1	Rtr2	358
60	1	Rtr2	164
61	1	Rtr2	186
62	1	Rtr2	192
63	1	Rtr2	99
64	1	Rtr2	89
65	1	Rtr2	142
66	1	Rtr2	1226
67	1	Rtr2	2301
68	1	Rtr2	2289
69	1	Rtr2	2278
70	1	Rtr2	1264
71	1	Rtr2	212
72	1	Rtr2	192
73	1	Rtr2	107
74	1	Rtr2	89
75	1	Rtr2	166
76	1	Rtr2	158
77	1	Rtr2	145
78	1	Rtr2	121
79	1	Rtr2	83
80	1	Rtr2	156
81	1	Rtr2	140
82	1	Rtr2	128
83	1	Rtr2	86
84	1	Rtr2	99
85	1	Rtr2	145
86	1	Rtr2	134
87	1	Rtr2	1218
88	1	Rtr2	2265
89	1	Rtr2	2275
90	1	Rtr2	2331
91	1	Rtr2	1279
92	1	Rtr2	182
93	1	Rtr2	104
94	1	Rtr2	91
95	1	Rtr2	160
96	1	Rtr2	150
97	1	Rtr2	137
98	1	Rtr2	103
99	1	Rtr2	84
100	1	Rtr2	157
101	1	Rtr2	137
102	1	Rtr2	130
103	1	Rtr2	84
104	1	Rtr2	86
105	1	Rtr2	133
106	1	Rtr2	142
107	1	Rtr2	153
108	1	Rtr2	1167
109	1	Rtr2	2252
110	1	Rtr2	2349
111	1	Rtr2	2667
112	1	Rtr2	1536
113	1	Rtr2	391
114	1	Rtr2	364
115	1	Rtr2	188
116	1	Rtr2	207
117	1	Rtr2	174
118	1	Rtr2	105
119	1	Rtr2	103
120	1	Rtr2	185
121	1	Rtr2	167
122	1	Rtr2	192
123	1	Rtr2	124
124	1	Rtr2	75
125	1	Rtr2	150
126	1	Rtr2	144
127	1	Rtr2	160
128	1	Rtr2	116
129	1	Rtr2	1156
130	1	Rtr2	2284
131	1	Rtr2	2292
132	1	Rtr2	2298
133	1	Rtr2	1209
134	1	Rtr2	123
135	1	Rtr2	179
136	1	Rtr2	200
137	1	Rtr2	166
138	1	Rtr2	93
139	1	Rtr2	96
140	1	Rtr2	164
141	1	Rtr2	149
142	1	Rtr2	141
143	1	Rtr2	81
144	1	Rtr2	100
145	1	Rtr2	184
146	1	Rtr2	183
147	1	Rtr2	159
148	1	Rtr2	85
149	1	Rtr2	86
150	1	Rtr2	1193
151	1	Rtr2	2258
152	1	Rtr2	2269
153	1	Rtr2	2239
154	1	Rtr2	1213
155	1	Rtr2	204
156	1	Rtr2	177
157	1	Rtr2	178
158	1	Rtr2	104
159	1	Rtr2	101
160	1	Rtr2	185
161	1	Rtr2	485
162	1	Rtr2	398
163	1	Rtr2	351
164	1	Rtr2	356
165	1	Rtr2	200
166	1	Rtr2	193
167	1	Rtr2	183
168	1	Rtr2	106
169	1	Rtr2	109
170	1	Rtr2	161
171	1	Rtr2	1229
172	1	Rtr2	2296
173	1	Rtr2	2241
174	1	Rtr2	2237
175	1	Rtr2	1257
176	1	Rtr2	196
177	1	Rtr2	159
178	1	Rtr2	110
179	1	Rtr2	106
180	1	Rtr2	188
181	1	Rtr2	205
182	1	Rtr2	158
183	1	Rtr2	108
184	1	Rtr2	111
185	1	Rtr2	177
186	1	Rtr2	180
187	1	Rtr2	167
188	1	Rtr2	90
189	1	Rtr2	99
190	1	Rtr2	143
191	1	Rtr2	154
192	1	Rtr2	1183
193	1	Rtr2	2234
194	1	Rtr2	2234
195	1	Rtr2	2295
196	1	Rtr2	1251
197	1	Rtr2	182
198	1	Rtr2	97
199	1	Rtr2	95
200	1	Rtr2	136
201	1	Rtr2	116
202	1	Rtr2	107
203	1	Rtr2	93
204	1	Rtr2	84
205	1	Rtr2	177
206	1	Rtr2	141
207	1	Rtr2	122
208	1	Rtr2	102
209	1	Rtr2	93
210	1	Rtr2	142
211	1	Rtr2	184
212	1	Rtr2	164
213	1	Rtr2	1142
214	1	Rtr2	2221
215	1	Rtr2	2286
216	1	Rtr2	2292
217	1	Rtr2	1250
218	1	Rtr2	122
219	1	Rtr2	119
220	1	Rtr2	185
221	1	Rtr2	543
222	1	Rtr2	474
223	1	Rtr2	386
224	1	Rtr2	369
225	1	Rtr2	173
226	1	Rtr2	150
227	1	Rtr2	177
228	1	Rtr2	119
229	1	Rtr2	110
230	1	Rtr2	161
231	1	Rtr2	176
232	1	Rtr2	172
233	1	Rtr2	84
234	1	Rtr2	1127
235	1	Rtr2	2260
236	1	Rtr2	2260
237	1	Rtr2	2267
238	1	Rtr2	1171
239	1	Rtr2	118
240	1	Rtr2	185
241	1	Rtr2	170
242	1	Rtr2	149
243	1	Rtr2	88
244	1	Rtr2	86
245	1	Rtr2	136
246	1	Rtr2	166
247	1	Rtr2	142
248	1	Rtr2	92
249	1	Rtr2	75
250	1	Rtr2	143
251	1	Rtr2	160
252	1	Rtr2	167
253	1	Rtr2	99
254	1	Rtr2	96
255	1	Rtr2	1171
256	1	Rtr2	2235
257	1	Rtr2	2245
258	1	Rtr2	2208
259	1	Rtr2	1170
260	1	Rtr2	180
261	1	Rtr2	159
262	1	Rtr2	145
263	1	Rtr2	75
264	1	Rtr2	60
265	1	Rtr2	121
266	1	Rtr2	479
267	1	Rtr2	418
268	1	Rtr2	388
269	1	Rtr2	372
270	1	Rtr2	159
271	1	Rtr2	170
272	1	Rtr2	169
273	1	Rtr2	103
274	1	Rtr2	90
275	1	Rtr2	149
276	1	Rtr2	1194
277	1	Rtr2	2232
278	1	Rtr2	2209
279	1	Rtr2	2194
280	1	Rtr2	1225
281	1	Rtr2	181
282	1	Rtr2	150
283	1	Rtr2	77
284	1	Rtr2	85
285	1	Rtr2	151
286	1	Rtr2	135
287	1	Rtr2	118
288	1	Rtr2	94
289	1	Rtr2	71
290	1	Rtr2	99
291	1	Rtr2	102
292	1	Rtr2	91
293	1	Rtr2	73
294	1	Rtr2	63
295	1	Rtr2	122
296	1	Rtr2	103
297	1	Rtr2	1156
298	1	Rtr2	2191
299	1	Rtr2	2189
300	1	Rtr2	2243
301	1	Rtr2	1222
302	1	Rtr2	170
303	1	Rtr2	1139
304	1	Rtr2	2170
305	1	Rtr2	2230
306	1	Rtr2	2232
307	1	Rtr2	1205
308	1	Rtr2	146
309	1	Rtr2	95
310	1	Rtr2	165
311	1	Rtr2	159
312	1	Rtr2	130
313	1	Rtr2	86
314	1	Rtr2	78
315	1	Rtr2	149
316	1	Rtr2	138
317	1	Rtr2	149
318	1	Rtr2	102
319	1	Rtr2	90
320	1	Rtr2	153
321	1	Rtr2	455
322	1	Rtr2	398
323	1	Rtr2	344
324	1	Rtr2	1368
325	1	Rtr2	2246
326	1	Rtr2	2244
327	1	Rtr2	2240
328	1	Rtr2	1172
329	1	Rtr2	121
330	1	Rtr2	173
331	1	Rtr2	160
332	1	Rtr2	169
333	1	Rtr2	85
334	1	Rtr2	87
335	1	Rtr2	148
336	1	Rtr2	156
337	1	Rtr2	153
338	1	Rtr2	72
339	1	Rtr2	86
340	1	Rtr2	120
341	1	Rtr2	127
342	1	Rtr2	109
343	1	Rtr2	76
344	1	Rtr2	84
345	1	Rtr2	1157
346	1	Rtr2	2196
347	1	Rtr2	2198
348	1	Rtr2	2172
349	1	Rtr2	1145
350	1	Rtr2	154
351	1	Rtr2	162
352	1	Rtr2	114
353	1	Rtr2	80
354	1	Rtr2	91
355	1	Rtr2	156
356	1	Rtr2	156
357	1	Rtr2	149
358	1	Rtr2	89
359	1	Rtr2	49
360	1	Rtr2	85
361	1	Rtr2	110
362	1	Rtr2	101
363	1	Rtr2	116
364	1	Rtr2	85
365	1	Rtr2	139
366	1	Rtr2	1161
367	1	Rtr2	2186
368	1	Rtr2	2164
369	1	Rtr2	2157
370	1	Rtr2	1180
371	1	Rtr2	139
372	1	Rtr2	149
373	1	Rtr2	89
374	1	Rtr2	68
375	1	Rtr2	130
376	1	Rtr2	470
377	1	Rtr2	420
378	1	Rtr2	378
379	1	Rtr2	359
380	1	Rtr2	166
381	1	Rtr2	154
382	1	Rtr2	151
383	1	Rtr2	64
384	1	Rtr2	74
385	1	Rtr2	125
386	1	Rtr2	136
387	1	Rtr2	1160
388	1	Rtr2	2147
389	1	Rtr2	2156
390	1	Rtr2	2204
391	1	Rtr2	1193
392	1	Rtr2	155
393	1	Rtr2	88
394	1	Rtr2	84
395	1	Rtr2	134
396	1	Rtr2	146
397	1	Rtr2	151
398	1	Rtr2	84
399	1	Rtr2	55
400	1	Rtr2	118
401	1	Rtr2	121
402	1	Rtr2	102
403	1	Rtr2	72
404	1	Rtr2	73
405	1	Rtr2	151
406	1	Rtr2	145
407	1	Rtr2	121
408	1	Rtr2	1090
409	1	Rtr2	2133
410	1	Rtr2	2197
411	1	Rtr2	2200
412	1	Rtr2	1188
413	1	Rtr2	125
414	1	Rtr2	78
415	1	Rtr2	137
416	1	Rtr2	150
417	1	Rtr2	121
418	1	Rtr2	90
419	1	Rtr2	77
420	1	Rtr2	134
421	1	Rtr2	134
422	1	Rtr2	120
423	1	Rtr2	84
424	1	Rtr2	58
425	1	Rtr2	135
426	1	Rtr2	109
427	1	Rtr2	115
428	1	Rtr2	89
429	1	Rtr2	1098
430	1	Rtr2	2187
431	1	Rtr2	2200
432	1	Rtr2	2198
433	1	Rtr2	1446
434	1	Rtr2	356
435	1	Rtr2	401
436	1	Rtr2	371
437	1	Rtr2	141
438	1	Rtr2	94
439	1	Rtr2	53
440	1	Rtr2	106
441	1	Rtr2	114
442	1	Rtr2	116
443	1	Rtr2	97
444	1	Rtr2	92
445	1	Rtr2	136
446	1	Rtr2	133
447	1	Rtr2	135
448	1	Rtr2	81
449	1	Rtr2	67
450	1	Rtr2	1126
451	1	Rtr2	2157
452	1	Rtr2	2160
453	1	Rtr2	2137
454	1	Rtr2	1121
455	1	Rtr2	152
456	1	Rtr2	144
457	1	Rtr2	125
458	1	Rtr2	83
459	1	Rtr2	68
460	1	Rtr2	120
461	1	Rtr2	101
462	1	Rtr2	110
463	1	Rtr2	92
464	1	Rtr2	103
465	1	Rtr2	146
466	1	Rtr2	158
467	1	Rtr2	151
468	1	Rtr2	87
469	1	Rtr2	80
470	1	Rtr2	121
471	1	Rtr2	1144
472	1	Rtr2	2165
473	1	Rtr2	2123
474	1	Rtr2	2130
475	1	Rtr2	1190
476	1	Rtr2	159
477	1	Rtr2	134
478	1	Rtr2	71
479	1	Rtr2	70
480	1	Rtr2	146
481	1	Rtr2	152
482	1	Rtr2	129
483	1	Rtr2	95
484	1	Rtr2	81
485	1	Rtr2	135
486	1	Rtr2	127
487	1	Rtr2	152
488	1	Rtr2	85
489	1	Rtr2	87
490	1	Rtr2	140
491	1	Rtr2	507
492	1	Rtr2	1436
493	1	Rtr2	2407
494	1	Rtr2	2404
495	1	Rtr2	2170
496	1	Rtr2	1182
497	1	Rtr2	141
498	1	Rtr2	76
499	1	Rtr2	65
500	1	Rtr2	116
501	1	Rtr2	87
502	1	Rtr2	96
503	1	Rtr2	48
504	1	Rtr2	43
505	1	Rtr2	92
506	1	Rtr2	85
507	1	Rtr2	78
508	1	Rtr2	54
509	1	Rtr2	55
510	1	Rtr2	108
511	1	Rtr2	98
512	1	Rtr2	66
513	1	Rtr2	1075
514	1	Rtr2	2118
515	1	Rtr2	2166
516	1	Rtr2	2173
517	1	Rtr2	1186
518	1	Rtr2	109
519	1	Rtr2	111
520	1	Rtr2	165
521	1	Rtr2	187
522	1	Rtr2	166
523	1	Rtr2	85
524	1	Rtr2	73
525	1	Rtr2	114
526	1	Rtr2	128
527	1	Rtr2	122
528	1	Rtr2	71
529	1	Rtr2	70
530	1	Rtr2	134
531	1	Rtr2	125
532	1	Rtr2	113
533	1	Rtr2	73
534	1	Rtr2	1081
535	1	Rtr2	2139
536	1	Rtr2	2154
537	1	Rtr2	2144
538	1	Rtr2	1122
539	1	Rtr2	94
540	1	Rtr2	128
541	1	Rtr2	129
542	1	Rtr2	130
543	1	Rtr2	97
544	1	Rtr2	55
545	1	Rtr2	104
546	1	Rtr2	109
547	1	Rtr2	487
548	1	Rtr2	404
549	1	Rtr2	386
550	1	Rtr2	432
551	1	Rtr2	125
552	1	Rtr2	139
553	1	Rtr2	84
554	1	Rtr2	46
555	1	Rtr2	1089
556	1	Rtr2	2102
557	1	Rtr2	2119
558	1	Rtr2	2099
559	1	Rtr2	1116
560	1	Rtr2	166
561	1	Rtr2	133
562	1	Rtr2	127
563	1	Rtr2	73
564	1	Rtr2	427
565	1	Rtr2	429
566	1	Rtr2	438
567	1	Rtr2	403
568	1	Rtr2	94
569	1	Rtr2	66
570	1	Rtr2	98
571	1	Rtr2	111
572	1	Rtr2	111
573	1	Rtr2	82
574	1	Rtr2	75
575	1	Rtr2	133
576	1	Rtr2	1112
577	1	Rtr2	2134
578	1	Rtr2	2092
579	1	Rtr2	2090
580	1	Rtr2	1144
581	1	Rtr2	139
582	1	Rtr2	123
583	1	Rtr2	70
584	1	Rtr2	67
585	1	Rtr2	99
586	1	Rtr2	98
587	1	Rtr2	94
588	1	Rtr2	47
589	1	Rtr2	27
590	1	Rtr2	65
591	1	Rtr2	59
592	1	Rtr2	74
593	1	Rtr2	42
594	1	Rtr2	54
595	1	Rtr2	109
596	1	Rtr2	85
597	1	Rtr2	1100
598	1	Rtr2	2096
599	1	Rtr2	2100
600	1	Rtr2	2148
601	1	Rtr2	1152
602	1	Rtr2	142
603	1	Rtr2	1072
604	1	Rtr2	2072
605	1	Rtr2	2124
606	1	Rtr2	2121
607	1	Rtr2	1152
608	1	Rtr2	113
609	1	Rtr2	98
610	1	Rtr2	141
611	1	Rtr2	135
612	1	Rtr2	132
613	1	Rtr2	96
614	1	Rtr2	82
615	1	Rtr2	135
616	1	Rtr2	138
617	1	Rtr2	141
618	1	Rtr2	74
619	1	Rtr2	51
620	1	Rtr2	98
621	1	Rtr2	123
622	1	Rtr2	97
623	1	Rtr2	377
624	1	Rtr2	1297
625	1	Rtr2	2343
626	1	Rtr2	2336
627	1	Rtr2	2120
628	1	Rtr2	1100
629	1	Rtr2	90
630	1	Rtr2	129
631	1	Rtr2	132
632	1	Rtr2	139
633	1	Rtr2	91
634	1	Rtr2	91
635	1	Rtr2	119
636	1	Rtr2	129
637	1	Rtr2	122
638	1	Rtr2	77
639	1	Rtr2	61
640	1	Rtr2	99
641	1	Rtr2	128
642	1	Rtr2	94
643	1	Rtr2	80
644	1	Rtr2	89
645	1	Rtr2	1112
646	1	Rtr2	2113
647	1	Rtr2	2119
648	1	Rtr2	2068
649	1	Rtr2	1079
650	1	Rtr2	123
651	1	Rtr2	105
652	1	Rtr2	100
653	1	Rtr2	59
654	1	Rtr2	43
655	1	Rtr2	103
656	1	Rtr2	95
657	1	Rtr2	102
658	1	Rtr2	68
659	1	Rtr2	50
660	1	Rtr2	99
661	1	Rtr2	107
662	1	Rtr2	92
663	1	Rtr2	76
664	1	Rtr2	59
665	1	Rtr2	104
666	1	Rtr2	1084
667	1	Rtr2	2076
668	1	Rtr2	2059
669	1	Rtr2	2061
670	1	Rtr2	1120
671	1	Rtr2	116
672	1	Rtr2	93
673	1	Rtr2	57
674	1	Rtr2	73
675	1	Rtr2	121
676	1	Rtr2	105
677	1	Rtr2	97
678	1	Rtr2	77
679	1	Rtr2	317
680	1	Rtr2	328
681	1	Rtr2	330
682	1	Rtr2	324
683	1	Rtr2	85
684	1	Rtr2	76
685	1	Rtr2	131
686	1	Rtr2	114
687	1	Rtr2	1093
688	1	Rtr2	2037
689	1	Rtr2	2051
690	1	Rtr2	2093
691	1	Rtr2	1111
692	1	Rtr2	151
693	1	Rtr2	88
694	1	Rtr2	69
695	1	Rtr2	104
696	1	Rtr2	104
697	1	Rtr2	96
698	1	Rtr2	71
699	1	Rtr2	73
700	1	Rtr2	99
701	1	Rtr2	117
702	1	Rtr2	112
703	1	Rtr2	66
704	1	Rtr2	46
705	1	Rtr2	97
706	1	Rtr2	90
707	1	Rtr2	87
708	1	Rtr2	1054
709	1	Rtr2	2045
710	1	Rtr2	2090
711	1	Rtr2	2092
712	1	Rtr2	1123
713	1	Rtr2	81
714	1	Rtr2	92
715	1	Rtr2	129
716	1	Rtr2	142
717	1	Rtr2	116
718	1	Rtr2	61
719	1	Rtr2	46
720	1	Rtr2	87
721	1	Rtr2	96
722	1	Rtr2	98
723	1	Rtr2	57
724	1	Rtr2	76
725	1	Rtr2	111
726	1	Rtr2	124
727	1	Rtr2	112
728	1	Rtr2	73
729	1	Rtr2	1039
730	1	Rtr2	2055
731	1	Rtr2	2064
732	1	Rtr2	2064
733	1	Rtr2	1072
734	1	Rtr2	80
735	1	Rtr2	101
736	1	Rtr2	100
737	1	Rtr2	109
738	1	Rtr2	53
739	1	Rtr2	46
740	1	Rtr2	74
741	1	Rtr2	81
742	1	Rtr2	392
743	1	Rtr2	323
744	1	Rtr2	307
745	1	Rtr2	345
746	1	Rtr2	119
747	1	Rtr2	98
748	1	Rtr2	54
749	1	Rtr2	44
750	1	Rtr2	1051
751	1	Rtr2	2042
752	1	Rtr2	2048
753	1	Rtr2	2041
754	1	Rtr2	1086
755	1	Rtr2	148
756	1	Rtr2	132
757	1	Rtr2	124
758	1	Rtr2	88
759	1	Rtr2	36
760	1	Rtr2	73
761	1	Rtr2	75
762	1	Rtr2	85
763	1	Rtr2	59
764	1	Rtr2	56
765	1	Rtr2	98
766	1	Rtr2	84
767	1	Rtr2	69
768	1	Rtr2	56
769	1	Rtr2	62
770	1	Rtr2	364
771	1	Rtr2	1297
772	1	Rtr2	2266
773	1	Rtr2	2246
774	1	Rtr2	2029
775	1	Rtr2	1103
776	1	Rtr2	120
777	1	Rtr2	109
778	1	Rtr2	58
779	1	Rtr2	71
780	1	Rtr2	111
781	1	Rtr2	89
782	1	Rtr2	85
783	1	Rtr2	47
784	1	Rtr2	41
785	1	Rtr2	88
786	1	Rtr2	74
787	1	Rtr2	76
788	1	Rtr2	46
789	1	Rtr2	44
790	1	Rtr2	69
791	1	Rtr2	65
792	1	Rtr2	1044
793	1	Rtr2	2008
794	1	Rtr2	2018
795	1	Rtr2	2045
796	1	Rtr2	1090
797	1	Rtr2	125
798	1	Rtr2	58
799	1	Rtr2	44
800	1	Rtr2	79
801	1	Rtr2	97
802	1	Rtr2	82
803	1	Rtr2	56
804	1	Rtr2	71
805	1	Rtr2	103
806	1	Rtr2	94
807	1	Rtr2	101
808	1	Rtr2	62
809	1	Rtr2	58
810	1	Rtr2	83
811	1	Rtr2	79
812	1	Rtr2	88
813	1	Rtr2	1018
814	1	Rtr2	1999
815	1	Rtr2	2033
816	1	Rtr2	2034
817	1	Rtr2	1085
818	1	Rtr2	103
819	1	Rtr2	68
820	1	Rtr2	103
821	1	Rtr2	97
822	1	Rtr2	90
823	1	Rtr2	66
824	1	Rtr2	65
825	1	Rtr2	89
826	1	Rtr2	92
827	1	Rtr2	83
828	1	Rtr2	73
829	1	Rtr2	48
830	1	Rtr2	76
831	1	Rtr2	98
832	1	Rtr2	86
833	1	Rtr2	50
834	1	Rtr2	1008
835	1	Rtr2	2008
836	1	Rtr2	2038
837	1	Rtr2	2033
838	1	Rtr2	1069
839	1	Rtr2	375
840	1	Rtr2	340
841	1	Rtr2	345
842	1	Rtr2	341
843	1	Rtr2	79
844	1	Rtr2	58
845	1	Rtr2	71
846	1	Rtr2	91
847	1	Rtr2	80
848	1	Rtr2	44
849	1	Rtr2	45
850	1	Rtr2	76
851	1	Rtr2	75
852	1	Rtr2	56
853	1	Rtr2	42
854	1	Rtr2	37
855	1	Rtr2	1013
856	1	Rtr2	1994
857	1	Rtr2	2003
858	1	Rtr2	2000
859	1	Rtr2	1045
860	1	Rtr2	100
861	1	Rtr2	87
862	1	Rtr2	102
863	1	Rtr2	81
864	1	Rtr2	79
865	1	Rtr2	105
866	1	Rtr2	108
867	1	Rtr2	96
868	1	Rtr2	71
869	1	Rtr2	46
870	1	Rtr2	68
871	1	Rtr2	69
872	1	Rtr2	68
873	1	Rtr2	71
874	1	Rtr2	56
875	1	Rtr2	88
876	1	Rtr2	1036
877	1	Rtr2	2002
878	1	Rtr2	1989
879	1	Rtr2	1990
880	1	Rtr2	1067
881	1	Rtr2	104
882	1	Rtr2	106
883	1	Rtr2	61
884	1	Rtr2	52
885	1	Rtr2	101
886	1	Rtr2	84
887	1	Rtr2	86
888	1	Rtr2	69
889	1	Rtr2	65
890	1	Rtr2	110
891	1	Rtr2	339
892	1	Rtr2	281
893	1	Rtr2	252
894	1	Rtr2	252
895	1	Rtr2	120
896	1	Rtr2	111
897	1	Rtr2	1064
898	1	Rtr2	1978
899	1	Rtr2	1977
900	1	Rtr2	2008
901	1	Rtr2	1070
902	1	Rtr2	121
903	1	Rtr2	1011
904	1	Rtr2	1968
905	1	Rtr2	2013
906	1	Rtr2	2013
907	1	Rtr2	1053
908	1	Rtr2	80
909	1	Rtr2	66
910	1	Rtr2	93
911	1	Rtr2	99
912	1	Rtr2	111
913	1	Rtr2	65
914	1	Rtr2	47
915	1	Rtr2	78
916	1	Rtr2	74
917	1	Rtr2	70
918	1	Rtr2	38
919	1	Rtr2	39
920	1	Rtr2	67
921	1	Rtr2	78
922	1	Rtr2	65
923	1	Rtr2	66
924	1	Rtr2	1000
925	1	Rtr2	1980
926	1	Rtr2	1988
927	1	Rtr2	1989
928	1	Rtr2	1027
929	1	Rtr2	78
930	1	Rtr2	93
931	1	Rtr2	86
932	1	Rtr2	76
933	1	Rtr2	48
934	1	Rtr2	30
935	1	Rtr2	63
936	1	Rtr2	66
937	1	Rtr2	302
938	1	Rtr2	247
939	1	Rtr2	242
940	1	Rtr2	248
941	1	Rtr2	91
942	1	Rtr2	94
943	1	Rtr2	49
944	1	Rtr2	47
945	1	Rtr2	1003
946	1	Rtr2	1967
947	1	Rtr2	1977
948	1	Rtr2	1967
949	1	Rtr2	1013
950	1	Rtr2	95
951	1	Rtr2	79
952	1	Rtr2	76
953	1	Rtr2	60
954	1	Rtr2	58
955	1	Rtr2	82
956	1	Rtr2	80
957	1	Rtr2	72
958	1	Rtr2	65
959	1	Rtr2	31
960	1	Rtr2	56
961	1	Rtr2	46
962	1	Rtr2	57
963	1	Rtr2	62
964	1	Rtr2	45
965	1	Rtr2	76
966	1	Rtr2	1016
967	1	Rtr2	1963
968	1	Rtr2	1951
969	1	Rtr2	1955
970	1	Rtr2	1054
971	1	Rtr2	86
972	1	Rtr2	72
973	1	Rtr2	49
974	1	Rtr2	56
975	1	Rtr2	69
976	1	Rtr2	68
977	1	Rtr2	57
978	1	Rtr2	39
979	1	Rtr2	43
980	1	Rtr2	66
981	1	Rtr2	57
982	1	Rtr2	49
983	1	Rtr2	38
984	1	Rtr2	39
985	1	Rtr2	67
986	1	Rtr2	57
987	1	Rtr2	1006
988	1	Rtr2	1932
989	1	Rtr2	1945
990	1	Rtr2	1971
991	1	Rtr2	1043
992	1	Rtr2	97
993	1	Rtr2	288
994	1	Rtr2	243
995	1	Rtr2	265
996	1	Rtr2	260
997	1	Rtr2	97
998	1	Rtr2	46
999	1	Rtr2	43
1000	1	Rtr2	78
1001	1	Rtr2	381
1002	1	Rtr2	314
1003	1	Rtr2	1224
1004	1	Rtr2	2162
1005	1	Rtr2	1972
1006	1	Rtr2	1972
1007	1	Rtr2	1032
1008	1	Rtr2	64
1009	1	Rtr2	61
1010	1	Rtr2	80
1011	1	Rtr2	98
1012	1	Rtr2	87
1013	1	Rtr2	54
1014	1	Rtr2	42
1015	1	Rtr2	69
1016	1	Rtr2	62
1017	1	Rtr2	75
1018	1	Rtr2	46
1019	1	Rtr2	51
1020	1	Rtr2	80
1021	1	Rtr2	77
1022	1	Rtr2	62
1023	1	Rtr2	52
1024	1	Rtr2	978
1025	1	Rtr2	1943
1026	1	Rtr2	1955
1027	1	Rtr2	1952
1028	1	Rtr2	1014
1029	1	Rtr2	56
1030	1	Rtr2	67
1031	1	Rtr2	64
1032	1	Rtr2	53
1033	1	Rtr2	31
1034	1	Rtr2	31
1035	1	Rtr2	40
1036	1	Rtr2	64
1037	1	Rtr2	42
1038	1	Rtr2	32
1039	1	Rtr2	36
1040	1	Rtr2	55
1041	1	Rtr2	67
1042	1	Rtr2	48
1043	1	Rtr2	37
1044	1	Rtr2	44
1045	1	Rtr2	986
1046	1	Rtr2	1931
1047	1	Rtr2	1941
1048	1	Rtr2	1929
1049	1	Rtr2	1005
1050	1	Rtr2	85
1051	1	Rtr2	84
1052	1	Rtr2	80
1053	1	Rtr2	45
1054	1	Rtr2	23
1055	1	Rtr2	43
1056	1	Rtr2	331
1057	1	Rtr2	276
1058	1	Rtr2	268
1059	1	Rtr2	263
1060	1	Rtr2	95
1061	1	Rtr2	84
1062	1	Rtr2	68
1063	1	Rtr2	35
1064	1	Rtr2	25
1065	1	Rtr2	43
1066	1	Rtr2	980
1067	1	Rtr2	1914
1068	1	Rtr2	1918
1069	1	Rtr2	1925
1070	1	Rtr2	1026
1071	1	Rtr2	87
1072	1	Rtr2	69
1073	1	Rtr2	48
1074	1	Rtr2	45
1075	1	Rtr2	65
1076	1	Rtr2	59
1077	1	Rtr2	68
1078	1	Rtr2	49
1079	1	Rtr2	33
1080	1	Rtr2	46
1081	1	Rtr2	45
1082	1	Rtr2	50
1083	1	Rtr2	46
1084	1	Rtr2	37
1085	1	Rtr2	63
1086	1	Rtr2	58
1087	1	Rtr2	989
1088	1	Rtr2	1907
1089	1	Rtr2	1915
1090	1	Rtr2	1935
1091	1	Rtr2	1014
1092	1	Rtr2	74
1093	1	Rtr2	64
1094	1	Rtr2	41
1095	1	Rtr2	59
1096	1	Rtr2	58
1097	1	Rtr2	46
1098	1	Rtr2	34
1099	1	Rtr2	32
1100	1	Rtr2	47
1101	1	Rtr2	48
1102	1	Rtr2	47
1103	1	Rtr2	37
1104	1	Rtr2	23
1105	1	Rtr2	53
1106	1	Rtr2	54
1107	1	Rtr2	32
1108	1	Rtr2	971
1109	1	Rtr2	1898
1110	1	Rtr2	1930
1111	1	Rtr2	2182
1112	1	Rtr2	1199
1113	1	Rtr2	243
1114	1	Rtr2	225
1115	1	Rtr2	70
1116	1	Rtr2	70
1117	1	Rtr2	57
1118	1	Rtr2	42
1119	1	Rtr2	42
1120	1	Rtr2	52
1121	1	Rtr2	65
1122	1	Rtr2	59
1123	1	Rtr2	35
1124	1	Rtr2	44
1125	1	Rtr2	64
1126	1	Rtr2	60
1127	1	Rtr2	64
1128	1	Rtr2	52
1129	1	Rtr2	966
1130	1	Rtr2	1924
1131	1	Rtr2	1925
1132	1	Rtr2	1928
1133	1	Rtr2	991
1134	1	Rtr2	59
1135	1	Rtr2	56
1136	1	Rtr2	55
1137	1	Rtr2	37
1138	1	Rtr2	25
1139	1	Rtr2	30
1140	1	Rtr2	40
1141	1	Rtr2	53
1142	1	Rtr2	45
1143	1	Rtr2	23
1144	1	Rtr2	34
1145	1	Rtr2	41
1146	1	Rtr2	41
1147	1	Rtr2	25
1148	1	Rtr2	28
1149	1	Rtr2	18
1150	1	Rtr2	957
1151	1	Rtr2	1885
1152	1	Rtr2	1901
1153	1	Rtr2	1895
1154	1	Rtr2	983
1155	1	Rtr2	76
1156	1	Rtr2	60
1157	1	Rtr2	42
1158	1	Rtr2	28
1159	1	Rtr2	44
1160	1	Rtr2	52
1161	1	Rtr2	294
1162	1	Rtr2	250
1163	1	Rtr2	213
1164	1	Rtr2	220
1165	1	Rtr2	60
1166	1	Rtr2	42
1167	1	Rtr2	34
1168	1	Rtr2	21
1169	1	Rtr2	33
1170	1	Rtr2	49
1171	1	Rtr2	965
1172	1	Rtr2	1888
1173	1	Rtr2	1888
1174	1	Rtr2	1894
1175	1	Rtr2	998
1176	1	Rtr2	88
1177	1	Rtr2	59
1178	1	Rtr2	23
1179	1	Rtr2	27
1180	1	Rtr2	40
1181	1	Rtr2	35
1182	1	Rtr2	24
1183	1	Rtr2	29
1184	1	Rtr2	36
1185	1	Rtr2	55
1186	1	Rtr2	32
1187	1	Rtr2	43
1188	1	Rtr2	37
1189	1	Rtr2	43
1190	1	Rtr2	60
1191	1	Rtr2	56
1192	1	Rtr2	969
1193	1	Rtr2	1878
1194	1	Rtr2	1877
1195	1	Rtr2	1899
1196	1	Rtr2	989
1197	1	Rtr2	80
1198	1	Rtr2	55
1199	1	Rtr2	48
1200	1	Rtr2	54
1201	1	Rtr2	43
1202	1	Rtr2	37
1203	1	Rtr2	26
1204	1	Rtr2	25
1205	1	Rtr2	37
1206	1	Rtr2	33
1207	1	Rtr2	23
1208	1	Rtr2	20
1209	1	Rtr2	38
1210	1	Rtr2	39
1211	1	Rtr2	50
1212	1	Rtr2	41
1213	1	Rtr2	943
1214	1	Rtr2	1865
1215	1	Rtr2	1897
1216	1	Rtr2	1898
1217	1	Rtr2	979
1218	1	Rtr2	53
1219	1	Rtr2	39
1220	1	Rtr2	45
1221	1	Rtr2	314
1222	1	Rtr2	247
1223	1	Rtr2	227
1224	1	Rtr2	213
1225	1	Rtr2	49
1226	1	Rtr2	45
1227	1	Rtr2	30
1228	1	Rtr2	23
1229	1	Rtr2	20
1230	1	Rtr2	29
1231	1	Rtr2	38
1232	1	Rtr2	39
1233	1	Rtr2	30
1234	1	Rtr2	939
1235	1	Rtr2	1879
1236	1	Rtr2	1887
1237	1	Rtr2	1883
1238	1	Rtr2	966
1239	1	Rtr2	48
1240	1	Rtr2	35
1241	1	Rtr2	51
1242	1	Rtr2	32
1243	1	Rtr2	30
1244	1	Rtr2	27
1245	1	Rtr2	31
1246	1	Rtr2	38
1247	1	Rtr2	20
1248	1	Rtr2	16
1249	1	Rtr2	30
1250	1	Rtr2	33
1251	1	Rtr2	37
1252	1	Rtr2	49
1253	1	Rtr2	23
1254	1	Rtr2	18
1255	1	Rtr2	943
1256	1	Rtr2	1852
1257	1	Rtr2	1859
1258	1	Rtr2	1859
1259	1	Rtr2	960
1260	1	Rtr2	47
1261	1	Rtr2	42
1262	1	Rtr2	30
1263	1	Rtr2	23
1264	1	Rtr2	29
1265	1	Rtr2	24
1266	1	Rtr2	278
1267	1	Rtr2	220
1268	1	Rtr2	199
1269	1	Rtr2	189
1270	1	Rtr2	28
1271	1	Rtr2	26
1272	1	Rtr2	24
1273	1	Rtr2	22
1274	1	Rtr2	25
1275	1	Rtr2	28
1276	1	Rtr2	934
1277	1	Rtr2	1842
1278	1	Rtr2	1849
1279	1	Rtr2	1852
1280	1	Rtr2	969
1281	1	Rtr2	55
1282	1	Rtr2	54
1283	1	Rtr2	29
1284	1	Rtr2	24
1285	1	Rtr2	35
1286	1	Rtr2	41
1287	1	Rtr2	28
1288	1	Rtr2	21
1289	1	Rtr2	24
1290	1	Rtr2	28
1291	1	Rtr2	23
1292	1	Rtr2	16
1293	1	Rtr2	23
1294	1	Rtr2	29
1295	1	Rtr2	28
1296	1	Rtr2	24
1297	1	Rtr2	932
1298	1	Rtr2	1824
1299	1	Rtr2	1841
1300	1	Rtr2	1858
1301	1	Rtr2	955
1302	1	Rtr2	36
1303	1	Rtr2	923
1304	1	Rtr2	1833
1305	1	Rtr2	1849
1306	1	Rtr2	1854
1307	1	Rtr2	950
1308	1	Rtr2	37
1309	1	Rtr2	25
1310	1	Rtr2	30
1311	1	Rtr2	24
1312	1	Rtr2	13
1313	1	Rtr2	22
1314	1	Rtr2	24
1315	1	Rtr2	25
1316	1	Rtr2	26
1317	1	Rtr2	23
1318	1	Rtr2	14
1319	1	Rtr2	15
1320	1	Rtr2	22
1321	1	Rtr2	246
1322	1	Rtr2	202
1323	1	Rtr2	179
1324	1	Rtr2	1063
1325	1	Rtr2	1847
1326	1	Rtr2	1850
1327	1	Rtr2	1846
1328	1	Rtr2	941
1329	1	Rtr2	33
1330	1	Rtr2	38
1331	1	Rtr2	40
1332	1	Rtr2	31
1333	1	Rtr2	21
1334	1	Rtr2	13
1335	1	Rtr2	31
1336	1	Rtr2	37
1337	1	Rtr2	17
1338	1	Rtr2	35
1339	1	Rtr2	23
1340	1	Rtr2	29
1341	1	Rtr2	18
1342	1	Rtr2	20
1343	1	Rtr2	21
1344	1	Rtr2	14
1345	1	Rtr2	915
1346	1	Rtr2	1810
1347	1	Rtr2	1831
1348	1	Rtr2	1819
1349	1	Rtr2	938
1350	1	Rtr2	41
1351	1	Rtr2	32
1352	1	Rtr2	25
1353	1	Rtr2	23
1354	1	Rtr2	18
1355	1	Rtr2	29
1356	1	Rtr2	38
1357	1	Rtr2	34
1358	1	Rtr2	14
1359	1	Rtr2	18
1360	1	Rtr2	27
1361	1	Rtr2	29
1362	1	Rtr2	22
1363	1	Rtr2	18
1364	1	Rtr2	30
1365	1	Rtr2	38
1366	1	Rtr2	922
1367	1	Rtr2	1810
1368	1	Rtr2	1819
1369	1	Rtr2	1822
1370	1	Rtr2	945
1371	1	Rtr2	48
1372	1	Rtr2	30
1373	1	Rtr2	18
1374	1	Rtr2	24
1375	1	Rtr2	37
1376	1	Rtr2	274
1377	1	Rtr2	223
1378	1	Rtr2	209
1379	1	Rtr2	190
1380	1	Rtr2	18
1381	1	Rtr2	22
1382	1	Rtr2	17
1383	1	Rtr2	17
1384	1	Rtr2	18
1385	1	Rtr2	14
1386	1	Rtr2	20
1387	1	Rtr2	910
1388	1	Rtr2	1804
1389	1	Rtr2	1816
1390	1	Rtr2	1829
1391	1	Rtr2	944
1392	1	Rtr2	49
1393	1	Rtr2	28
1394	1	Rtr2	18
1395	1	Rtr2	25
1396	1	Rtr2	25
1397	1	Rtr2	17
1398	1	Rtr2	17
1399	1	Rtr2	21
1400	1	Rtr2	20
1401	1	Rtr2	23
1402	1	Rtr2	38
1403	1	Rtr2	19
1404	1	Rtr2	23
1405	1	Rtr2	22
1406	1	Rtr2	21
1407	1	Rtr2	20
1408	1	Rtr2	907
1409	1	Rtr2	1794
1410	1	Rtr2	1813
1411	1	Rtr2	1810
1412	1	Rtr2	928
1413	1	Rtr2	30
1414	1	Rtr2	18
1415	1	Rtr2	21
1416	1	Rtr2	25
1417	1	Rtr2	24
1418	1	Rtr2	17
1419	1	Rtr2	13
1420	1	Rtr2	22
1421	1	Rtr2	24
1422	1	Rtr2	20
1423	1	Rtr2	21
1424	1	Rtr2	21
1425	1	Rtr2	20
1426	1	Rtr2	26
1427	1	Rtr2	22
1428	1	Rtr2	23
1429	1	Rtr2	901
1430	1	Rtr2	1800
1431	1	Rtr2	1802
1432	1	Rtr2	1811
1433	1	Rtr2	1161
1434	1	Rtr2	216
1435	1	Rtr2	200
1436	1	Rtr2	187
1437	1	Rtr2	34
1438	1	Rtr2	22
1439	1	Rtr2	19
1440	1	Rtr2	19
1441	1	Rtr2	17
1442	1	Rtr2	19
1443	1	Rtr2	11
1444	1	Rtr2	15
1445	1	Rtr2	19
1446	1	Rtr2	15
1447	1	Rtr2	14
1448	1	Rtr2	24
1449	1	Rtr2	19
1450	1	Rtr2	898
1451	1	Rtr2	1780
1452	1	Rtr2	1789
1453	1	Rtr2	1793
1454	1	Rtr2	920
1455	1	Rtr2	30
1456	1	Rtr2	19
1457	1	Rtr2	28
1458	1	Rtr2	14
1459	1	Rtr2	17
1460	1	Rtr2	20
1461	1	Rtr2	19
1462	1	Rtr2	18
1463	1	Rtr2	17
1464	1	Rtr2	16
1465	1	Rtr2	22
1466	1	Rtr2	15
1467	1	Rtr2	16
1468	1	Rtr2	14
1469	1	Rtr2	13
1470	1	Rtr2	18
1471	1	Rtr2	895
1472	1	Rtr2	1778
1473	1	Rtr2	1781
1474	1	Rtr2	1791
1475	1	Rtr2	926
1476	1	Rtr2	44
1477	1	Rtr2	31
1478	1	Rtr2	15
1479	1	Rtr2	21
1480	1	Rtr2	17
1481	1	Rtr2	14
1482	1	Rtr2	19
1483	1	Rtr2	14
1484	1	Rtr2	13
1485	1	Rtr2	16
1486	1	Rtr2	16
1487	1	Rtr2	17
1488	1	Rtr2	17
1489	1	Rtr2	14
1490	1	Rtr2	11
1491	1	Rtr2	256
1492	1	Rtr2	1065
1493	1	Rtr2	1939
1494	1	Rtr2	1944
1495	1	Rtr2	1794
1496	1	Rtr2	909
1497	1	Rtr2	36
1498	1	Rtr2	22
1499	1	Rtr2	13
1500	1	Rtr2	10
1501	1	Rtr2	16
1502	1	Rtr2	16
1503	1	Rtr2	26
1504	1	Rtr2	14
1505	1	Rtr2	15
1506	1	Rtr2	16
1507	1	Rtr2	18
1508	1	Rtr2	13
1509	1	Rtr2	20
1510	1	Rtr2	19
1511	1	Rtr2	18
1512	1	Rtr2	18
1513	1	Rtr2	880
1514	1	Rtr2	1763
1515	1	Rtr2	1776
1516	1	Rtr2	1780
1517	1	Rtr2	910
1518	1	Rtr2	26
1519	1	Rtr2	16
1520	1	Rtr2	15
1521	1	Rtr2	18
1522	1	Rtr2	15
1523	1	Rtr2	17
1524	1	Rtr2	15
1525	1	Rtr2	14
1526	1	Rtr2	14
1527	1	Rtr2	14
1528	1	Rtr2	16
1529	1	Rtr2	9
1530	1	Rtr2	13
1531	1	Rtr2	21
1532	1	Rtr2	19
1533	1	Rtr2	15
1534	1	Rtr2	884
1535	1	Rtr2	1761
1536	1	Rtr2	1777
1537	1	Rtr2	1772
1538	1	Rtr2	898
1539	1	Rtr2	27
1540	1	Rtr2	21
1541	1	Rtr2	14
1542	1	Rtr2	16
1543	1	Rtr2	17
1544	1	Rtr2	18
1545	1	Rtr2	13
1546	1	Rtr2	13
1547	1	Rtr2	234
1548	1	Rtr2	149
1549	1	Rtr2	144
1550	1	Rtr2	141
1551	1	Rtr2	18
1552	1	Rtr2	16
1553	1	Rtr2	13
1554	1	Rtr2	11
1555	1	Rtr2	880
1556	1	Rtr2	1752
1557	1	Rtr2	1753
1558	1	Rtr2	1760
1559	1	Rtr2	892
1560	1	Rtr2	21
1561	1	Rtr2	14
1562	1	Rtr2	16
1563	1	Rtr2	16
1564	1	Rtr2	229
1565	1	Rtr2	194
1566	1	Rtr2	181
1567	1	Rtr2	178
1568	1	Rtr2	22
1569	1	Rtr2	17
1570	1	Rtr2	17
1571	1	Rtr2	17
1572	1	Rtr2	14
1573	1	Rtr2	17
1574	1	Rtr2	16
1575	1	Rtr2	17
1576	1	Rtr2	879
1577	1	Rtr2	1750
1578	1	Rtr2	1754
1579	1	Rtr2	1754
1580	1	Rtr2	903
1581	1	Rtr2	35
1582	1	Rtr2	25
1583	1	Rtr2	16
1584	1	Rtr2	8
1585	1	Rtr2	14
1586	1	Rtr2	16
1587	1	Rtr2	17
1588	1	Rtr2	14
1589	1	Rtr2	11
1590	1	Rtr2	17
1591	1	Rtr2	23
1592	1	Rtr2	13
1593	1	Rtr2	14
1594	1	Rtr2	11
1595	1	Rtr2	15
1596	1	Rtr2	11
1597	1	Rtr2	875
1598	1	Rtr2	1733
1599	1	Rtr2	1749
1600	1	Rtr2	1756
1601	1	Rtr2	892
1602	1	Rtr2	37
1603	1	Rtr2	871
1604	1	Rtr2	1727
1605	1	Rtr2	1744
1606	1	Rtr2	1745
1607	1	Rtr2	888
1608	1	Rtr2	24
1609	1	Rtr2	17
1610	1	Rtr2	14
1611	1	Rtr2	15
1612	1	Rtr2	11
1613	1	Rtr2	13
1614	1	Rtr2	14
1615	1	Rtr2	11
1616	1	Rtr2	15
1617	1	Rtr2	17
1618	1	Rtr2	12
1619	1	Rtr2	12
1620	1	Rtr2	12
1621	1	Rtr2	13
1622	1	Rtr2	12
1623	1	Rtr2	216
1624	1	Rtr2	998
1625	1	Rtr2	1856
1626	1	Rtr2	1864
1627	1	Rtr2	1740
1628	1	Rtr2	884
1629	1	Rtr2	28
1630	1	Rtr2	15
1631	1	Rtr2	16
1632	1	Rtr2	13
1633	1	Rtr2	11
1634	1	Rtr2	11
1635	1	Rtr2	18
1636	1	Rtr2	15
1637	1	Rtr2	13
1638	1	Rtr2	12
1639	1	Rtr2	17
1640	1	Rtr2	14
1641	1	Rtr2	16
1642	1	Rtr2	15
1643	1	Rtr2	13
1644	1	Rtr2	18
1645	1	Rtr2	858
1646	1	Rtr2	1707
1647	1	Rtr2	1730
1648	1	Rtr2	1728
1649	1	Rtr2	884
1650	1	Rtr2	29
1651	1	Rtr2	13
1652	1	Rtr2	14
1653	1	Rtr2	13
1654	1	Rtr2	9
1655	1	Rtr2	12
1656	1	Rtr2	11
1657	1	Rtr2	14
1658	1	Rtr2	18
1659	1	Rtr2	8
1660	1	Rtr2	15
1661	1	Rtr2	15
1662	1	Rtr2	13
1663	1	Rtr2	12
1664	1	Rtr2	13
1665	1	Rtr2	17
1666	1	Rtr2	860
1667	1	Rtr2	1714
1668	1	Rtr2	1719
1669	1	Rtr2	1717
1670	1	Rtr2	877
1671	1	Rtr2	26
1672	1	Rtr2	15
1673	1	Rtr2	13
1674	1	Rtr2	17
1675	1	Rtr2	15
1676	1	Rtr2	17
1677	1	Rtr2	14
1678	1	Rtr2	14
1679	1	Rtr2	190
1680	1	Rtr2	166
1681	1	Rtr2	156
1682	1	Rtr2	152
1683	1	Rtr2	17
1684	1	Rtr2	14
1685	1	Rtr2	14
1686	1	Rtr2	10
1687	1	Rtr2	854
1688	1	Rtr2	1705
1689	1	Rtr2	1713
1690	1	Rtr2	1721
1691	1	Rtr2	875
1692	1	Rtr2	32
1693	1	Rtr2	10
1694	1	Rtr2	12
1695	1	Rtr2	13
1696	1	Rtr2	13
1697	1	Rtr2	11
1698	1	Rtr2	15
1699	1	Rtr2	10
1700	1	Rtr2	9
1701	1	Rtr2	15
1702	1	Rtr2	13
1703	1	Rtr2	8
1704	1	Rtr2	10
1705	1	Rtr2	15
1706	1	Rtr2	8
1707	1	Rtr2	13
1708	1	Rtr2	853
1709	1	Rtr2	1694
1710	1	Rtr2	1707
1711	1	Rtr2	1711
1712	1	Rtr2	872
1713	1	Rtr2	22
1714	1	Rtr2	12
1715	1	Rtr2	13
1716	1	Rtr2	13
1717	1	Rtr2	11
1718	1	Rtr2	16
1719	1	Rtr2	13
1720	1	Rtr2	15
1721	1	Rtr2	10
1722	1	Rtr2	11
1723	1	Rtr2	12
1724	1	Rtr2	14
1725	1	Rtr2	11
1726	1	Rtr2	15
1727	1	Rtr2	12
1728	1	Rtr2	12
1729	1	Rtr2	846
1730	1	Rtr2	1691
1731	1	Rtr2	1697
1732	1	Rtr2	1698
1733	1	Rtr2	862
1734	1	Rtr2	22
1735	1	Rtr2	14
1736	1	Rtr2	11
1737	1	Rtr2	15
1738	1	Rtr2	13
1739	1	Rtr2	15
1740	1	Rtr2	9
1741	1	Rtr2	12
1742	1	Rtr2	254
1743	1	Rtr2	193
1744	1	Rtr2	184
1745	1	Rtr2	179
1746	1	Rtr2	10
1747	1	Rtr2	5
1748	1	Rtr2	11
1749	1	Rtr2	9
1750	1	Rtr2	843
1751	1	Rtr2	1683
1752	1	Rtr2	1695
1753	1	Rtr2	1686
1754	1	Rtr2	857
1755	1	Rtr2	21
1756	1	Rtr2	11
1757	1	Rtr2	11
1758	1	Rtr2	14
1759	1	Rtr2	12
1760	1	Rtr2	16
1761	1	Rtr2	11
1762	1	Rtr2	12
1763	1	Rtr2	14
1764	1	Rtr2	10
1765	1	Rtr2	15
1766	1	Rtr2	8
1767	1	Rtr2	15
1768	1	Rtr2	13
1769	1	Rtr2	10
1770	1	Rtr2	215
1771	1	Rtr2	980
1772	1	Rtr2	1810
1773	1	Rtr2	1823
1774	1	Rtr2	1690
1775	1	Rtr2	859
1776	1	Rtr2	23
1777	1	Rtr2	13
1778	1	Rtr2	9
1779	1	Rtr2	8
1780	1	Rtr2	13
1781	1	Rtr2	16
1782	1	Rtr2	13
1783	1	Rtr2	11
1784	1	Rtr2	14
1785	1	Rtr2	12
1786	1	Rtr2	12
1787	1	Rtr2	14
1788	1	Rtr2	9
1789	1	Rtr2	15
1790	1	Rtr2	10
1791	1	Rtr2	11
1792	1	Rtr2	836
1793	1	Rtr2	1664
1794	1	Rtr2	1677
1795	1	Rtr2	1678
1796	1	Rtr2	856
1797	1	Rtr2	18
1798	1	Rtr2	12
1799	1	Rtr2	10
1800	1	Rtr2	8
1801	1	Rtr2	6
1802	1	Rtr2	12
1803	1	Rtr2	9
1804	1	Rtr2	6
1805	1	Rtr2	12
1806	1	Rtr2	15
1807	1	Rtr2	13
1808	1	Rtr2	12
1809	1	Rtr2	10
1810	1	Rtr2	11
1811	1	Rtr2	11
1812	1	Rtr2	8
1813	1	Rtr2	835
1814	1	Rtr2	1665
1815	1	Rtr2	1674
1816	1	Rtr2	1678
1817	1	Rtr2	854
1818	1	Rtr2	16
1819	1	Rtr2	10
1820	1	Rtr2	9
1821	1	Rtr2	9
1822	1	Rtr2	7
1823	1	Rtr2	12
1824	1	Rtr2	8
1825	1	Rtr2	11
1826	1	Rtr2	8
1827	1	Rtr2	10
1828	1	Rtr2	7
1829	1	Rtr2	12
1830	1	Rtr2	8
1831	1	Rtr2	11
1832	1	Rtr2	8
1833	1	Rtr2	7
1834	1	Rtr2	832
1835	1	Rtr2	1660
1836	1	Rtr2	1668
1837	1	Rtr2	1671
1838	1	Rtr2	846
1839	1	Rtr2	197
1840	1	Rtr2	149
1841	1	Rtr2	151
1842	1	Rtr2	146
1843	1	Rtr2	16
1844	1	Rtr2	10
1845	1	Rtr2	13
1846	1	Rtr2	9
1847	1	Rtr2	12
1848	1	Rtr2	11
1849	1	Rtr2	13
1850	1	Rtr2	9
1851	1	Rtr2	9
1852	1	Rtr2	10
1853	1	Rtr2	10
1854	1	Rtr2	9
1855	1	Rtr2	827
1856	1	Rtr2	1651
1857	1	Rtr2	1662
1858	1	Rtr2	1658
1859	1	Rtr2	841
1860	1	Rtr2	14
1861	1	Rtr2	7
1862	1	Rtr2	10
1863	1	Rtr2	8
1864	1	Rtr2	10
1865	1	Rtr2	6
1866	1	Rtr2	11
1867	1	Rtr2	8
1868	1	Rtr2	9
1869	1	Rtr2	8
1870	1	Rtr2	12
1871	1	Rtr2	9
1872	1	Rtr2	12
1873	1	Rtr2	11
1874	1	Rtr2	9
1875	1	Rtr2	9
1876	1	Rtr2	820
1877	1	Rtr2	1642
1878	1	Rtr2	1660
1879	1	Rtr2	1652
1880	1	Rtr2	840
1881	1	Rtr2	23
1882	1	Rtr2	10
1883	1	Rtr2	10
1884	1	Rtr2	13
1885	1	Rtr2	12
1886	1	Rtr2	9
1887	1	Rtr2	9
1888	1	Rtr2	13
1889	1	Rtr2	10
1890	1	Rtr2	11
1891	1	Rtr2	181
1892	1	Rtr2	133
1893	1	Rtr2	128
1894	1	Rtr2	123
1895	1	Rtr2	13
1896	1	Rtr2	7
1897	1	Rtr2	821
1898	1	Rtr2	1636
1899	1	Rtr2	1644
1900	1	Rtr2	1650
1901	1	Rtr2	838
1902	1	Rtr2	17
1903	1	Rtr2	818
1904	1	Rtr2	1630
1905	1	Rtr2	1639
1906	1	Rtr2	1639
1907	1	Rtr2	831
1908	1	Rtr2	18
1909	1	Rtr2	8
1910	1	Rtr2	8
1911	1	Rtr2	13
1912	1	Rtr2	10
1913	1	Rtr2	12
1914	1	Rtr2	10
1915	1	Rtr2	9
1916	1	Rtr2	8
1917	1	Rtr2	9
1918	1	Rtr2	12
1919	1	Rtr2	9
1920	1	Rtr2	9
1921	1	Rtr2	9
1922	1	Rtr2	8
1923	1	Rtr2	9
1924	1	Rtr2	815
1925	1	Rtr2	1624
1926	1	Rtr2	1633
1927	1	Rtr2	1629
1928	1	Rtr2	830
1929	1	Rtr2	15
1930	1	Rtr2	9
1931	1	Rtr2	11
1932	1	Rtr2	8
1933	1	Rtr2	14
1934	1	Rtr2	9
1935	1	Rtr2	6
1936	1	Rtr2	8
1937	1	Rtr2	167
1938	1	Rtr2	103
1939	1	Rtr2	103
1940	1	Rtr2	103
1941	1	Rtr2	8
1942	1	Rtr2	7
1943	1	Rtr2	7
1944	1	Rtr2	7
1945	1	Rtr2	811
1946	1	Rtr2	1618
1947	1	Rtr2	1629
1948	1	Rtr2	1628
1949	1	Rtr2	825
1950	1	Rtr2	21
1951	1	Rtr2	12
1952	1	Rtr2	10
1953	1	Rtr2	10
1954	1	Rtr2	7
1955	1	Rtr2	10
1956	1	Rtr2	8
1957	1	Rtr2	9
1958	1	Rtr2	6
1959	1	Rtr2	10
1960	1	Rtr2	10
1961	1	Rtr2	6
1962	1	Rtr2	7
1963	1	Rtr2	9
1964	1	Rtr2	7
1965	1	Rtr2	6
1966	1	Rtr2	807
1967	1	Rtr2	1613
1968	1	Rtr2	1620
1969	1	Rtr2	1619
1970	1	Rtr2	823
1971	1	Rtr2	17
1972	1	Rtr2	7
1973	1	Rtr2	11
1974	1	Rtr2	8
1975	1	Rtr2	10
1976	1	Rtr2	8
1977	1	Rtr2	6
1978	1	Rtr2	7
1979	1	Rtr2	10
1980	1	Rtr2	11
1981	1	Rtr2	8
1982	1	Rtr2	8
1983	1	Rtr2	6
1984	1	Rtr2	10
1985	1	Rtr2	10
1986	1	Rtr2	6
1987	1	Rtr2	799
1988	1	Rtr2	1604
1989	1	Rtr2	1616
1990	1	Rtr2	1613
1991	1	Rtr2	821
1992	1	Rtr2	15
1993	1	Rtr2	171
1994	1	Rtr2	114
1995	1	Rtr2	117
1996	1	Rtr2	113
1997	1	Rtr2	10
1998	1	Rtr2	11
1999	1	Rtr2	8
