Time	Node	PitItems
1	1	Rtr2	110
2	1	Rtr2	139
3	1	Rtr2	894
4	1	Rtr2	1681
5	1	Rtr2	1692
6	1	Rtr2	1691
7	1	Rtr2	904
8	1	Rtr2	30
9	1	Rtr2	11
10	1	Rtr2	10
11	1	Rtr2	13
12	1	Rtr2	9
13	1	Rtr2	11
14	1	Rtr2	10
15	1	Rtr2	5
16	1	Rtr2	9
17	1	Rtr2	7
18	1	Rtr2	12
19	1	Rtr2	9
20	1	Rtr2	4
21	1	Rtr2	9
22	1	Rtr2	10
23	1	Rtr2	9
24	1	Rtr2	797
25	1	Rtr2	1588
26	1	Rtr2	1597
27	1	Rtr2	1601
28	1	Rtr2	810
29	1	Rtr2	15
30	1	Rtr2	9
31	1	Rtr2	6
32	1	Rtr2	7
33	1	Rtr2	8
34	1	Rtr2	9
35	1	Rtr2	9
36	1	Rtr2	6
37	1	Rtr2	6
38	1	Rtr2	7
39	1	Rtr2	6
40	1	Rtr2	8
41	1	Rtr2	11
42	1	Rtr2	5
43	1	Rtr2	11
44	1	Rtr2	9
45	1	Rtr2	795
46	1	Rtr2	1584
47	1	Rtr2	1595
48	1	Rtr2	1596
49	1	Rtr2	809
50	1	Rtr2	15
51	1	Rtr2	6
52	1	Rtr2	8
53	1	Rtr2	11
54	1	Rtr2	12
55	1	Rtr2	10
56	1	Rtr2	102
57	1	Rtr2	110
58	1	Rtr2	107
59	1	Rtr2	112
60	1	Rtr2	88
61	1	Rtr2	89
62	1	Rtr2	86
63	1	Rtr2	10
64	1	Rtr2	11
65	1	Rtr2	10
66	1	Rtr2	787
67	1	Rtr2	1580
68	1	Rtr2	1586
69	1	Rtr2	1590
70	1	Rtr2	806
71	1	Rtr2	20
72	1	Rtr2	10
73	1	Rtr2	9
74	1	Rtr2	10
75	1	Rtr2	13
76	1	Rtr2	9
77	1	Rtr2	8
78	1	Rtr2	7
79	1	Rtr2	10
80	1	Rtr2	10
81	1	Rtr2	7
82	1	Rtr2	10
83	1	Rtr2	7
84	1	Rtr2	10
85	1	Rtr2	8
86	1	Rtr2	11
87	1	Rtr2	785
88	1	Rtr2	1565
89	1	Rtr2	1577
90	1	Rtr2	1577
91	1	Rtr2	807
92	1	Rtr2	20
93	1	Rtr2	7
94	1	Rtr2	7
95	1	Rtr2	11
96	1	Rtr2	8
97	1	Rtr2	8
98	1	Rtr2	8
99	1	Rtr2	11
100	1	Rtr2	10
101	1	Rtr2	6
102	1	Rtr2	10
103	1	Rtr2	11
104	1	Rtr2	7
105	1	Rtr2	7
106	1	Rtr2	10
107	1	Rtr2	9
108	1	Rtr2	777
109	1	Rtr2	1562
110	1	Rtr2	1571
111	1	Rtr2	1657
112	1	Rtr2	910
113	1	Rtr2	119
114	1	Rtr2	118
115	1	Rtr2	91
116	1	Rtr2	90
117	1	Rtr2	92
118	1	Rtr2	16
119	1	Rtr2	10
120	1	Rtr2	11
121	1	Rtr2	9
122	1	Rtr2	11
123	1	Rtr2	11
124	1	Rtr2	8
125	1	Rtr2	10
126	1	Rtr2	12
127	1	Rtr2	10
128	1	Rtr2	10
129	1	Rtr2	782
130	1	Rtr2	1555
131	1	Rtr2	1562
132	1	Rtr2	1562
133	1	Rtr2	793
134	1	Rtr2	19
135	1	Rtr2	9
136	1	Rtr2	10
137	1	Rtr2	12
138	1	Rtr2	12
139	1	Rtr2	8
140	1	Rtr2	10
141	1	Rtr2	10
142	1	Rtr2	8
143	1	Rtr2	6
144	1	Rtr2	12
145	1	Rtr2	10
146	1	Rtr2	9
147	1	Rtr2	13
148	1	Rtr2	13
149	1	Rtr2	10
150	1	Rtr2	779
151	1	Rtr2	1550
152	1	Rtr2	1559
153	1	Rtr2	1552
154	1	Rtr2	791
155	1	Rtr2	23
156	1	Rtr2	15
157	1	Rtr2	13
158	1	Rtr2	6
159	1	Rtr2	11
160	1	Rtr2	10
161	1	Rtr2	129
162	1	Rtr2	127
163	1	Rtr2	121
164	1	Rtr2	85
165	1	Rtr2	71
166	1	Rtr2	67
167	1	Rtr2	63
168	1	Rtr2	11
169	1	Rtr2	11
170	1	Rtr2	7
171	1	Rtr2	772
172	1	Rtr2	1537
173	1	Rtr2	1547
174	1	Rtr2	1549
175	1	Rtr2	787
176	1	Rtr2	26
177	1	Rtr2	15
178	1	Rtr2	11
179	1	Rtr2	12
180	1	Rtr2	12
181	1	Rtr2	16
182	1	Rtr2	11
183	1	Rtr2	13
184	1	Rtr2	8
185	1	Rtr2	12
186	1	Rtr2	6
187	1	Rtr2	8
188	1	Rtr2	14
189	1	Rtr2	12
190	1	Rtr2	6
191	1	Rtr2	9
192	1	Rtr2	770
193	1	Rtr2	1534
194	1	Rtr2	1538
195	1	Rtr2	1540
196	1	Rtr2	787
197	1	Rtr2	19
198	1	Rtr2	8
199	1	Rtr2	11
200	1	Rtr2	9
201	1	Rtr2	8
202	1	Rtr2	9
203	1	Rtr2	8
204	1	Rtr2	10
205	1	Rtr2	11
206	1	Rtr2	12
207	1	Rtr2	10
208	1	Rtr2	10
209	1	Rtr2	9
210	1	Rtr2	8
211	1	Rtr2	12
212	1	Rtr2	10
213	1	Rtr2	767
214	1	Rtr2	1523
215	1	Rtr2	1535
216	1	Rtr2	1530
217	1	Rtr2	780
218	1	Rtr2	19
219	1	Rtr2	12
220	1	Rtr2	13
221	1	Rtr2	113
222	1	Rtr2	132
223	1	Rtr2	143
224	1	Rtr2	95
225	1	Rtr2	76
226	1	Rtr2	75
227	1	Rtr2	73
228	1	Rtr2	13
229	1	Rtr2	8
230	1	Rtr2	10
231	1	Rtr2	8
232	1	Rtr2	13
233	1	Rtr2	13
234	1	Rtr2	760
235	1	Rtr2	1518
236	1	Rtr2	1528
237	1	Rtr2	1527
238	1	Rtr2	776
239	1	Rtr2	20
240	1	Rtr2	10
241	1	Rtr2	13
242	1	Rtr2	12
243	1	Rtr2	12
244	1	Rtr2	10
245	1	Rtr2	10
246	1	Rtr2	12
247	1	Rtr2	14
248	1	Rtr2	14
249	1	Rtr2	13
250	1	Rtr2	12
251	1	Rtr2	9
252	1	Rtr2	9
253	1	Rtr2	17
254	1	Rtr2	12
255	1	Rtr2	758
256	1	Rtr2	1512
257	1	Rtr2	1519
258	1	Rtr2	1515
259	1	Rtr2	773
260	1	Rtr2	20
261	1	Rtr2	13
262	1	Rtr2	8
263	1	Rtr2	11
264	1	Rtr2	12
265	1	Rtr2	9
266	1	Rtr2	116
267	1	Rtr2	122
268	1	Rtr2	131
269	1	Rtr2	120
270	1	Rtr2	103
271	1	Rtr2	104
272	1	Rtr2	98
273	1	Rtr2	19
274	1	Rtr2	11
275	1	Rtr2	11
276	1	Rtr2	751
277	1	Rtr2	1498
278	1	Rtr2	1513
279	1	Rtr2	1508
280	1	Rtr2	771
281	1	Rtr2	21
282	1	Rtr2	13
283	1	Rtr2	14
284	1	Rtr2	14
285	1	Rtr2	14
286	1	Rtr2	12
287	1	Rtr2	15
288	1	Rtr2	13
289	1	Rtr2	11
290	1	Rtr2	12
291	1	Rtr2	13
292	1	Rtr2	12
293	1	Rtr2	14
294	1	Rtr2	12
295	1	Rtr2	12
296	1	Rtr2	9
297	1	Rtr2	752
298	1	Rtr2	1494
299	1	Rtr2	1503
300	1	Rtr2	1507
301	1	Rtr2	772
302	1	Rtr2	24
303	1	Rtr2	747
304	1	Rtr2	1487
305	1	Rtr2	1501
306	1	Rtr2	1495
307	1	Rtr2	766
308	1	Rtr2	23
309	1	Rtr2	13
310	1	Rtr2	11
311	1	Rtr2	8
312	1	Rtr2	12
313	1	Rtr2	14
314	1	Rtr2	11
315	1	Rtr2	14
316	1	Rtr2	16
317	1	Rtr2	12
318	1	Rtr2	16
319	1	Rtr2	13
320	1	Rtr2	17
321	1	Rtr2	138
322	1	Rtr2	142
323	1	Rtr2	134
324	1	Rtr2	839
325	1	Rtr2	1571
326	1	Rtr2	1573
327	1	Rtr2	1566
328	1	Rtr2	757
329	1	Rtr2	20
330	1	Rtr2	14
331	1	Rtr2	13
332	1	Rtr2	9
333	1	Rtr2	15
334	1	Rtr2	10
335	1	Rtr2	10
336	1	Rtr2	11
337	1	Rtr2	14
338	1	Rtr2	15
339	1	Rtr2	16
340	1	Rtr2	16
341	1	Rtr2	12
342	1	Rtr2	14
343	1	Rtr2	13
344	1	Rtr2	12
345	1	Rtr2	741
346	1	Rtr2	1474
347	1	Rtr2	1482
348	1	Rtr2	1479
349	1	Rtr2	758
350	1	Rtr2	22
351	1	Rtr2	12
352	1	Rtr2	11
353	1	Rtr2	9
354	1	Rtr2	15
355	1	Rtr2	12
356	1	Rtr2	15
357	1	Rtr2	12
358	1	Rtr2	13
359	1	Rtr2	11
360	1	Rtr2	12
361	1	Rtr2	14
362	1	Rtr2	14
363	1	Rtr2	14
364	1	Rtr2	19
365	1	Rtr2	13
366	1	Rtr2	741
367	1	Rtr2	1469
368	1	Rtr2	1473
369	1	Rtr2	1473
370	1	Rtr2	749
371	1	Rtr2	25
372	1	Rtr2	20
373	1	Rtr2	14
374	1	Rtr2	9
375	1	Rtr2	12
376	1	Rtr2	143
377	1	Rtr2	133
378	1	Rtr2	139
379	1	Rtr2	126
380	1	Rtr2	105
381	1	Rtr2	103
382	1	Rtr2	95
383	1	Rtr2	20
384	1	Rtr2	11
385	1	Rtr2	9
386	1	Rtr2	13
387	1	Rtr2	735
388	1	Rtr2	1460
389	1	Rtr2	1464
390	1	Rtr2	1478
391	1	Rtr2	756
392	1	Rtr2	26
393	1	Rtr2	18
394	1	Rtr2	17
395	1	Rtr2	14
396	1	Rtr2	19
397	1	Rtr2	14
398	1	Rtr2	16
399	1	Rtr2	14
400	1	Rtr2	16
401	1	Rtr2	9
402	1	Rtr2	9
403	1	Rtr2	18
404	1	Rtr2	18
405	1	Rtr2	19
406	1	Rtr2	11
407	1	Rtr2	18
408	1	Rtr2	735
409	1	Rtr2	1448
410	1	Rtr2	1460
411	1	Rtr2	1462
412	1	Rtr2	747
413	1	Rtr2	22
414	1	Rtr2	14
415	1	Rtr2	11
416	1	Rtr2	17
417	1	Rtr2	16
418	1	Rtr2	19
419	1	Rtr2	12
420	1	Rtr2	13
421	1	Rtr2	16
422	1	Rtr2	19
423	1	Rtr2	13
424	1	Rtr2	17
425	1	Rtr2	15
426	1	Rtr2	16
427	1	Rtr2	10
428	1	Rtr2	15
429	1	Rtr2	731
430	1	Rtr2	1453
431	1	Rtr2	1458
432	1	Rtr2	1464
433	1	Rtr2	865
434	1	Rtr2	164
435	1	Rtr2	174
436	1	Rtr2	157
437	1	Rtr2	109
438	1	Rtr2	72
439	1	Rtr2	67
440	1	Rtr2	16
441	1	Rtr2	13
442	1	Rtr2	14
443	1	Rtr2	21
444	1	Rtr2	15
445	1	Rtr2	14
446	1	Rtr2	15
447	1	Rtr2	14
448	1	Rtr2	14
449	1	Rtr2	13
450	1	Rtr2	721
451	1	Rtr2	1433
452	1	Rtr2	1450
453	1	Rtr2	1445
454	1	Rtr2	734
455	1	Rtr2	22
456	1	Rtr2	17
457	1	Rtr2	16
458	1	Rtr2	10
459	1	Rtr2	19
460	1	Rtr2	14
461	1	Rtr2	18
462	1	Rtr2	17
463	1	Rtr2	15
464	1	Rtr2	19
465	1	Rtr2	12
466	1	Rtr2	13
467	1	Rtr2	19
468	1	Rtr2	14
469	1	Rtr2	16
470	1	Rtr2	9
471	1	Rtr2	716
472	1	Rtr2	1428
473	1	Rtr2	1436
474	1	Rtr2	1432
475	1	Rtr2	739
476	1	Rtr2	24
477	1	Rtr2	17
478	1	Rtr2	13
479	1	Rtr2	12
480	1	Rtr2	17
481	1	Rtr2	18
482	1	Rtr2	15
483	1	Rtr2	13
484	1	Rtr2	21
485	1	Rtr2	16
486	1	Rtr2	16
487	1	Rtr2	16
488	1	Rtr2	17
489	1	Rtr2	17
490	1	Rtr2	14
491	1	Rtr2	155
492	1	Rtr2	819
493	1	Rtr2	1511
494	1	Rtr2	1513
495	1	Rtr2	1508
496	1	Rtr2	806
497	1	Rtr2	101
498	1	Rtr2	20
499	1	Rtr2	18
500	1	Rtr2	14
501	1	Rtr2	16
502	1	Rtr2	17
503	1	Rtr2	17
504	1	Rtr2	16
505	1	Rtr2	16
506	1	Rtr2	12
507	1	Rtr2	10
508	1	Rtr2	15
509	1	Rtr2	16
510	1	Rtr2	16
511	1	Rtr2	22
512	1	Rtr2	19
513	1	Rtr2	712
514	1	Rtr2	1415
515	1	Rtr2	1431
516	1	Rtr2	1432
517	1	Rtr2	732
518	1	Rtr2	30
519	1	Rtr2	11
520	1	Rtr2	13
521	1	Rtr2	20
522	1	Rtr2	20
523	1	Rtr2	15
524	1	Rtr2	16
525	1	Rtr2	11
526	1	Rtr2	12
527	1	Rtr2	21
528	1	Rtr2	19
529	1	Rtr2	22
530	1	Rtr2	24
531	1	Rtr2	14
532	1	Rtr2	23
533	1	Rtr2	19
534	1	Rtr2	709
535	1	Rtr2	1409
536	1	Rtr2	1421
537	1	Rtr2	1426
538	1	Rtr2	721
539	1	Rtr2	28
540	1	Rtr2	12
541	1	Rtr2	19
542	1	Rtr2	18
543	1	Rtr2	18
544	1	Rtr2	18
545	1	Rtr2	20
546	1	Rtr2	19
547	1	Rtr2	151
548	1	Rtr2	158
549	1	Rtr2	149
550	1	Rtr2	191
551	1	Rtr2	143
552	1	Rtr2	133
553	1	Rtr2	97
554	1	Rtr2	18
555	1	Rtr2	708
556	1	Rtr2	1401
557	1	Rtr2	1406
558	1	Rtr2	1406
559	1	Rtr2	715
560	1	Rtr2	35
561	1	Rtr2	19
562	1	Rtr2	16
563	1	Rtr2	14
564	1	Rtr2	158
565	1	Rtr2	200
566	1	Rtr2	202
567	1	Rtr2	173
568	1	Rtr2	90
569	1	Rtr2	84
570	1	Rtr2	83
571	1	Rtr2	18
572	1	Rtr2	20
573	1	Rtr2	18
574	1	Rtr2	20
575	1	Rtr2	20
576	1	Rtr2	701
577	1	Rtr2	1387
578	1	Rtr2	1399
579	1	Rtr2	1402
580	1	Rtr2	727
581	1	Rtr2	42
582	1	Rtr2	29
583	1	Rtr2	23
584	1	Rtr2	19
585	1	Rtr2	20
586	1	Rtr2	21
587	1	Rtr2	18
588	1	Rtr2	16
589	1	Rtr2	14
590	1	Rtr2	18
591	1	Rtr2	18
592	1	Rtr2	27
593	1	Rtr2	20
594	1	Rtr2	16
595	1	Rtr2	19
596	1	Rtr2	22
597	1	Rtr2	701
598	1	Rtr2	1390
599	1	Rtr2	1393
600	1	Rtr2	1405
601	1	Rtr2	731
602	1	Rtr2	39
603	1	Rtr2	696
604	1	Rtr2	1382
605	1	Rtr2	1397
606	1	Rtr2	1397
607	1	Rtr2	720
608	1	Rtr2	36
609	1	Rtr2	28
610	1	Rtr2	29
611	1	Rtr2	28
612	1	Rtr2	19
613	1	Rtr2	20
614	1	Rtr2	31
615	1	Rtr2	31
616	1	Rtr2	22
617	1	Rtr2	21
618	1	Rtr2	20
619	1	Rtr2	19
620	1	Rtr2	24
621	1	Rtr2	22
622	1	Rtr2	32
623	1	Rtr2	169
624	1	Rtr2	823
625	1	Rtr2	1513
626	1	Rtr2	1506
627	1	Rtr2	1481
628	1	Rtr2	774
629	1	Rtr2	93
630	1	Rtr2	28
631	1	Rtr2	18
632	1	Rtr2	24
633	1	Rtr2	33
634	1	Rtr2	28
635	1	Rtr2	33
636	1	Rtr2	19
637	1	Rtr2	26
638	1	Rtr2	24
639	1	Rtr2	17
640	1	Rtr2	18
641	1	Rtr2	26
642	1	Rtr2	35
643	1	Rtr2	30
644	1	Rtr2	25
645	1	Rtr2	690
646	1	Rtr2	1364
647	1	Rtr2	1372
648	1	Rtr2	1369
649	1	Rtr2	705
650	1	Rtr2	30
651	1	Rtr2	18
652	1	Rtr2	20
653	1	Rtr2	21
654	1	Rtr2	17
655	1	Rtr2	26
656	1	Rtr2	20
657	1	Rtr2	18
658	1	Rtr2	18
659	1	Rtr2	20
660	1	Rtr2	23
661	1	Rtr2	21
662	1	Rtr2	26
663	1	Rtr2	27
664	1	Rtr2	29
665	1	Rtr2	24
666	1	Rtr2	689
667	1	Rtr2	1354
668	1	Rtr2	1363
669	1	Rtr2	1363
670	1	Rtr2	713
671	1	Rtr2	39
672	1	Rtr2	40
673	1	Rtr2	26
674	1	Rtr2	23
675	1	Rtr2	24
676	1	Rtr2	17
677	1	Rtr2	17
678	1	Rtr2	24
679	1	Rtr2	150
680	1	Rtr2	177
681	1	Rtr2	176
682	1	Rtr2	165
683	1	Rtr2	93
684	1	Rtr2	98
685	1	Rtr2	98
686	1	Rtr2	28
687	1	Rtr2	691
688	1	Rtr2	1343
689	1	Rtr2	1356
690	1	Rtr2	1366
691	1	Rtr2	700
692	1	Rtr2	57
693	1	Rtr2	42
694	1	Rtr2	33
695	1	Rtr2	36
696	1	Rtr2	32
697	1	Rtr2	26
698	1	Rtr2	22
699	1	Rtr2	27
700	1	Rtr2	35
701	1	Rtr2	29
702	1	Rtr2	48
703	1	Rtr2	33
704	1	Rtr2	30
705	1	Rtr2	38
706	1	Rtr2	31
707	1	Rtr2	30
708	1	Rtr2	681
709	1	Rtr2	1344
710	1	Rtr2	1359
711	1	Rtr2	1360
712	1	Rtr2	710
713	1	Rtr2	46
714	1	Rtr2	33
715	1	Rtr2	36
716	1	Rtr2	41
717	1	Rtr2	41
718	1	Rtr2	19
719	1	Rtr2	22
720	1	Rtr2	32
721	1	Rtr2	35
722	1	Rtr2	23
723	1	Rtr2	16
724	1	Rtr2	30
725	1	Rtr2	30
726	1	Rtr2	27
727	1	Rtr2	21
728	1	Rtr2	25
729	1	Rtr2	684
730	1	Rtr2	1359
731	1	Rtr2	1360
732	1	Rtr2	1355
733	1	Rtr2	694
734	1	Rtr2	47
735	1	Rtr2	39
736	1	Rtr2	35
737	1	Rtr2	44
738	1	Rtr2	27
739	1	Rtr2	23
740	1	Rtr2	22
741	1	Rtr2	22
742	1	Rtr2	179
743	1	Rtr2	168
744	1	Rtr2	149
745	1	Rtr2	176
746	1	Rtr2	155
747	1	Rtr2	129
748	1	Rtr2	84
749	1	Rtr2	23
750	1	Rtr2	680
751	1	Rtr2	1337
752	1	Rtr2	1338
753	1	Rtr2	1344
754	1	Rtr2	716
755	1	Rtr2	73
756	1	Rtr2	56
757	1	Rtr2	54
758	1	Rtr2	28
759	1	Rtr2	30
760	1	Rtr2	25
761	1	Rtr2	38
762	1	Rtr2	21
763	1	Rtr2	20
764	1	Rtr2	22
765	1	Rtr2	30
766	1	Rtr2	38
767	1	Rtr2	13
768	1	Rtr2	29
769	1	Rtr2	29
770	1	Rtr2	189
771	1	Rtr2	806
772	1	Rtr2	1422
773	1	Rtr2	1422
774	1	Rtr2	1384
775	1	Rtr2	758
776	1	Rtr2	114
777	1	Rtr2	47
778	1	Rtr2	27
779	1	Rtr2	26
780	1	Rtr2	42
781	1	Rtr2	25
782	1	Rtr2	25
783	1	Rtr2	26
784	1	Rtr2	17
785	1	Rtr2	37
786	1	Rtr2	34
787	1	Rtr2	32
788	1	Rtr2	24
789	1	Rtr2	23
790	1	Rtr2	40
791	1	Rtr2	30
792	1	Rtr2	683
793	1	Rtr2	1316
794	1	Rtr2	1320
795	1	Rtr2	1333
796	1	Rtr2	699
797	1	Rtr2	72
798	1	Rtr2	45
799	1	Rtr2	29
800	1	Rtr2	39
801	1	Rtr2	50
802	1	Rtr2	34
803	1	Rtr2	33
804	1	Rtr2	32
805	1	Rtr2	29
806	1	Rtr2	45
807	1	Rtr2	48
808	1	Rtr2	28
809	1	Rtr2	22
810	1	Rtr2	40
811	1	Rtr2	33
812	1	Rtr2	37
813	1	Rtr2	668
814	1	Rtr2	1305
815	1	Rtr2	1326
816	1	Rtr2	1325
817	1	Rtr2	703
818	1	Rtr2	57
819	1	Rtr2	47
820	1	Rtr2	59
821	1	Rtr2	60
822	1	Rtr2	45
823	1	Rtr2	30
824	1	Rtr2	33
825	1	Rtr2	39
826	1	Rtr2	45
827	1	Rtr2	32
828	1	Rtr2	40
829	1	Rtr2	20
830	1	Rtr2	28
831	1	Rtr2	53
832	1	Rtr2	46
833	1	Rtr2	29
834	1	Rtr2	655
835	1	Rtr2	1305
836	1	Rtr2	1330
837	1	Rtr2	1326
838	1	Rtr2	703
839	1	Rtr2	188
840	1	Rtr2	202
841	1	Rtr2	209
842	1	Rtr2	213
843	1	Rtr2	130
844	1	Rtr2	134
845	1	Rtr2	124
846	1	Rtr2	51
847	1	Rtr2	43
848	1	Rtr2	33
849	1	Rtr2	31
850	1	Rtr2	36
851	1	Rtr2	32
852	1	Rtr2	18
853	1	Rtr2	17
854	1	Rtr2	35
855	1	Rtr2	673
856	1	Rtr2	1296
857	1	Rtr2	1309
858	1	Rtr2	1302
859	1	Rtr2	676
860	1	Rtr2	61
861	1	Rtr2	49
862	1	Rtr2	60
863	1	Rtr2	56
864	1	Rtr2	51
865	1	Rtr2	70
866	1	Rtr2	62
867	1	Rtr2	53
868	1	Rtr2	53
869	1	Rtr2	25
870	1	Rtr2	39
871	1	Rtr2	39
872	1	Rtr2	32
873	1	Rtr2	23
874	1	Rtr2	28
875	1	Rtr2	46
876	1	Rtr2	665
877	1	Rtr2	1290
878	1	Rtr2	1297
879	1	Rtr2	1290
880	1	Rtr2	694
881	1	Rtr2	77
882	1	Rtr2	71
883	1	Rtr2	50
884	1	Rtr2	46
885	1	Rtr2	70
886	1	Rtr2	53
887	1	Rtr2	58
888	1	Rtr2	44
889	1	Rtr2	35
890	1	Rtr2	64
891	1	Rtr2	195
892	1	Rtr2	192
893	1	Rtr2	161
894	1	Rtr2	172
895	1	Rtr2	188
896	1	Rtr2	170
897	1	Rtr2	788
898	1	Rtr2	1278
899	1	Rtr2	1284
900	1	Rtr2	1304
901	1	Rtr2	695
902	1	Rtr2	81
903	1	Rtr2	648
904	1	Rtr2	1271
905	1	Rtr2	1297
906	1	Rtr2	1304
907	1	Rtr2	688
908	1	Rtr2	63
909	1	Rtr2	61
910	1	Rtr2	79
911	1	Rtr2	77
912	1	Rtr2	86
913	1	Rtr2	50
914	1	Rtr2	47
915	1	Rtr2	59
916	1	Rtr2	65
917	1	Rtr2	50
918	1	Rtr2	30
919	1	Rtr2	28
920	1	Rtr2	45
921	1	Rtr2	56
922	1	Rtr2	43
923	1	Rtr2	35
924	1	Rtr2	646
925	1	Rtr2	1282
926	1	Rtr2	1282
927	1	Rtr2	1281
928	1	Rtr2	671
929	1	Rtr2	65
930	1	Rtr2	82
931	1	Rtr2	79
932	1	Rtr2	75
933	1	Rtr2	52
934	1	Rtr2	35
935	1	Rtr2	59
936	1	Rtr2	58
937	1	Rtr2	193
938	1	Rtr2	187
939	1	Rtr2	173
940	1	Rtr2	197
941	1	Rtr2	170
942	1	Rtr2	187
943	1	Rtr2	117
944	1	Rtr2	50
945	1	Rtr2	660
946	1	Rtr2	1275
947	1	Rtr2	1279
948	1	Rtr2	1261
949	1	Rtr2	655
950	1	Rtr2	75
951	1	Rtr2	65
952	1	Rtr2	56
953	1	Rtr2	55
954	1	Rtr2	53
955	1	Rtr2	62
956	1	Rtr2	61
957	1	Rtr2	56
958	1	Rtr2	56
959	1	Rtr2	26
960	1	Rtr2	47
961	1	Rtr2	44
962	1	Rtr2	52
963	1	Rtr2	47
964	1	Rtr2	39
965	1	Rtr2	65
966	1	Rtr2	660
967	1	Rtr2	1258
968	1	Rtr2	1248
969	1	Rtr2	1251
970	1	Rtr2	688
971	1	Rtr2	68
972	1	Rtr2	63
973	1	Rtr2	47
974	1	Rtr2	49
975	1	Rtr2	57
976	1	Rtr2	51
977	1	Rtr2	38
978	1	Rtr2	31
979	1	Rtr2	23
980	1	Rtr2	57
981	1	Rtr2	47
982	1	Rtr2	43
983	1	Rtr2	42
984	1	Rtr2	44
985	1	Rtr2	78
986	1	Rtr2	71
987	1	Rtr2	669
988	1	Rtr2	1238
989	1	Rtr2	1244
990	1	Rtr2	1264
991	1	Rtr2	684
992	1	Rtr2	91
993	1	Rtr2	205
994	1	Rtr2	229
995	1	Rtr2	225
996	1	Rtr2	232
997	1	Rtr2	190
998	1	Rtr2	136
999	1	Rtr2	110
1000	1	Rtr2	74
1001	1	Rtr2	194
1002	1	Rtr2	199
1003	1	Rtr2	760
1004	1	Rtr2	1332
1005	1	Rtr2	1354
1006	1	Rtr2	1354
1007	1	Rtr2	753
1008	1	Rtr2	42
1009	1	Rtr2	38
1010	1	Rtr2	48
1011	1	Rtr2	66
1012	1	Rtr2	61
1013	1	Rtr2	49
1014	1	Rtr2	31
1015	1	Rtr2	68
1016	1	Rtr2	62
1017	1	Rtr2	64
1018	1	Rtr2	59
1019	1	Rtr2	56
1020	1	Rtr2	93
1021	1	Rtr2	90
1022	1	Rtr2	76
1023	1	Rtr2	57
1024	1	Rtr2	639
1025	1	Rtr2	1256
1026	1	Rtr2	1256
1027	1	Rtr2	1252
1028	1	Rtr2	662
1029	1	Rtr2	64
1030	1	Rtr2	80
1031	1	Rtr2	70
1032	1	Rtr2	57
1033	1	Rtr2	31
1034	1	Rtr2	35
1035	1	Rtr2	44
1036	1	Rtr2	59
1037	1	Rtr2	48
1038	1	Rtr2	22
1039	1	Rtr2	46
1040	1	Rtr2	70
1041	1	Rtr2	81
1042	1	Rtr2	73
1043	1	Rtr2	54
1044	1	Rtr2	54
1045	1	Rtr2	649
1046	1	Rtr2	1235
1047	1	Rtr2	1240
1048	1	Rtr2	1236
1049	1	Rtr2	655
1050	1	Rtr2	88
1051	1	Rtr2	103
1052	1	Rtr2	93
1053	1	Rtr2	54
1054	1	Rtr2	39
1055	1	Rtr2	63
1056	1	Rtr2	215
1057	1	Rtr2	195
1058	1	Rtr2	177
1059	1	Rtr2	176
1060	1	Rtr2	206
1061	1	Rtr2	201
1062	1	Rtr2	169
1063	1	Rtr2	40
1064	1	Rtr2	32
1065	1	Rtr2	54
1066	1	Rtr2	640
1067	1	Rtr2	1220
1068	1	Rtr2	1220
1069	1	Rtr2	1225
1070	1	Rtr2	680
1071	1	Rtr2	94
1072	1	Rtr2	75
1073	1	Rtr2	63
1074	1	Rtr2	63
1075	1	Rtr2	83
1076	1	Rtr2	77
1077	1	Rtr2	90
1078	1	Rtr2	62
1079	1	Rtr2	55
1080	1	Rtr2	80
1081	1	Rtr2	78
1082	1	Rtr2	78
1083	1	Rtr2	57
1084	1	Rtr2	53
1085	1	Rtr2	91
1086	1	Rtr2	96
1087	1	Rtr2	660
1088	1	Rtr2	1202
1089	1	Rtr2	1225
1090	1	Rtr2	1239
1091	1	Rtr2	674
1092	1	Rtr2	93
1093	1	Rtr2	81
1094	1	Rtr2	47
1095	1	Rtr2	81
1096	1	Rtr2	83
1097	1	Rtr2	68
1098	1	Rtr2	45
1099	1	Rtr2	52
1100	1	Rtr2	71
1101	1	Rtr2	69
1102	1	Rtr2	74
1103	1	Rtr2	53
1104	1	Rtr2	49
1105	1	Rtr2	82
1106	1	Rtr2	93
1107	1	Rtr2	85
1108	1	Rtr2	620
1109	1	Rtr2	1209
1110	1	Rtr2	1247
1111	1	Rtr2	1354
1112	1	Rtr2	809
1113	1	Rtr2	192
1114	1	Rtr2	183
1115	1	Rtr2	213
1116	1	Rtr2	208
1117	1	Rtr2	197
1118	1	Rtr2	70
1119	1	Rtr2	66
1120	1	Rtr2	82
1121	1	Rtr2	97
1122	1	Rtr2	87
1123	1	Rtr2	57
1124	1	Rtr2	61
1125	1	Rtr2	80
1126	1	Rtr2	91
1127	1	Rtr2	78
1128	1	Rtr2	47
1129	1	Rtr2	622
1130	1	Rtr2	1220
1131	1	Rtr2	1224
1132	1	Rtr2	1224
1133	1	Rtr2	646
1134	1	Rtr2	62
1135	1	Rtr2	78
1136	1	Rtr2	82
1137	1	Rtr2	86
1138	1	Rtr2	59
1139	1	Rtr2	56
1140	1	Rtr2	81
1141	1	Rtr2	95
1142	1	Rtr2	78
1143	1	Rtr2	60
1144	1	Rtr2	66
1145	1	Rtr2	103
1146	1	Rtr2	101
1147	1	Rtr2	72
1148	1	Rtr2	68
1149	1	Rtr2	57
1150	1	Rtr2	647
1151	1	Rtr2	1207
1152	1	Rtr2	1204
1153	1	Rtr2	1194
1154	1	Rtr2	649
1155	1	Rtr2	113
1156	1	Rtr2	107
1157	1	Rtr2	82
1158	1	Rtr2	52
1159	1	Rtr2	60
1160	1	Rtr2	80
1161	1	Rtr2	224
1162	1	Rtr2	255
1163	1	Rtr2	224
1164	1	Rtr2	178
1165	1	Rtr2	206
1166	1	Rtr2	184
1167	1	Rtr2	165
1168	1	Rtr2	42
1169	1	Rtr2	38
1170	1	Rtr2	68
1171	1	Rtr2	624
1172	1	Rtr2	1197
1173	1	Rtr2	1201
1174	1	Rtr2	1187
1175	1	Rtr2	671
1176	1	Rtr2	125
1177	1	Rtr2	93
1178	1	Rtr2	47
1179	1	Rtr2	53
1180	1	Rtr2	80
1181	1	Rtr2	81
1182	1	Rtr2	69
1183	1	Rtr2	40
1184	1	Rtr2	42
1185	1	Rtr2	83
1186	1	Rtr2	58
1187	1	Rtr2	54
1188	1	Rtr2	66
1189	1	Rtr2	64
1190	1	Rtr2	104
1191	1	Rtr2	97
1192	1	Rtr2	645
1193	1	Rtr2	1188
1194	1	Rtr2	1178
1195	1	Rtr2	1207
1196	1	Rtr2	671
1197	1	Rtr2	135
1198	1	Rtr2	95
1199	1	Rtr2	83
1200	1	Rtr2	120
1201	1	Rtr2	97
1202	1	Rtr2	107
1203	1	Rtr2	66
1204	1	Rtr2	52
1205	1	Rtr2	71
1206	1	Rtr2	80
1207	1	Rtr2	63
1208	1	Rtr2	38
1209	1	Rtr2	39
1210	1	Rtr2	77
1211	1	Rtr2	95
1212	1	Rtr2	71
1213	1	Rtr2	614
1214	1	Rtr2	1175
1215	1	Rtr2	1214
1216	1	Rtr2	1208
1217	1	Rtr2	658
1218	1	Rtr2	80
1219	1	Rtr2	85
1220	1	Rtr2	121
1221	1	Rtr2	247
1222	1	Rtr2	279
1223	1	Rtr2	206
1224	1	Rtr2	193
1225	1	Rtr2	225
1226	1	Rtr2	229
1227	1	Rtr2	202
1228	1	Rtr2	40
1229	1	Rtr2	27
1230	1	Rtr2	68
1231	1	Rtr2	55
1232	1	Rtr2	75
1233	1	Rtr2	57
1234	1	Rtr2	593
1235	1	Rtr2	1189
1236	1	Rtr2	1183
1237	1	Rtr2	1184
1238	1	Rtr2	638
1239	1	Rtr2	65
1240	1	Rtr2	100
1241	1	Rtr2	102
1242	1	Rtr2	79
1243	1	Rtr2	68
1244	1	Rtr2	72
1245	1	Rtr2	108
1246	1	Rtr2	107
1247	1	Rtr2	82
1248	1	Rtr2	66
1249	1	Rtr2	55
1250	1	Rtr2	89
1251	1	Rtr2	106
1252	1	Rtr2	86
1253	1	Rtr2	64
1254	1	Rtr2	76
1255	1	Rtr2	639
1256	1	Rtr2	1193
1257	1	Rtr2	1194
1258	1	Rtr2	1162
1259	1	Rtr2	637
1260	1	Rtr2	109
1261	1	Rtr2	91
1262	1	Rtr2	82
1263	1	Rtr2	30
1264	1	Rtr2	44
1265	1	Rtr2	86
1266	1	Rtr2	233
1267	1	Rtr2	232
1268	1	Rtr2	218
1269	1	Rtr2	194
1270	1	Rtr2	224
1271	1	Rtr2	229
1272	1	Rtr2	227
1273	1	Rtr2	53
1274	1	Rtr2	50
1275	1	Rtr2	87
1276	1	Rtr2	617
1277	1	Rtr2	1165
1278	1	Rtr2	1154
1279	1	Rtr2	1167
1280	1	Rtr2	668
1281	1	Rtr2	122
1282	1	Rtr2	111
1283	1	Rtr2	74
1284	1	Rtr2	67
1285	1	Rtr2	118
1286	1	Rtr2	111
1287	1	Rtr2	95
1288	1	Rtr2	76
1289	1	Rtr2	52
1290	1	Rtr2	91
1291	1	Rtr2	89
1292	1	Rtr2	70
1293	1	Rtr2	55
1294	1	Rtr2	49
1295	1	Rtr2	93
1296	1	Rtr2	85
1297	1	Rtr2	611
1298	1	Rtr2	1129
1299	1	Rtr2	1137
1300	1	Rtr2	1179
1301	1	Rtr2	643
1302	1	Rtr2	99
1303	1	Rtr2	617
1304	1	Rtr2	1133
1305	1	Rtr2	1165
1306	1	Rtr2	1171
1307	1	Rtr2	649
1308	1	Rtr2	91
1309	1	Rtr2	74
1310	1	Rtr2	123
1311	1	Rtr2	124
1312	1	Rtr2	98
1313	1	Rtr2	61
1314	1	Rtr2	55
1315	1	Rtr2	85
1316	1	Rtr2	93
1317	1	Rtr2	71
1318	1	Rtr2	59
1319	1	Rtr2	54
1320	1	Rtr2	112
1321	1	Rtr2	253
1322	1	Rtr2	243
1323	1	Rtr2	196
1324	1	Rtr2	702
1325	1	Rtr2	1264
1326	1	Rtr2	1270
1327	1	Rtr2	1275
1328	1	Rtr2	609
1329	1	Rtr2	84
1330	1	Rtr2	130
1331	1	Rtr2	132
1332	1	Rtr2	110
1333	1	Rtr2	86
1334	1	Rtr2	60
1335	1	Rtr2	94
1336	1	Rtr2	95
1337	1	Rtr2	74
1338	1	Rtr2	49
1339	1	Rtr2	42
1340	1	Rtr2	82
1341	1	Rtr2	75
1342	1	Rtr2	64
1343	1	Rtr2	57
1344	1	Rtr2	32
1345	1	Rtr2	598
1346	1	Rtr2	1137
1347	1	Rtr2	1120
1348	1	Rtr2	1123
1349	1	Rtr2	616
1350	1	Rtr2	148
1351	1	Rtr2	140
1352	1	Rtr2	124
1353	1	Rtr2	63
1354	1	Rtr2	63
1355	1	Rtr2	102
1356	1	Rtr2	114
1357	1	Rtr2	80
1358	1	Rtr2	45
1359	1	Rtr2	64
1360	1	Rtr2	108
1361	1	Rtr2	93
1362	1	Rtr2	78
1363	1	Rtr2	62
1364	1	Rtr2	60
1365	1	Rtr2	103
1366	1	Rtr2	614
1367	1	Rtr2	1149
1368	1	Rtr2	1131
1369	1	Rtr2	1119
1370	1	Rtr2	646
1371	1	Rtr2	134
1372	1	Rtr2	115
1373	1	Rtr2	80
1374	1	Rtr2	67
1375	1	Rtr2	126
1376	1	Rtr2	242
1377	1	Rtr2	245
1378	1	Rtr2	218
1379	1	Rtr2	203
1380	1	Rtr2	229
1381	1	Rtr2	238
1382	1	Rtr2	225
1383	1	Rtr2	78
1384	1	Rtr2	63
1385	1	Rtr2	94
1386	1	Rtr2	99
1387	1	Rtr2	610
1388	1	Rtr2	1102
1389	1	Rtr2	1110
1390	1	Rtr2	1163
1391	1	Rtr2	652
1392	1	Rtr2	153
1393	1	Rtr2	61
1394	1	Rtr2	64
1395	1	Rtr2	109
1396	1	Rtr2	121
1397	1	Rtr2	92
1398	1	Rtr2	50
1399	1	Rtr2	41
1400	1	Rtr2	83
1401	1	Rtr2	88
1402	1	Rtr2	75
1403	1	Rtr2	77
1404	1	Rtr2	65
1405	1	Rtr2	89
1406	1	Rtr2	85
1407	1	Rtr2	95
1408	1	Rtr2	580
1409	1	Rtr2	1091
1410	1	Rtr2	1143
1411	1	Rtr2	1138
1412	1	Rtr2	632
1413	1	Rtr2	97
1414	1	Rtr2	68
1415	1	Rtr2	123
1416	1	Rtr2	125
1417	1	Rtr2	117
1418	1	Rtr2	70
1419	1	Rtr2	52
1420	1	Rtr2	107
1421	1	Rtr2	114
1422	1	Rtr2	100
1423	1	Rtr2	84
1424	1	Rtr2	46
1425	1	Rtr2	108
1426	1	Rtr2	97
1427	1	Rtr2	88
1428	1	Rtr2	59
1429	1	Rtr2	572
1430	1	Rtr2	1143
1431	1	Rtr2	1143
1432	1	Rtr2	1139
1433	1	Rtr2	739
1434	1	Rtr2	226
1435	1	Rtr2	294
1436	1	Rtr2	300
1437	1	Rtr2	257
1438	1	Rtr2	194
1439	1	Rtr2	199
1440	1	Rtr2	124
1441	1	Rtr2	112
1442	1	Rtr2	115
1443	1	Rtr2	72
1444	1	Rtr2	72
1445	1	Rtr2	116
1446	1	Rtr2	107
1447	1	Rtr2	115
1448	1	Rtr2	68
1449	1	Rtr2	72
1450	1	Rtr2	598
1451	1	Rtr2	1105
1452	1	Rtr2	1117
1453	1	Rtr2	1104
1454	1	Rtr2	612
1455	1	Rtr2	146
1456	1	Rtr2	136
1457	1	Rtr2	142
1458	1	Rtr2	65
1459	1	Rtr2	53
1460	1	Rtr2	95
1461	1	Rtr2	93
1462	1	Rtr2	77
1463	1	Rtr2	78
1464	1	Rtr2	45
1465	1	Rtr2	85
1466	1	Rtr2	80
1467	1	Rtr2	81
1468	1	Rtr2	71
1469	1	Rtr2	56
1470	1	Rtr2	111
1471	1	Rtr2	601
1472	1	Rtr2	1115
1473	1	Rtr2	1115
1474	1	Rtr2	1083
1475	1	Rtr2	656
1476	1	Rtr2	152
1477	1	Rtr2	131
1478	1	Rtr2	68
1479	1	Rtr2	75
1480	1	Rtr2	123
1481	1	Rtr2	99
1482	1	Rtr2	108
1483	1	Rtr2	74
1484	1	Rtr2	57
1485	1	Rtr2	105
1486	1	Rtr2	134
1487	1	Rtr2	113
1488	1	Rtr2	78
1489	1	Rtr2	66
1490	1	Rtr2	103
1491	1	Rtr2	256
1492	1	Rtr2	757
1493	1	Rtr2	1195
1494	1	Rtr2	1197
1495	1	Rtr2	1224
1496	1	Rtr2	737
1497	1	Rtr2	230
1498	1	Rtr2	83
1499	1	Rtr2	46
1500	1	Rtr2	88
1501	1	Rtr2	80
1502	1	Rtr2	90
1503	1	Rtr2	58
1504	1	Rtr2	54
1505	1	Rtr2	110
1506	1	Rtr2	106
1507	1	Rtr2	82
1508	1	Rtr2	82
1509	1	Rtr2	81
1510	1	Rtr2	126
1511	1	Rtr2	130
1512	1	Rtr2	102
1513	1	Rtr2	565
1514	1	Rtr2	1060
1515	1	Rtr2	1116
1516	1	Rtr2	1102
1517	1	Rtr2	639
1518	1	Rtr2	108
1519	1	Rtr2	88
1520	1	Rtr2	137
1521	1	Rtr2	151
1522	1	Rtr2	136
1523	1	Rtr2	96
1524	1	Rtr2	77
1525	1	Rtr2	124
1526	1	Rtr2	115
1527	1	Rtr2	134
1528	1	Rtr2	70
1529	1	Rtr2	93
1530	1	Rtr2	148
1531	1	Rtr2	146
1532	1	Rtr2	125
1533	1	Rtr2	61
1534	1	Rtr2	557
1535	1	Rtr2	1117
1536	1	Rtr2	1127
1537	1	Rtr2	1118
1538	1	Rtr2	591
1539	1	Rtr2	111
1540	1	Rtr2	170
1541	1	Rtr2	142
1542	1	Rtr2	138
1543	1	Rtr2	79
1544	1	Rtr2	65
1545	1	Rtr2	118
1546	1	Rtr2	123
1547	1	Rtr2	282
1548	1	Rtr2	250
1549	1	Rtr2	221
1550	1	Rtr2	298
1551	1	Rtr2	270
1552	1	Rtr2	269
1553	1	Rtr2	196
1554	1	Rtr2	85
1555	1	Rtr2	605
1556	1	Rtr2	1083
1557	1	Rtr2	1109
1558	1	Rtr2	1071
1559	1	Rtr2	584
1560	1	Rtr2	154
1561	1	Rtr2	145
1562	1	Rtr2	154
1563	1	Rtr2	88
1564	1	Rtr2	232
1565	1	Rtr2	311
1566	1	Rtr2	287
1567	1	Rtr2	287
1568	1	Rtr2	194
1569	1	Rtr2	181
1570	1	Rtr2	239
1571	1	Rtr2	131
1572	1	Rtr2	131
1573	1	Rtr2	78
1574	1	Rtr2	64
1575	1	Rtr2	137
1576	1	Rtr2	603
1577	1	Rtr2	1079
1578	1	Rtr2	1053
1579	1	Rtr2	1051
1580	1	Rtr2	640
1581	1	Rtr2	146
1582	1	Rtr2	124
1583	1	Rtr2	68
1584	1	Rtr2	78
1585	1	Rtr2	148
1586	1	Rtr2	150
1587	1	Rtr2	121
1588	1	Rtr2	79
1589	1	Rtr2	70
1590	1	Rtr2	130
1591	1	Rtr2	141
1592	1	Rtr2	114
1593	1	Rtr2	56
1594	1	Rtr2	67
1595	1	Rtr2	123
1596	1	Rtr2	131
1597	1	Rtr2	583
1598	1	Rtr2	1042
1599	1	Rtr2	1033
1600	1	Rtr2	1085
1601	1	Rtr2	599
1602	1	Rtr2	105
1603	1	Rtr2	551
1604	1	Rtr2	1022
1605	1	Rtr2	1073
1606	1	Rtr2	1091
1607	1	Rtr2	606
1608	1	Rtr2	90
1609	1	Rtr2	74
1610	1	Rtr2	122
1611	1	Rtr2	117
1612	1	Rtr2	104
1613	1	Rtr2	66
1614	1	Rtr2	55
1615	1	Rtr2	117
1616	1	Rtr2	109
1617	1	Rtr2	89
1618	1	Rtr2	76
1619	1	Rtr2	61
1620	1	Rtr2	108
1621	1	Rtr2	101
1622	1	Rtr2	84
1623	1	Rtr2	265
1624	1	Rtr2	714
1625	1	Rtr2	1232
1626	1	Rtr2	1215
1627	1	Rtr2	1193
1628	1	Rtr2	664
1629	1	Rtr2	179
1630	1	Rtr2	139
1631	1	Rtr2	134
1632	1	Rtr2	122
1633	1	Rtr2	54
1634	1	Rtr2	52
1635	1	Rtr2	124
1636	1	Rtr2	95
1637	1	Rtr2	93
1638	1	Rtr2	77
1639	1	Rtr2	63
1640	1	Rtr2	146
1641	1	Rtr2	142
1642	1	Rtr2	106
1643	1	Rtr2	95
1644	1	Rtr2	84
1645	1	Rtr2	596
1646	1	Rtr2	1066
1647	1	Rtr2	1059
1648	1	Rtr2	1035
1649	1	Rtr2	586
1650	1	Rtr2	172
1651	1	Rtr2	148
1652	1	Rtr2	136
1653	1	Rtr2	67
1654	1	Rtr2	53
1655	1	Rtr2	101
1656	1	Rtr2	108
1657	1	Rtr2	101
1658	1	Rtr2	72
1659	1	Rtr2	67
1660	1	Rtr2	124
1661	1	Rtr2	102
1662	1	Rtr2	82
1663	1	Rtr2	71
1664	1	Rtr2	62
1665	1	Rtr2	120
1666	1	Rtr2	579
1667	1	Rtr2	1028
1668	1	Rtr2	1013
1669	1	Rtr2	1014
1670	1	Rtr2	639
1671	1	Rtr2	174
1672	1	Rtr2	143
1673	1	Rtr2	79
1674	1	Rtr2	69
1675	1	Rtr2	149
1676	1	Rtr2	138
1677	1	Rtr2	108
1678	1	Rtr2	76
1679	1	Rtr2	251
1680	1	Rtr2	325
1681	1	Rtr2	300
1682	1	Rtr2	302
1683	1	Rtr2	207
1684	1	Rtr2	192
1685	1	Rtr2	246
1686	1	Rtr2	146
1687	1	Rtr2	604
1688	1	Rtr2	988
1689	1	Rtr2	986
1690	1	Rtr2	1052
1691	1	Rtr2	608
1692	1	Rtr2	139
1693	1	Rtr2	96
1694	1	Rtr2	89
1695	1	Rtr2	135
1696	1	Rtr2	153
1697	1	Rtr2	134
1698	1	Rtr2	85
1699	1	Rtr2	72
1700	1	Rtr2	120
1701	1	Rtr2	113
1702	1	Rtr2	94
1703	1	Rtr2	88
1704	1	Rtr2	53
1705	1	Rtr2	103
1706	1	Rtr2	106
1707	1	Rtr2	97
1708	1	Rtr2	524
1709	1	Rtr2	988
1710	1	Rtr2	1033
1711	1	Rtr2	1043
1712	1	Rtr2	612
1713	1	Rtr2	106
1714	1	Rtr2	78
1715	1	Rtr2	145
1716	1	Rtr2	156
1717	1	Rtr2	130
1718	1	Rtr2	79
1719	1	Rtr2	94
1720	1	Rtr2	149
1721	1	Rtr2	140
1722	1	Rtr2	131
1723	1	Rtr2	105
1724	1	Rtr2	74
1725	1	Rtr2	150
1726	1	Rtr2	133
1727	1	Rtr2	123
1728	1	Rtr2	91
1729	1	Rtr2	528
1730	1	Rtr2	1052
1731	1	Rtr2	1048
1732	1	Rtr2	1059
1733	1	Rtr2	577
1734	1	Rtr2	114
1735	1	Rtr2	172
1736	1	Rtr2	173
1737	1	Rtr2	172
1738	1	Rtr2	90
1739	1	Rtr2	79
1740	1	Rtr2	162
1741	1	Rtr2	137
1742	1	Rtr2	301
1743	1	Rtr2	243
1744	1	Rtr2	259
1745	1	Rtr2	312
1746	1	Rtr2	308
1747	1	Rtr2	294
1748	1	Rtr2	225
1749	1	Rtr2	97
1750	1	Rtr2	618
1751	1	Rtr2	1049
1752	1	Rtr2	1034
1753	1	Rtr2	988
1754	1	Rtr2	538
1755	1	Rtr2	137
1756	1	Rtr2	154
1757	1	Rtr2	146
1758	1	Rtr2	91
1759	1	Rtr2	73
1760	1	Rtr2	136
1761	1	Rtr2	126
1762	1	Rtr2	114
1763	1	Rtr2	87
1764	1	Rtr2	84
1765	1	Rtr2	148
1766	1	Rtr2	166
1767	1	Rtr2	128
1768	1	Rtr2	73
1769	1	Rtr2	75
1770	1	Rtr2	280
1771	1	Rtr2	717
1772	1	Rtr2	1163
1773	1	Rtr2	1122
1774	1	Rtr2	1083
1775	1	Rtr2	695
1776	1	Rtr2	221
1777	1	Rtr2	122
1778	1	Rtr2	49
1779	1	Rtr2	68
1780	1	Rtr2	116
1781	1	Rtr2	98
1782	1	Rtr2	84
1783	1	Rtr2	67
1784	1	Rtr2	72
1785	1	Rtr2	117
1786	1	Rtr2	134
1787	1	Rtr2	118
1788	1	Rtr2	76
1789	1	Rtr2	66
1790	1	Rtr2	111
1791	1	Rtr2	110
1792	1	Rtr2	537
1793	1	Rtr2	954
1794	1	Rtr2	982
1795	1	Rtr2	1040
1796	1	Rtr2	623
1797	1	Rtr2	168
1798	1	Rtr2	86
1799	1	Rtr2	85
1800	1	Rtr2	148
1801	1	Rtr2	155
1802	1	Rtr2	126
1803	1	Rtr2	85
1804	1	Rtr2	96
1805	1	Rtr2	176
1806	1	Rtr2	153
1807	1	Rtr2	148
1808	1	Rtr2	83
1809	1	Rtr2	75
1810	1	Rtr2	139
1811	1	Rtr2	140
1812	1	Rtr2	138
1813	1	Rtr2	509
1814	1	Rtr2	965
1815	1	Rtr2	1019
1816	1	Rtr2	1033
1817	1	Rtr2	627
1818	1	Rtr2	109
1819	1	Rtr2	102
1820	1	Rtr2	168
1821	1	Rtr2	165
1822	1	Rtr2	168
1823	1	Rtr2	112
1824	1	Rtr2	91
1825	1	Rtr2	142
1826	1	Rtr2	133
1827	1	Rtr2	159
1828	1	Rtr2	92
1829	1	Rtr2	70
1830	1	Rtr2	141
1831	1	Rtr2	118
1832	1	Rtr2	121
1833	1	Rtr2	102
1834	1	Rtr2	504
1835	1	Rtr2	1007
1836	1	Rtr2	1016
1837	1	Rtr2	995
1838	1	Rtr2	559
1839	1	Rtr2	254
1840	1	Rtr2	304
1841	1	Rtr2	314
1842	1	Rtr2	321
1843	1	Rtr2	226
1844	1	Rtr2	222
1845	1	Rtr2	298
1846	1	Rtr2	160
1847	1	Rtr2	158
1848	1	Rtr2	98
1849	1	Rtr2	109
1850	1	Rtr2	181
1851	1	Rtr2	194
1852	1	Rtr2	167
1853	1	Rtr2	123
1854	1	Rtr2	93
1855	1	Rtr2	571
1856	1	Rtr2	1003
1857	1	Rtr2	1005
1858	1	Rtr2	974
1859	1	Rtr2	536
1860	1	Rtr2	172
1861	1	Rtr2	132
1862	1	Rtr2	124
1863	1	Rtr2	86
1864	1	Rtr2	63
1865	1	Rtr2	123
1866	1	Rtr2	106
1867	1	Rtr2	100
1868	1	Rtr2	84
1869	1	Rtr2	80
1870	1	Rtr2	153
1871	1	Rtr2	133
1872	1	Rtr2	111
1873	1	Rtr2	88
1874	1	Rtr2	79
1875	1	Rtr2	143
1876	1	Rtr2	579
1877	1	Rtr2	983
1878	1	Rtr2	941
1879	1	Rtr2	946
1880	1	Rtr2	596
1881	1	Rtr2	168
1882	1	Rtr2	164
1883	1	Rtr2	121
1884	1	Rtr2	80
1885	1	Rtr2	157
1886	1	Rtr2	142
1887	1	Rtr2	153
1888	1	Rtr2	90
1889	1	Rtr2	82
1890	1	Rtr2	155
1891	1	Rtr2	277
1892	1	Rtr2	289
1893	1	Rtr2	243
1894	1	Rtr2	244
1895	1	Rtr2	305
1896	1	Rtr2	326
1897	1	Rtr2	699
1898	1	Rtr2	939
1899	1	Rtr2	915
1900	1	Rtr2	974
1901	1	Rtr2	569
1902	1	Rtr2	134
1903	1	Rtr2	505
1904	1	Rtr2	930
1905	1	Rtr2	1019
1906	1	Rtr2	1028
1907	1	Rtr2	586
1908	1	Rtr2	108
1909	1	Rtr2	96
1910	1	Rtr2	168
1911	1	Rtr2	164
1912	1	Rtr2	170
1913	1	Rtr2	104
1914	1	Rtr2	100
1915	1	Rtr2	160
1916	1	Rtr2	154
1917	1	Rtr2	147
1918	1	Rtr2	87
1919	1	Rtr2	93
1920	1	Rtr2	174
1921	1	Rtr2	145
1922	1	Rtr2	141
1923	1	Rtr2	99
1924	1	Rtr2	483
1925	1	Rtr2	968
1926	1	Rtr2	980
1927	1	Rtr2	971
1928	1	Rtr2	537
1929	1	Rtr2	122
1930	1	Rtr2	186
1931	1	Rtr2	179
1932	1	Rtr2	146
1933	1	Rtr2	76
1934	1	Rtr2	77
1935	1	Rtr2	141
1936	1	Rtr2	114
1937	1	Rtr2	280
1938	1	Rtr2	254
1939	1	Rtr2	249
1940	1	Rtr2	300
1941	1	Rtr2	295
1942	1	Rtr2	283
1943	1	Rtr2	188
1944	1	Rtr2	99
1945	1	Rtr2	565
1946	1	Rtr2	970
1947	1	Rtr2	992
1948	1	Rtr2	929
1949	1	Rtr2	531
1950	1	Rtr2	182
1951	1	Rtr2	176
1952	1	Rtr2	165
1953	1	Rtr2	93
1954	1	Rtr2	73
1955	1	Rtr2	143
1956	1	Rtr2	123
1957	1	Rtr2	117
1958	1	Rtr2	105
1959	1	Rtr2	81
1960	1	Rtr2	153
1961	1	Rtr2	135
1962	1	Rtr2	131
1963	1	Rtr2	100
1964	1	Rtr2	74
1965	1	Rtr2	155
1966	1	Rtr2	531
1967	1	Rtr2	947
1968	1	Rtr2	927
1969	1	Rtr2	919
1970	1	Rtr2	607
1971	1	Rtr2	193
1972	1	Rtr2	169
1973	1	Rtr2	91
1974	1	Rtr2	82
1975	1	Rtr2	151
1976	1	Rtr2	152
1977	1	Rtr2	122
1978	1	Rtr2	103
1979	1	Rtr2	96
1980	1	Rtr2	176
1981	1	Rtr2	162
1982	1	Rtr2	152
1983	1	Rtr2	101
1984	1	Rtr2	103
1985	1	Rtr2	155
1986	1	Rtr2	156
1987	1	Rtr2	552
1988	1	Rtr2	890
1989	1	Rtr2	899
1990	1	Rtr2	957
1991	1	Rtr2	583
1992	1	Rtr2	164
1993	1	Rtr2	278
1994	1	Rtr2	291
1995	1	Rtr2	359
1996	1	Rtr2	378
1997	1	Rtr2	336
1998	1	Rtr2	237
1999	1	Rtr2	240
