Time	Node	PitItems
	338
2	1	Rtr2	377
3	1	Rtr2	1126
4	1	Rtr2	1882
5	1	Rtr2	1993
6	1	Rtr2	1971
7	1	Rtr2	1202
8	1	Rtr2	170
9	1	Rtr2	100
10	1	Rtr2	200
11	1	Rtr2	182
12	1	Rtr2	151
13	1	Rtr2	100
14	1	Rtr2	89
15	1	Rtr2	139
16	1	Rtr2	159
17	1	Rtr2	127
18	1	Rtr2	96
19	1	Rtr2	70
20	1	Rtr2	123
21	1	Rtr2	124
22	1	Rtr2	117
23	1	Rtr2	90
24	1	Rtr2	883
25	1	Rtr2	1741
26	1	Rtr2	1767
27	1	Rtr2	1749
28	1	Rtr2	919
29	1	Rtr2	132
30	1	Rtr2	208
31	1	Rtr2	185
32	1	Rtr2	197
33	1	Rtr2	86
34	1	Rtr2	83
35	1	Rtr2	150
36	1	Rtr2	154
37	1	Rtr2	151
38	1	Rtr2	87
39	1	Rtr2	84
40	1	Rtr2	127
41	1	Rtr2	151
42	1	Rtr2	123
43	1	Rtr2	114
44	1	Rtr2	100
45	1	Rtr2	969
46	1	Rtr2	1769
47	1	Rtr2	1776
48	1	Rtr2	1717
49	1	Rtr2	923
50	1	Rtr2	203
51	1	Rtr2	183
52	1	Rtr2	156
53	1	Rtr2	90
54	1	Rtr2	93
55	1	Rtr2	151
56	1	Rtr2	299
57	1	Rtr2	317
58	1	Rtr2	278
59	1	Rtr2	252
60	1	Rtr2	306
61	1	Rtr2	310
62	1	Rtr2	323
63	1	Rtr2	93
64	1	Rtr2	82
65	1	Rtr2	149
66	1	Rtr2	949
67	1	Rtr2	1739
68	1	Rtr2	1719
69	1	Rtr2	1731
70	1	Rtr2	989
71	1	Rtr2	202
72	1	Rtr2	177
73	1	Rtr2	94
74	1	Rtr2	74
75	1	Rtr2	134
76	1	Rtr2	112
77	1	Rtr2	94
78	1	Rtr2	85
79	1	Rtr2	71
80	1	Rtr2	147
81	1	Rtr2	137
82	1	Rtr2	105
83	1	Rtr2	83
84	1	Rtr2	81
85	1	Rtr2	145
86	1	Rtr2	123
87	1	Rtr2	941
88	1	Rtr2	1707
89	1	Rtr2	1732
90	1	Rtr2	1797
91	1	Rtr2	1009
92	1	Rtr2	187
93	1	Rtr2	115
94	1	Rtr2	97
95	1	Rtr2	161
96	1	Rtr2	151
97	1	Rtr2	143
98	1	Rtr2	98
99	1	Rtr2	86
100	1	Rtr2	151
101	1	Rtr2	149
102	1	Rtr2	127
103	1	Rtr2	84
104	1	Rtr2	84
105	1	Rtr2	138
106	1	Rtr2	140
107	1	Rtr2	138
108	1	Rtr2	897
109	1	Rtr2	1719
110	1	Rtr2	1805
111	1	Rtr2	1950
112	1	Rtr2	1162
113	1	Rtr2	292
114	1	Rtr2	288
115	1	Rtr2	330
116	1	Rtr2	349
117	1	Rtr2	314
118	1	Rtr2	107
119	1	Rtr2	99
120	1	Rtr2	160
121	1	Rtr2	167
122	1	Rtr2	183
123	1	Rtr2	102
124	1	Rtr2	80
125	1	Rtr2	146
126	1	Rtr2	171
127	1	Rtr2	133
128	1	Rtr2	86
129	1	Rtr2	899
130	1	Rtr2	1764
131	1	Rtr2	1773
132	1	Rtr2	1774
133	1	Rtr2	938
134	1	Rtr2	137
135	1	Rtr2	204
136	1	Rtr2	227
137	1	Rtr2	176
138	1	Rtr2	76
139	1	Rtr2	89
140	1	Rtr2	159
141	1	Rtr2	149
142	1	Rtr2	140
143	1	Rtr2	91
144	1	Rtr2	93
145	1	Rtr2	181
146	1	Rtr2	175
147	1	Rtr2	163
148	1	Rtr2	96
149	1	Rtr2	77
150	1	Rtr2	957
151	1	Rtr2	1772
152	1	Rtr2	1768
153	1	Rtr2	1725
154	1	Rtr2	960
155	1	Rtr2	210
156	1	Rtr2	186
157	1	Rtr2	163
158	1	Rtr2	88
159	1	Rtr2	79
160	1	Rtr2	155
161	1	Rtr2	351
162	1	Rtr2	318
163	1	Rtr2	279
164	1	Rtr2	250
165	1	Rtr2	307
166	1	Rtr2	296
167	1	Rtr2	288
168	1	Rtr2	113
169	1	Rtr2	105
170	1	Rtr2	165
171	1	Rtr2	968
172	1	Rtr2	1784
173	1	Rtr2	1749
174	1	Rtr2	1739
175	1	Rtr2	1009
176	1	Rtr2	190
177	1	Rtr2	153
178	1	Rtr2	106
179	1	Rtr2	96
180	1	Rtr2	184
181	1	Rtr2	199
182	1	Rtr2	153
183	1	Rtr2	104
184	1	Rtr2	106
185	1	Rtr2	171
186	1	Rtr2	196
187	1	Rtr2	163
188	1	Rtr2	98
189	1	Rtr2	97
190	1	Rtr2	165
191	1	Rtr2	168
192	1	Rtr2	952
193	1	Rtr2	1734
194	1	Rtr2	1741
195	1	Rtr2	1814
196	1	Rtr2	1010
197	1	Rtr2	178
198	1	Rtr2	125
199	1	Rtr2	122
200	1	Rtr2	182
201	1	Rtr2	153
202	1	Rtr2	141
203	1	Rtr2	102
204	1	Rtr2	86
205	1	Rtr2	169
206	1	Rtr2	146
207	1	Rtr2	135
208	1	Rtr2	70
209	1	Rtr2	79
210	1	Rtr2	138
211	1	Rtr2	155
212	1	Rtr2	141
213	1	Rtr2	901
214	1	Rtr2	1738
215	1	Rtr2	1793
216	1	Rtr2	1797
217	1	Rtr2	996
218	1	Rtr2	121
219	1	Rtr2	123
220	1	Rtr2	182
221	1	Rtr2	375
222	1	Rtr2	394
223	1	Rtr2	285
224	1	Rtr2	273
225	1	Rtr2	341
226	1	Rtr2	333
227	1	Rtr2	318
228	1	Rtr2	92
229	1	Rtr2	103
230	1	Rtr2	133
231	1	Rtr2	155
232	1	Rtr2	139
233	1	Rtr2	72
234	1	Rtr2	890
235	1	Rtr2	1782
236	1	Rtr2	1795
237	1	Rtr2	1807
238	1	Rtr2	940
239	1	Rtr2	99
240	1	Rtr2	145
241	1	Rtr2	139
242	1	Rtr2	124
243	1	Rtr2	70
244	1	Rtr2	82
245	1	Rtr2	115
246	1	Rtr2	143
247	1	Rtr2	112
248	1	Rtr2	87
249	1	Rtr2	66
250	1	Rtr2	136
251	1	Rtr2	156
252	1	Rtr2	136
253	1	Rtr2	119
254	1	Rtr2	66
255	1	Rtr2	942
256	1	Rtr2	1780
257	1	Rtr2	1776
258	1	Rtr2	1754
259	1	Rtr2	938
260	1	Rtr2	167
261	1	Rtr2	161
262	1	Rtr2	173
263	1	Rtr2	98
264	1	Rtr2	62
265	1	Rtr2	127
266	1	Rtr2	319
267	1	Rtr2	307
268	1	Rtr2	284
269	1	Rtr2	269
270	1	Rtr2	314
271	1	Rtr2	317
272	1	Rtr2	315
273	1	Rtr2	98
274	1	Rtr2	103
275	1	Rtr2	136
276	1	Rtr2	975
277	1	Rtr2	1788
278	1	Rtr2	1764
279	1	Rtr2	1751
280	1	Rtr2	1002
281	1	Rtr2	171
282	1	Rtr2	119
283	1	Rtr2	79
284	1	Rtr2	80
285	1	Rtr2	136
286	1	Rtr2	129
287	1	Rtr2	107
288	1	Rtr2	80
289	1	Rtr2	64
290	1	Rtr2	103
291	1	Rtr2	107
292	1	Rtr2	81
293	1	Rtr2	69
294	1	Rtr2	80
295	1	Rtr2	124
296	1	Rtr2	100
297	1	Rtr2	938
298	1	Rtr2	1757
299	1	Rtr2	1770
300	1	Rtr2	1821
301	1	Rtr2	1004
302	1	Rtr2	172
303	1	Rtr2	922
304	1	Rtr2	1763
305	1	Rtr2	1818
306	1	Rtr2	1821
307	1	Rtr2	1005
308	1	Rtr2	137
309	1	Rtr2	100
310	1	Rtr2	167
311	1	Rtr2	176
312	1	Rtr2	148
313	1	Rtr2	83
314	1	Rtr2	100
315	1	Rtr2	161
316	1	Rtr2	146
317	1	Rtr2	163
318	1	Rtr2	82
319	1	Rtr2	73
320	1	Rtr2	126
321	1	Rtr2	340
322	1	Rtr2	350
323	1	Rtr2	319
324	1	Rtr2	1114
325	1	Rtr2	1994
326	1	Rtr2	2004
327	1	Rtr2	1999
328	1	Rtr2	957
329	1	Rtr2	109
330	1	Rtr2	155
331	1	Rtr2	137
332	1	Rtr2	153
333	1	Rtr2	60
334	1	Rtr2	47
335	1	Rtr2	109
336	1	Rtr2	96
337	1	Rtr2	70
338	1	Rtr2	64
339	1	Rtr2	54
340	1	Rtr2	114
341	1	Rtr2	117
342	1	Rtr2	93
343	1	Rtr2	72
344	1	Rtr2	75
345	1	Rtr2	956
346	1	Rtr2	1798
347	1	Rtr2	1800
348	1	Rtr2	1775
349	1	Rtr2	950
350	1	Rtr2	147
351	1	Rtr2	128
352	1	Rtr2	111
353	1	Rtr2	74
354	1	Rtr2	67
355	1	Rtr2	111
356	1	Rtr2	105
357	1	Rtr2	102
358	1	Rtr2	76
359	1	Rtr2	53
360	1	Rtr2	89
361	1	Rtr2	93
362	1	Rtr2	76
363	1	Rtr2	94
364	1	Rtr2	70
365	1	Rtr2	125
366	1	Rtr2	953
367	1	Rtr2	1795
368	1	Rtr2	1777
369	1	Rtr2	1770
370	1	Rtr2	989
371	1	Rtr2	146
372	1	Rtr2	148
373	1	Rtr2	104
374	1	Rtr2	87
375	1	Rtr2	156
376	1	Rtr2	373
377	1	Rtr2	360
378	1	Rtr2	293
379	1	Rtr2	262
380	1	Rtr2	304
381	1	Rtr2	292
382	1	Rtr2	255
383	1	Rtr2	61
384	1	Rtr2	47
385	1	Rtr2	80
386	1	Rtr2	79
387	1	Rtr2	927
388	1	Rtr2	1774
389	1	Rtr2	1787
390	1	Rtr2	1837
391	1	Rtr2	1024
392	1	Rtr2	177
393	1	Rtr2	94
394	1	Rtr2	72
395	1	Rtr2	126
396	1	Rtr2	140
397	1	Rtr2	119
398	1	Rtr2	66
399	1	Rtr2	59
400	1	Rtr2	114
401	1	Rtr2	104
402	1	Rtr2	102
403	1	Rtr2	82
404	1	Rtr2	82
405	1	Rtr2	147
406	1	Rtr2	138
407	1	Rtr2	119
408	1	Rtr2	921
409	1	Rtr2	1774
410	1	Rtr2	1841
411	1	Rtr2	1841
412	1	Rtr2	1005
413	1	Rtr2	109
414	1	Rtr2	71
415	1	Rtr2	130
416	1	Rtr2	156
417	1	Rtr2	133
418	1	Rtr2	69
419	1	Rtr2	105
420	1	Rtr2	151
421	1	Rtr2	159
422	1	Rtr2	164
423	1	Rtr2	93
424	1	Rtr2	70
425	1	Rtr2	126
426	1	Rtr2	120
427	1	Rtr2	119
428	1	Rtr2	103
429	1	Rtr2	923
430	1	Rtr2	1840
431	1	Rtr2	1843
432	1	Rtr2	1850
433	1	Rtr2	1143
434	1	Rtr2	301
435	1	Rtr2	368
436	1	Rtr2	366
437	1	Rtr2	330
438	1	Rtr2	265
439	1	Rtr2	248
440	1	Rtr2	140
441	1	Rtr2	146
442	1	Rtr2	153
443	1	Rtr2	80
444	1	Rtr2	81
445	1	Rtr2	117
446	1	Rtr2	130
447	1	Rtr2	124
448	1	Rtr2	59
449	1	Rtr2	72
450	1	Rtr2	981
451	1	Rtr2	1849
452	1	Rtr2	1843
453	1	Rtr2	1801
454	1	Rtr2	965
455	1	Rtr2	156
456	1	Rtr2	129
457	1	Rtr2	118
458	1	Rtr2	92
459	1	Rtr2	62
460	1	Rtr2	115
461	1	Rtr2	115
462	1	Rtr2	96
463	1	Rtr2	63
464	1	Rtr2	93
465	1	Rtr2	122
466	1	Rtr2	119
467	1	Rtr2	118
468	1	Rtr2	75
469	1	Rtr2	57
470	1	Rtr2	106
471	1	Rtr2	973
472	1	Rtr2	1835
473	1	Rtr2	1802
474	1	Rtr2	1800
475	1	Rtr2	1010
476	1	Rtr2	154
477	1	Rtr2	120
478	1	Rtr2	63
479	1	Rtr2	69
480	1	Rtr2	136
481	1	Rtr2	146
482	1	Rtr2	115
483	1	Rtr2	106
484	1	Rtr2	76
485	1	Rtr2	111
486	1	Rtr2	98
487	1	Rtr2	123
488	1	Rtr2	88
489	1	Rtr2	60
490	1	Rtr2	105
491	1	Rtr2	341
492	1	Rtr2	1186
493	1	Rtr2	2015
494	1	Rtr2	1999
495	1	Rtr2	2024
496	1	Rtr2	1190
497	1	Rtr2	290
498	1	Rtr2	85
499	1	Rtr2	48
500	1	Rtr2	120
501	1	Rtr2	96
502	1	Rtr2	114
503	1	Rtr2	67
504	1	Rtr2	70
505	1	Rtr2	122
506	1	Rtr2	102
507	1	Rtr2	100
508	1	Rtr2	71
509	1	Rtr2	56
510	1	Rtr2	121
511	1	Rtr2	129
512	1	Rtr2	87
513	1	Rtr2	935
514	1	Rtr2	1815
515	1	Rtr2	1872
516	1	Rtr2	1868
517	1	Rtr2	1028
518	1	Rtr2	99
519	1	Rtr2	105
520	1	Rtr2	151
521	1	Rtr2	178
522	1	Rtr2	155
523	1	Rtr2	69
524	1	Rtr2	76
525	1	Rtr2	113
526	1	Rtr2	130
527	1	Rtr2	129
528	1	Rtr2	93
529	1	Rtr2	48
530	1	Rtr2	120
531	1	Rtr2	119
532	1	Rtr2	106
533	1	Rtr2	76
534	1	Rtr2	930
535	1	Rtr2	1842
536	1	Rtr2	1853
537	1	Rtr2	1846
538	1	Rtr2	981
539	1	Rtr2	104
540	1	Rtr2	132
541	1	Rtr2	122
542	1	Rtr2	128
543	1	Rtr2	89
544	1	Rtr2	64
545	1	Rtr2	119
546	1	Rtr2	133
547	1	Rtr2	316
548	1	Rtr2	336
549	1	Rtr2	310
550	1	Rtr2	380
551	1	Rtr2	339
552	1	Rtr2	352
553	1	Rtr2	268
554	1	Rtr2	66
555	1	Rtr2	988
556	1	Rtr2	1856
557	1	Rtr2	1883
558	1	Rtr2	1828
559	1	Rtr2	978
560	1	Rtr2	168
561	1	Rtr2	135
562	1	Rtr2	129
563	1	Rtr2	62
564	1	Rtr2	316
565	1	Rtr2	404
566	1	Rtr2	373
567	1	Rtr2	358
568	1	Rtr2	264
569	1	Rtr2	246
570	1	Rtr2	266
571	1	Rtr2	143
572	1	Rtr2	118
573	1	Rtr2	66
574	1	Rtr2	51
575	1	Rtr2	90
576	1	Rtr2	956
577	1	Rtr2	1854
578	1	Rtr2	1834
579	1	Rtr2	1829
580	1	Rtr2	1010
581	1	Rtr2	137
582	1	Rtr2	125
583	1	Rtr2	94
584	1	Rtr2	89
585	1	Rtr2	130
586	1	Rtr2	137
587	1	Rtr2	133
588	1	Rtr2	57
589	1	Rtr2	41
590	1	Rtr2	73
591	1	Rtr2	81
592	1	Rtr2	84
593	1	Rtr2	56
594	1	Rtr2	61
595	1	Rtr2	123
596	1	Rtr2	117
597	1	Rtr2	983
598	1	Rtr2	1839
599	1	Rtr2	1843
600	1	Rtr2	1888
601	1	Rtr2	1020
602	1	Rtr2	138
603	1	Rtr2	946
604	1	Rtr2	1835
605	1	Rtr2	1888
606	1	Rtr2	1884
607	1	Rtr2	1032
608	1	Rtr2	115
609	1	Rtr2	107
610	1	Rtr2	163
611	1	Rtr2	145
612	1	Rtr2	131
613	1	Rtr2	76
614	1	Rtr2	76
615	1	Rtr2	106
616	1	Rtr2	107
617	1	Rtr2	119
618	1	Rtr2	76
619	1	Rtr2	63
620	1	Rtr2	91
621	1	Rtr2	107
622	1	Rtr2	107
623	1	Rtr2	356
624	1	Rtr2	1207
625	1	Rtr2	2147
626	1	Rtr2	2139
627	1	Rtr2	2089
628	1	Rtr2	1138
629	1	Rtr2	237
630	1	Rtr2	110
631	1	Rtr2	115
632	1	Rtr2	126
633	1	Rtr2	76
634	1	Rtr2	75
635	1	Rtr2	123
636	1	Rtr2	109
637	1	Rtr2	128
638	1	Rtr2	69
639	1	Rtr2	41
640	1	Rtr2	87
641	1	Rtr2	97
642	1	Rtr2	85
643	1	Rtr2	78
644	1	Rtr2	96
645	1	Rtr2	1010
646	1	Rtr2	1905
647	1	Rtr2	1904
648	1	Rtr2	1851
649	1	Rtr2	976
650	1	Rtr2	126
651	1	Rtr2	98
652	1	Rtr2	96
653	1	Rtr2	61
654	1	Rtr2	70
655	1	Rtr2	120
656	1	Rtr2	122
657	1	Rtr2	117
658	1	Rtr2	51
659	1	Rtr2	42
660	1	Rtr2	93
661	1	Rtr2	100
662	1	Rtr2	96
663	1	Rtr2	86
664	1	Rtr2	75
665	1	Rtr2	119
666	1	Rtr2	1002
667	1	Rtr2	1892
668	1	Rtr2	1853
669	1	Rtr2	1857
670	1	Rtr2	1018
671	1	Rtr2	111
672	1	Rtr2	94
673	1	Rtr2	77
674	1	Rtr2	80
675	1	Rtr2	128
676	1	Rtr2	119
677	1	Rtr2	94
678	1	Rtr2	65
679	1	Rtr2	294
680	1	Rtr2	356
681	1	Rtr2	353
682	1	Rtr2	328
683	1	Rtr2	249
684	1	Rtr2	244
685	1	Rtr2	284
686	1	Rtr2	117
687	1	Rtr2	994
688	1	Rtr2	1848
689	1	Rtr2	1856
690	1	Rtr2	1894
691	1	Rtr2	1014
692	1	Rtr2	152
693	1	Rtr2	85
694	1	Rtr2	82
695	1	Rtr2	120
696	1	Rtr2	125
697	1	Rtr2	111
698	1	Rtr2	63
699	1	Rtr2	60
700	1	Rtr2	98
701	1	Rtr2	96
702	1	Rtr2	109
703	1	Rtr2	84
704	1	Rtr2	56
705	1	Rtr2	97
706	1	Rtr2	98
707	1	Rtr2	86
708	1	Rtr2	961
709	1	Rtr2	1859
710	1	Rtr2	1902
711	1	Rtr2	1903
712	1	Rtr2	1032
713	1	Rtr2	93
714	1	Rtr2	95
715	1	Rtr2	133
716	1	Rtr2	152
717	1	Rtr2	137
718	1	Rtr2	81
719	1	Rtr2	57
720	1	Rtr2	81
721	1	Rtr2	87
722	1	Rtr2	76
723	1	Rtr2	67
724	1	Rtr2	73
725	1	Rtr2	117
726	1	Rtr2	110
727	1	Rtr2	98
728	1	Rtr2	64
729	1	Rtr2	947
730	1	Rtr2	1890
731	1	Rtr2	1891
732	1	Rtr2	1890
733	1	Rtr2	997
734	1	Rtr2	91
735	1	Rtr2	105
736	1	Rtr2	99
737	1	Rtr2	111
738	1	Rtr2	46
739	1	Rtr2	51
740	1	Rtr2	68
741	1	Rtr2	68
742	1	Rtr2	313
743	1	Rtr2	298
744	1	Rtr2	315
745	1	Rtr2	374
746	1	Rtr2	345
747	1	Rtr2	320
748	1	Rtr2	252
749	1	Rtr2	31
750	1	Rtr2	960
751	1	Rtr2	1874
752	1	Rtr2	1874
753	1	Rtr2	1882
754	1	Rtr2	1018
755	1	Rtr2	159
756	1	Rtr2	140
757	1	Rtr2	129
758	1	Rtr2	66
759	1	Rtr2	47
760	1	Rtr2	72
761	1	Rtr2	71
762	1	Rtr2	75
763	1	Rtr2	48
764	1	Rtr2	48
765	1	Rtr2	74
766	1	Rtr2	71
767	1	Rtr2	77
768	1	Rtr2	65
769	1	Rtr2	59
770	1	Rtr2	354
771	1	Rtr2	1262
772	1	Rtr2	2154
773	1	Rtr2	2116
774	1	Rtr2	2066
775	1	Rtr2	1202
776	1	Rtr2	276
777	1	Rtr2	104
778	1	Rtr2	41
779	1	Rtr2	62
780	1	Rtr2	97
781	1	Rtr2	100
782	1	Rtr2	85
783	1	Rtr2	77
784	1	Rtr2	68
785	1	Rtr2	107
786	1	Rtr2	105
787	1	Rtr2	105
788	1	Rtr2	69
789	1	Rtr2	55
790	1	Rtr2	91
791	1	Rtr2	76
792	1	Rtr2	989
793	1	Rtr2	1877
794	1	Rtr2	1886
795	1	Rtr2	1914
796	1	Rtr2	1024
797	1	Rtr2	123
798	1	Rtr2	66
799	1	Rtr2	49
800	1	Rtr2	74
801	1	Rtr2	100
802	1	Rtr2	77
803	1	Rtr2	67
804	1	Rtr2	64
805	1	Rtr2	107
806	1	Rtr2	97
807	1	Rtr2	96
808	1	Rtr2	46
809	1	Rtr2	37
810	1	Rtr2	59
811	1	Rtr2	62
812	1	Rtr2	65
813	1	Rtr2	965
814	1	Rtr2	1886
815	1	Rtr2	1922
816	1	Rtr2	1925
817	1	Rtr2	1033
818	1	Rtr2	86
819	1	Rtr2	74
820	1	Rtr2	107
821	1	Rtr2	104
822	1	Rtr2	94
823	1	Rtr2	67
824	1	Rtr2	46
825	1	Rtr2	80
826	1	Rtr2	82
827	1	Rtr2	78
828	1	Rtr2	76
829	1	Rtr2	54
830	1	Rtr2	82
831	1	Rtr2	109
832	1	Rtr2	86
833	1	Rtr2	46
834	1	Rtr2	950
835	1	Rtr2	1902
836	1	Rtr2	1930
837	1	Rtr2	1932
838	1	Rtr2	1017
839	1	Rtr2	313
840	1	Rtr2	380
841	1	Rtr2	370
842	1	Rtr2	338
843	1	Rtr2	228
844	1	Rtr2	225
845	1	Rtr2	233
846	1	Rtr2	98
847	1	Rtr2	83
848	1	Rtr2	44
849	1	Rtr2	45
850	1	Rtr2	67
851	1	Rtr2	67
852	1	Rtr2	53
853	1	Rtr2	59
854	1	Rtr2	41
855	1	Rtr2	977
856	1	Rtr2	1905
857	1	Rtr2	1911
858	1	Rtr2	1903
859	1	Rtr2	998
860	1	Rtr2	101
861	1	Rtr2	99
862	1	Rtr2	108
863	1	Rtr2	86
864	1	Rtr2	61
865	1	Rtr2	99
866	1	Rtr2	105
867	1	Rtr2	87
868	1	Rtr2	74
869	1	Rtr2	42
870	1	Rtr2	71
871	1	Rtr2	77
872	1	Rtr2	75
873	1	Rtr2	69
874	1	Rtr2	49
875	1	Rtr2	74
876	1	Rtr2	983
877	1	Rtr2	1912
878	1	Rtr2	1906
879	1	Rtr2	1905
880	1	Rtr2	1023
881	1	Rtr2	102
882	1	Rtr2	98
883	1	Rtr2	61
884	1	Rtr2	57
885	1	Rtr2	102
886	1	Rtr2	80
887	1	Rtr2	87
888	1	Rtr2	43
889	1	Rtr2	66
890	1	Rtr2	100
891	1	Rtr2	359
892	1	Rtr2	369
893	1	Rtr2	364
894	1	Rtr2	327
895	1	Rtr2	324
896	1	Rtr2	309
897	1	Rtr2	1224
898	1	Rtr2	1912
899	1	Rtr2	1911
900	1	Rtr2	1938
901	1	Rtr2	1031
902	1	Rtr2	118
903	1	Rtr2	976
904	1	Rtr2	1909
905	1	Rtr2	1951
906	1	Rtr2	1953
907	1	Rtr2	1030
908	1	Rtr2	82
909	1	Rtr2	59
910	1	Rtr2	87
911	1	Rtr2	89
912	1	Rtr2	81
913	1	Rtr2	53
914	1	Rtr2	49
915	1	Rtr2	87
916	1	Rtr2	79
917	1	Rtr2	80
918	1	Rtr2	36
919	1	Rtr2	30
920	1	Rtr2	60
921	1	Rtr2	67
922	1	Rtr2	55
923	1	Rtr2	49
924	1	Rtr2	973
925	1	Rtr2	1937
926	1	Rtr2	1945
927	1	Rtr2	1943
928	1	Rtr2	1009
929	1	Rtr2	83
930	1	Rtr2	99
931	1	Rtr2	91
932	1	Rtr2	102
933	1	Rtr2	58
934	1	Rtr2	52
935	1	Rtr2	81
936	1	Rtr2	89
937	1	Rtr2	375
938	1	Rtr2	321
939	1	Rtr2	341
940	1	Rtr2	376
941	1	Rtr2	321
942	1	Rtr2	325
943	1	Rtr2	241
944	1	Rtr2	46
945	1	Rtr2	985
946	1	Rtr2	1936
947	1	Rtr2	1943
948	1	Rtr2	1928
949	1	Rtr2	997
950	1	Rtr2	96
951	1	Rtr2	79
952	1	Rtr2	83
953	1	Rtr2	60
954	1	Rtr2	52
955	1	Rtr2	78
956	1	Rtr2	78
957	1	Rtr2	70
958	1	Rtr2	60
959	1	Rtr2	23
960	1	Rtr2	54
961	1	Rtr2	52
962	1	Rtr2	46
963	1	Rtr2	38
964	1	Rtr2	39
965	1	Rtr2	67
966	1	Rtr2	993
967	1	Rtr2	1931
968	1	Rtr2	1927
969	1	Rtr2	1929
970	1	Rtr2	1039
971	1	Rtr2	83
972	1	Rtr2	67
973	1	Rtr2	47
974	1	Rtr2	52
975	1	Rtr2	70
976	1	Rtr2	72
977	1	Rtr2	69
978	1	Rtr2	33
979	1	Rtr2	23
980	1	Rtr2	59
981	1	Rtr2	48
982	1	Rtr2	41
983	1	Rtr2	43
984	1	Rtr2	40
985	1	Rtr2	68
986	1	Rtr2	48
987	1	Rtr2	998
988	1	Rtr2	1920
989	1	Rtr2	1933
990	1	Rtr2	1956
991	1	Rtr2	1037
992	1	Rtr2	95
993	1	Rtr2	319
994	1	Rtr2	361
995	1	Rtr2	353
996	1	Rtr2	361
997	1	Rtr2	310
998	1	Rtr2	245
999	1	Rtr2	222
1000	1	Rtr2	70
1001	1	Rtr2	266
1002	1	Rtr2	283
1003	1	Rtr2	1187
1004	1	Rtr2	2171
1005	1	Rtr2	2163
1006	1	Rtr2	2151
1007	1	Rtr2	1208
1008	1	Rtr2	45
1009	1	Rtr2	32
1010	1	Rtr2	43
1011	1	Rtr2	55
1012	1	Rtr2	50
1013	1	Rtr2	44
1014	1	Rtr2	39
1015	1	Rtr2	59
1016	1	Rtr2	48
1017	1	Rtr2	49
1018	1	Rtr2	32
1019	1	Rtr2	39
1020	1	Rtr2	64
1021	1	Rtr2	53
1022	1	Rtr2	39
1023	1	Rtr2	45
1024	1	Rtr2	973
1025	1	Rtr2	1952
1026	1	Rtr2	1965
1027	1	Rtr2	1962
1028	1	Rtr2	1012
1029	1	Rtr2	50
1030	1	Rtr2	63
1031	1	Rtr2	61
1032	1	Rtr2	50
1033	1	Rtr2	32
1034	1	Rtr2	35
1035	1	Rtr2	41
1036	1	Rtr2	56
1037	1	Rtr2	39
1038	1	Rtr2	24
1039	1	Rtr2	47
1040	1	Rtr2	65
1041	1	Rtr2	72
1042	1	Rtr2	58
1043	1	Rtr2	36
1044	1	Rtr2	36
1045	1	Rtr2	998
1046	1	Rtr2	1952
1047	1	Rtr2	1962
1048	1	Rtr2	1953
1049	1	Rtr2	1016
1050	1	Rtr2	87
1051	1	Rtr2	83
1052	1	Rtr2	76
1053	1	Rtr2	46
1054	1	Rtr2	24
1055	1	Rtr2	42
1056	1	Rtr2	283
1057	1	Rtr2	289
1058	1	Rtr2	300
1059	1	Rtr2	299
1060	1	Rtr2	299
1061	1	Rtr2	289
1062	1	Rtr2	269
1063	1	Rtr2	35
1064	1	Rtr2	27
1065	1	Rtr2	45
1066	1	Rtr2	995
1067	1	Rtr2	1949
1068	1	Rtr2	1956
1069	1	Rtr2	1963
1070	1	Rtr2	1044
1071	1	Rtr2	87
1072	1	Rtr2	72
1073	1	Rtr2	42
1074	1	Rtr2	44
1075	1	Rtr2	65
1076	1	Rtr2	55
1077	1	Rtr2	65
1078	1	Rtr2	51
1079	1	Rtr2	39
1080	1	Rtr2	56
1081	1	Rtr2	52
1082	1	Rtr2	51
1083	1	Rtr2	44
1084	1	Rtr2	33
1085	1	Rtr2	60
1086	1	Rtr2	56
1087	1	Rtr2	1006
1088	1	Rtr2	1955
1089	1	Rtr2	1963
1090	1	Rtr2	1984
1091	1	Rtr2	1034
1092	1	Rtr2	72
1093	1	Rtr2	65
1094	1	Rtr2	45
1095	1	Rtr2	59
1096	1	Rtr2	64
1097	1	Rtr2	54
1098	1	Rtr2	28
1099	1	Rtr2	31
1100	1	Rtr2	41
1101	1	Rtr2	41
1102	1	Rtr2	40
1103	1	Rtr2	29
1104	1	Rtr2	27
1105	1	Rtr2	54
1106	1	Rtr2	63
1107	1	Rtr2	48
1108	1	Rtr2	999
1109	1	Rtr2	1958
1110	1	Rtr2	1987
1111	1	Rtr2	2226
1112	1	Rtr2	1324
1113	1	Rtr2	325
1114	1	Rtr2	327
1115	1	Rtr2	318
1116	1	Rtr2	314
1117	1	Rtr2	280
1118	1	Rtr2	27
1119	1	Rtr2	29
1120	1	Rtr2	36
1121	1	Rtr2	54
1122	1	Rtr2	51
1123	1	Rtr2	45
1124	1	Rtr2	46
1125	1	Rtr2	62
1126	1	Rtr2	61
1127	1	Rtr2	59
1128	1	Rtr2	47
1129	1	Rtr2	1003
1130	1	Rtr2	1996
1131	1	Rtr2	1999
1132	1	Rtr2	2003
1133	1	Rtr2	1028
1134	1	Rtr2	56
1135	1	Rtr2	52
1136	1	Rtr2	54
1137	1	Rtr2	42
1138	1	Rtr2	31
1139	1	Rtr2	30
1140	1	Rtr2	49
1141	1	Rtr2	63
1142	1	Rtr2	53
1143	1	Rtr2	23
1144	1	Rtr2	33
1145	1	Rtr2	47
1146	1	Rtr2	51
1147	1	Rtr2	43
1148	1	Rtr2	38
1149	1	Rtr2	21
1150	1	Rtr2	1000
1151	1	Rtr2	1965
1152	1	Rtr2	1985
1153	1	Rtr2	1978
1154	1	Rtr2	1027
1155	1	Rtr2	79
1156	1	Rtr2	67
1157	1	Rtr2	49
1158	1	Rtr2	35
1159	1	Rtr2	37
1160	1	Rtr2	50
1161	1	Rtr2	285
1162	1	Rtr2	333
1163	1	Rtr2	304
1164	1	Rtr2	278
1165	1	Rtr2	263
1166	1	Rtr2	233
1167	1	Rtr2	223
1168	1	Rtr2	26
1169	1	Rtr2	30
1170	1	Rtr2	37
1171	1	Rtr2	1001
1172	1	Rtr2	1979
1173	1	Rtr2	1987
1174	1	Rtr2	1991
1175	1	Rtr2	1048
1176	1	Rtr2	84
1177	1	Rtr2	55
1178	1	Rtr2	23
1179	1	Rtr2	26
1180	1	Rtr2	43
1181	1	Rtr2	29
1182	1	Rtr2	29
1183	1	Rtr2	25
1184	1	Rtr2	21
1185	1	Rtr2	48
1186	1	Rtr2	23
1187	1	Rtr2	39
1188	1	Rtr2	35
1189	1	Rtr2	49
1190	1	Rtr2	60
1191	1	Rtr2	60
1192	1	Rtr2	1023
1193	1	Rtr2	1986
1194	1	Rtr2	1986
1195	1	Rtr2	2009
1196	1	Rtr2	1042
1197	1	Rtr2	74
1198	1	Rtr2	54
1199	1	Rtr2	49
1200	1	Rtr2	49
1201	1	Rtr2	42
1202	1	Rtr2	39
1203	1	Rtr2	27
1204	1	Rtr2	24
1205	1	Rtr2	35
1206	1	Rtr2	26
1207	1	Rtr2	21
1208	1	Rtr2	21
1209	1	Rtr2	39
1210	1	Rtr2	41
1211	1	Rtr2	51
1212	1	Rtr2	46
1213	1	Rtr2	1005
1214	1	Rtr2	1984
1215	1	Rtr2	2020
1216	1	Rtr2	2019
1217	1	Rtr2	1046
1218	1	Rtr2	57
1219	1	Rtr2	42
1220	1	Rtr2	46
1221	1	Rtr2	414
1222	1	Rtr2	394
1223	1	Rtr2	347
1224	1	Rtr2	315
1225	1	Rtr2	304
1226	1	Rtr2	292
1227	1	Rtr2	273
1228	1	Rtr2	29
1229	1	Rtr2	20
1230	1	Rtr2	29
1231	1	Rtr2	36
1232	1	Rtr2	26
1233	1	Rtr2	22
1234	1	Rtr2	998
1235	1	Rtr2	2005
1236	1	Rtr2	2013
1237	1	Rtr2	2010
1238	1	Rtr2	1034
1239	1	Rtr2	45
1240	1	Rtr2	31
1241	1	Rtr2	50
1242	1	Rtr2	38
1243	1	Rtr2	27
1244	1	Rtr2	20
1245	1	Rtr2	27
1246	1	Rtr2	41
1247	1	Rtr2	24
1248	1	Rtr2	17
1249	1	Rtr2	30
1250	1	Rtr2	34
1251	1	Rtr2	44
1252	1	Rtr2	50
1253	1	Rtr2	28
1254	1	Rtr2	21
1255	1	Rtr2	1015
1256	1	Rtr2	1995
1257	1	Rtr2	2003
1258	1	Rtr2	2005
1259	1	Rtr2	1034
1260	1	Rtr2	51
1261	1	Rtr2	35
1262	1	Rtr2	27
1263	1	Rtr2	21
1264	1	Rtr2	26
1265	1	Rtr2	22
1266	1	Rtr2	324
1267	1	Rtr2	312
1268	1	Rtr2	296
1269	1	Rtr2	279
1270	1	Rtr2	247
1271	1	Rtr2	241
1272	1	Rtr2	236
1273	1	Rtr2	28
1274	1	Rtr2	22
1275	1	Rtr2	24
1276	1	Rtr2	1014
1277	1	Rtr2	1998
1278	1	Rtr2	2007
1279	1	Rtr2	2007
1280	1	Rtr2	1048
1281	1	Rtr2	54
1282	1	Rtr2	55
1283	1	Rtr2	30
1284	1	Rtr2	24
1285	1	Rtr2	34
1286	1	Rtr2	40
1287	1	Rtr2	32
1288	1	Rtr2	18
1289	1	Rtr2	21
1290	1	Rtr2	32
1291	1	Rtr2	27
1292	1	Rtr2	17
1293	1	Rtr2	24
1294	1	Rtr2	27
1295	1	Rtr2	27
1296	1	Rtr2	20
1297	1	Rtr2	1014
1298	1	Rtr2	1994
1299	1	Rtr2	2007
1300	1	Rtr2	2026
1301	1	Rtr2	1040
1302	1	Rtr2	36
1303	1	Rtr2	1014
1304	1	Rtr2	2014
1305	1	Rtr2	2032
1306	1	Rtr2	2037
1307	1	Rtr2	1045
1308	1	Rtr2	40
1309	1	Rtr2	23
1310	1	Rtr2	32
1311	1	Rtr2	27
1312	1	Rtr2	19
1313	1	Rtr2	22
1314	1	Rtr2	18
1315	1	Rtr2	21
1316	1	Rtr2	28
1317	1	Rtr2	24
1318	1	Rtr2	14
1319	1	Rtr2	17
1320	1	Rtr2	22
1321	1	Rtr2	363
1322	1	Rtr2	387
1323	1	Rtr2	357
1324	1	Rtr2	1321
1325	1	Rtr2	2312
1326	1	Rtr2	2313
1327	1	Rtr2	2307
1328	1	Rtr2	1042
1329	1	Rtr2	29
1330	1	Rtr2	29
1331	1	Rtr2	25
1332	1	Rtr2	21
1333	1	Rtr2	25
1334	1	Rtr2	26
1335	1	Rtr2	32
1336	1	Rtr2	32
1337	1	Rtr2	15
1338	1	Rtr2	34
1339	1	Rtr2	22
1340	1	Rtr2	28
1341	1	Rtr2	17
1342	1	Rtr2	23
1343	1	Rtr2	23
1344	1	Rtr2	14
1345	1	Rtr2	1018
1346	1	Rtr2	2015
1347	1	Rtr2	2035
1348	1	Rtr2	2023
1349	1	Rtr2	1041
1350	1	Rtr2	44
1351	1	Rtr2	36
1352	1	Rtr2	25
1353	1	Rtr2	24
1354	1	Rtr2	20
1355	1	Rtr2	27
1356	1	Rtr2	37
1357	1	Rtr2	34
1358	1	Rtr2	16
1359	1	Rtr2	16
1360	1	Rtr2	28
1361	1	Rtr2	29
1362	1	Rtr2	21
1363	1	Rtr2	17
1364	1	Rtr2	30
1365	1	Rtr2	36
1366	1	Rtr2	1028
1367	1	Rtr2	2025
1368	1	Rtr2	2037
1369	1	Rtr2	2039
1370	1	Rtr2	1055
1371	1	Rtr2	50
1372	1	Rtr2	31
1373	1	Rtr2	21
1374	1	Rtr2	20
1375	1	Rtr2	37
1376	1	Rtr2	321
1377	1	Rtr2	367
1378	1	Rtr2	332
1379	1	Rtr2	300
1380	1	Rtr2	252
1381	1	Rtr2	249
1382	1	Rtr2	238
1383	1	Rtr2	25
1384	1	Rtr2	20
1385	1	Rtr2	16
1386	1	Rtr2	18
1387	1	Rtr2	1021
1388	1	Rtr2	2030
1389	1	Rtr2	2041
1390	1	Rtr2	2055
1391	1	Rtr2	1057
1392	1	Rtr2	46
1393	1	Rtr2	23
1394	1	Rtr2	19
1395	1	Rtr2	26
1396	1	Rtr2	23
1397	1	Rtr2	15
1398	1	Rtr2	18
1399	1	Rtr2	21
1400	1	Rtr2	19
1401	1	Rtr2	18
1402	1	Rtr2	34
1403	1	Rtr2	13
1404	1	Rtr2	24
1405	1	Rtr2	21
1406	1	Rtr2	20
1407	1	Rtr2	21
1408	1	Rtr2	1028
1409	1	Rtr2	2030
1410	1	Rtr2	2055
1411	1	Rtr2	2049
1412	1	Rtr2	1047
1413	1	Rtr2	29
1414	1	Rtr2	18
1415	1	Rtr2	21
1416	1	Rtr2	24
1417	1	Rtr2	21
1418	1	Rtr2	18
1419	1	Rtr2	14
1420	1	Rtr2	22
1421	1	Rtr2	23
1422	1	Rtr2	19
1423	1	Rtr2	22
1424	1	Rtr2	23
1425	1	Rtr2	21
1426	1	Rtr2	24
1427	1	Rtr2	22
1428	1	Rtr2	24
1429	1	Rtr2	1026
1430	1	Rtr2	2050
1431	1	Rtr2	2054
1432	1	Rtr2	2067
1433	1	Rtr2	1390
1434	1	Rtr2	379
1435	1	Rtr2	395
1436	1	Rtr2	351
1437	1	Rtr2	266
1438	1	Rtr2	210
1439	1	Rtr2	197
1440	1	Rtr2	26
1441	1	Rtr2	17
1442	1	Rtr2	17
1443	1	Rtr2	14
1444	1	Rtr2	15
1445	1	Rtr2	17
1446	1	Rtr2	15
1447	1	Rtr2	14
1448	1	Rtr2	22
1449	1	Rtr2	20
1450	1	Rtr2	1032
1451	1	Rtr2	2045
1452	1	Rtr2	2052
1453	1	Rtr2	2057
1454	1	Rtr2	1049
1455	1	Rtr2	27
1456	1	Rtr2	15
1457	1	Rtr2	24
1458	1	Rtr2	13
1459	1	Rtr2	17
1460	1	Rtr2	20
1461	1	Rtr2	20
1462	1	Rtr2	17
1463	1	Rtr2	17
1464	1	Rtr2	16
1465	1	Rtr2	22
1466	1	Rtr2	15
1467	1	Rtr2	16
1468	1	Rtr2	14
1469	1	Rtr2	13
1470	1	Rtr2	18
1471	1	Rtr2	1031
1472	1	Rtr2	2053
1473	1	Rtr2	2058
1474	1	Rtr2	2065
1475	1	Rtr2	1063
1476	1	Rtr2	42
1477	1	Rtr2	28
1478	1	Rtr2	14
1479	1	Rtr2	20
1480	1	Rtr2	16
1481	1	Rtr2	14
1482	1	Rtr2	18
1483	1	Rtr2	13
1484	1	Rtr2	13
1485	1	Rtr2	16
1486	1	Rtr2	16
1487	1	Rtr2	17
1488	1	Rtr2	17
1489	1	Rtr2	14
1490	1	Rtr2	11
1491	1	Rtr2	313
1492	1	Rtr2	1360
1493	1	Rtr2	2334
1494	1	Rtr2	2323
1495	1	Rtr2	2289
1496	1	Rtr2	1266
1497	1	Rtr2	235
1498	1	Rtr2	24
1499	1	Rtr2	12
1500	1	Rtr2	11
1501	1	Rtr2	15
1502	1	Rtr2	16
1503	1	Rtr2	25
1504	1	Rtr2	15
1505	1	Rtr2	15
1506	1	Rtr2	16
1507	1	Rtr2	18
1508	1	Rtr2	13
1509	1	Rtr2	20
1510	1	Rtr2	19
1511	1	Rtr2	18
1512	1	Rtr2	18
1513	1	Rtr2	1036
1514	1	Rtr2	2063
1515	1	Rtr2	2084
1516	1	Rtr2	2088
1517	1	Rtr2	1062
1518	1	Rtr2	27
1519	1	Rtr2	16
1520	1	Rtr2	15
1521	1	Rtr2	18
1522	1	Rtr2	15
1523	1	Rtr2	17
1524	1	Rtr2	15
1525	1	Rtr2	14
1526	1	Rtr2	14
1527	1	Rtr2	14
1528	1	Rtr2	16
1529	1	Rtr2	9
1530	1	Rtr2	13
1531	1	Rtr2	21
1532	1	Rtr2	19
1533	1	Rtr2	15
1534	1	Rtr2	1042
1535	1	Rtr2	2076
1536	1	Rtr2	2090
1537	1	Rtr2	2088
1538	1	Rtr2	1057
1539	1	Rtr2	30
1540	1	Rtr2	21
1541	1	Rtr2	14
1542	1	Rtr2	17
1543	1	Rtr2	17
1544	1	Rtr2	17
1545	1	Rtr2	13
1546	1	Rtr2	13
1547	1	Rtr2	301
1548	1	Rtr2	358
1549	1	Rtr2	315
1550	1	Rtr2	332
1551	1	Rtr2	244
1552	1	Rtr2	234
1553	1	Rtr2	186
1554	1	Rtr2	17
1555	1	Rtr2	1037
1556	1	Rtr2	2074
1557	1	Rtr2	2079
1558	1	Rtr2	2081
1559	1	Rtr2	1058
1560	1	Rtr2	23
1561	1	Rtr2	14
1562	1	Rtr2	16
1563	1	Rtr2	16
1564	1	Rtr2	361
1565	1	Rtr2	429
1566	1	Rtr2	451
1567	1	Rtr2	410
1568	1	Rtr2	271
1569	1	Rtr2	254
1570	1	Rtr2	257
1571	1	Rtr2	21
1572	1	Rtr2	13
1573	1	Rtr2	18
1574	1	Rtr2	16
1575	1	Rtr2	17
1576	1	Rtr2	1046
1577	1	Rtr2	2082
1578	1	Rtr2	2089
1579	1	Rtr2	2088
1580	1	Rtr2	1070
1581	1	Rtr2	36
1582	1	Rtr2	23
1583	1	Rtr2	16
1584	1	Rtr2	8
1585	1	Rtr2	14
1586	1	Rtr2	16
1587	1	Rtr2	17
1588	1	Rtr2	14
1589	1	Rtr2	11
1590	1	Rtr2	17
1591	1	Rtr2	23
1592	1	Rtr2	13
1593	1	Rtr2	14
1594	1	Rtr2	11
1595	1	Rtr2	15
1596	1	Rtr2	11
1597	1	Rtr2	1050
1598	1	Rtr2	2079
1599	1	Rtr2	2097
1600	1	Rtr2	2103
1601	1	Rtr2	1069
1602	1	Rtr2	38
1603	1	Rtr2	1043
1604	1	Rtr2	2089
1605	1	Rtr2	2107
1606	1	Rtr2	2107
1607	1	Rtr2	1073
1608	1	Rtr2	26
1609	1	Rtr2	17
1610	1	Rtr2	15
1611	1	Rtr2	15
1612	1	Rtr2	11
1613	1	Rtr2	13
1614	1	Rtr2	14
1615	1	Rtr2	11
1616	1	Rtr2	15
1617	1	Rtr2	17
1618	1	Rtr2	12
1619	1	Rtr2	12
1620	1	Rtr2	12
1621	1	Rtr2	13
1622	1	Rtr2	12
1623	1	Rtr2	352
1624	1	Rtr2	1347
1625	1	Rtr2	2392
1626	1	Rtr2	2396
1627	1	Rtr2	2329
1628	1	Rtr2	1258
1629	1	Rtr2	203
1630	1	Rtr2	19
1631	1	Rtr2	14
1632	1	Rtr2	12
1633	1	Rtr2	11
1634	1	Rtr2	11
1635	1	Rtr2	19
1636	1	Rtr2	15
1637	1	Rtr2	13
1638	1	Rtr2	12
1639	1	Rtr2	17
1640	1	Rtr2	14
1641	1	Rtr2	16
1642	1	Rtr2	15
1643	1	Rtr2	13
1644	1	Rtr2	18
1645	1	Rtr2	1045
1646	1	Rtr2	2086
1647	1	Rtr2	2116
1648	1	Rtr2	2110
1649	1	Rtr2	1083
1650	1	Rtr2	33
1651	1	Rtr2	13
1652	1	Rtr2	14
1653	1	Rtr2	13
1654	1	Rtr2	9
1655	1	Rtr2	12
1656	1	Rtr2	11
1657	1	Rtr2	13
1658	1	Rtr2	18
1659	1	Rtr2	8
1660	1	Rtr2	15
1661	1	Rtr2	15
1662	1	Rtr2	13
1663	1	Rtr2	12
1664	1	Rtr2	13
1665	1	Rtr2	17
1666	1	Rtr2	1059
1667	1	Rtr2	2107
1668	1	Rtr2	2118
1669	1	Rtr2	2112
1670	1	Rtr2	1076
1671	1	Rtr2	27
1672	1	Rtr2	15
1673	1	Rtr2	12
1674	1	Rtr2	17
1675	1	Rtr2	15
1676	1	Rtr2	17
1677	1	Rtr2	14
1678	1	Rtr2	14
1679	1	Rtr2	334
1680	1	Rtr2	348
1681	1	Rtr2	334
1682	1	Rtr2	299
1683	1	Rtr2	179
1684	1	Rtr2	175
1685	1	Rtr2	167
1686	1	Rtr2	14
1687	1	Rtr2	1057
1688	1	Rtr2	2112
1689	1	Rtr2	2122
1690	1	Rtr2	2131
1691	1	Rtr2	1083
1692	1	Rtr2	32
1693	1	Rtr2	13
1694	1	Rtr2	11
1695	1	Rtr2	13
1696	1	Rtr2	13
1697	1	Rtr2	12
1698	1	Rtr2	15
1699	1	Rtr2	10
1700	1	Rtr2	9
1701	1	Rtr2	15
1702	1	Rtr2	13
1703	1	Rtr2	8
1704	1	Rtr2	10
1705	1	Rtr2	15
1706	1	Rtr2	8
1707	1	Rtr2	13
1708	1	Rtr2	1062
1709	1	Rtr2	2113
1710	1	Rtr2	2130
1711	1	Rtr2	2135
1712	1	Rtr2	1086
1713	1	Rtr2	27
1714	1	Rtr2	11
1715	1	Rtr2	14
1716	1	Rtr2	13
1717	1	Rtr2	11
1718	1	Rtr2	16
1719	1	Rtr2	13
1720	1	Rtr2	15
1721	1	Rtr2	10
1722	1	Rtr2	11
1723	1	Rtr2	12
1724	1	Rtr2	14
1725	1	Rtr2	11
1726	1	Rtr2	15
1727	1	Rtr2	12
1728	1	Rtr2	12
1729	1	Rtr2	1061
1730	1	Rtr2	2120
1731	1	Rtr2	2130
1732	1	Rtr2	2132
1733	1	Rtr2	1079
1734	1	Rtr2	24
1735	1	Rtr2	14
1736	1	Rtr2	11
1737	1	Rtr2	15
1738	1	Rtr2	13
1739	1	Rtr2	15
1740	1	Rtr2	9
1741	1	Rtr2	12
1742	1	Rtr2	346
1743	1	Rtr2	386
1744	1	Rtr2	351
1745	1	Rtr2	298
1746	1	Rtr2	220
1747	1	Rtr2	215
1748	1	Rtr2	182
1749	1	Rtr2	16
1750	1	Rtr2	1064
1751	1	Rtr2	2122
1752	1	Rtr2	2136
1753	1	Rtr2	2133
1754	1	Rtr2	1084
1755	1	Rtr2	21
1756	1	Rtr2	11
1757	1	Rtr2	11
1758	1	Rtr2	14
1759	1	Rtr2	12
1760	1	Rtr2	16
1761	1	Rtr2	11
1762	1	Rtr2	12
1763	1	Rtr2	14
1764	1	Rtr2	10
1765	1	Rtr2	15
1766	1	Rtr2	8
1767	1	Rtr2	15
1768	1	Rtr2	13
1769	1	Rtr2	10
1770	1	Rtr2	312
1771	1	Rtr2	1384
1772	1	Rtr2	2441
1773	1	Rtr2	2393
1774	1	Rtr2	2338
1775	1	Rtr2	1281
1776	1	Rtr2	217
1777	1	Rtr2	19
1778	1	Rtr2	9
1779	1	Rtr2	9
1780	1	Rtr2	14
1781	1	Rtr2	17
1782	1	Rtr2	12
1783	1	Rtr2	12
1784	1	Rtr2	14
1785	1	Rtr2	12
1786	1	Rtr2	12
1787	1	Rtr2	14
1788	1	Rtr2	9
1789	1	Rtr2	15
1790	1	Rtr2	10
1791	1	Rtr2	11
1792	1	Rtr2	1069
1793	1	Rtr2	2134
1794	1	Rtr2	2148
1795	1	Rtr2	2149
1796	1	Rtr2	1094
1797	1	Rtr2	23
1798	1	Rtr2	12
1799	1	Rtr2	11
1800	1	Rtr2	8
1801	1	Rtr2	6
1802	1	Rtr2	12
1803	1	Rtr2	9
1804	1	Rtr2	6
1805	1	Rtr2	12
1806	1	Rtr2	15
1807	1	Rtr2	13
1808	1	Rtr2	12
1809	1	Rtr2	10
1810	1	Rtr2	11
1811	1	Rtr2	11
1812	1	Rtr2	8
1813	1	Rtr2	1072
1814	1	Rtr2	2144
1815	1	Rtr2	2156
1816	1	Rtr2	2158
1817	1	Rtr2	1098
1818	1	Rtr2	23
1819	1	Rtr2	10
1820	1	Rtr2	9
1821	1	Rtr2	9
1822	1	Rtr2	7
1823	1	Rtr2	12
1824	1	Rtr2	8
1825	1	Rtr2	11
1826	1	Rtr2	8
1827	1	Rtr2	10
1828	1	Rtr2	7
1829	1	Rtr2	12
1830	1	Rtr2	8
1831	1	Rtr2	11
1832	1	Rtr2	8
1833	1	Rtr2	7
1834	1	Rtr2	1075
1835	1	Rtr2	2150
1836	1	Rtr2	2161
1837	1	Rtr2	2165
1838	1	Rtr2	1094
1839	1	Rtr2	375
1840	1	Rtr2	430
1841	1	Rtr2	369
1842	1	Rtr2	343
1843	1	Rtr2	228
1844	1	Rtr2	221
1845	1	Rtr2	222
1846	1	Rtr2	12
1847	1	Rtr2	13
1848	1	Rtr2	11
1849	1	Rtr2	14
1850	1	Rtr2	8
1851	1	Rtr2	10
1852	1	Rtr2	11
1853	1	Rtr2	10
1854	1	Rtr2	8
1855	1	Rtr2	1075
1856	1	Rtr2	2153
1857	1	Rtr2	2165
1858	1	Rtr2	2162
1859	1	Rtr2	1095
1860	1	Rtr2	17
1861	1	Rtr2	7
1862	1	Rtr2	10
1863	1	Rtr2	8
1864	1	Rtr2	10
1865	1	Rtr2	6
1866	1	Rtr2	11
1867	1	Rtr2	8
1868	1	Rtr2	9
1869	1	Rtr2	8
1870	1	Rtr2	12
1871	1	Rtr2	9
1872	1	Rtr2	12
1873	1	Rtr2	11
1874	1	Rtr2	9
1875	1	Rtr2	9
1876	1	Rtr2	1076
1877	1	Rtr2	2156
1878	1	Rtr2	2177
1879	1	Rtr2	2169
1880	1	Rtr2	1101
1881	1	Rtr2	26
1882	1	Rtr2	9
1883	1	Rtr2	10
1884	1	Rtr2	13
1885	1	Rtr2	12
1886	1	Rtr2	9
1887	1	Rtr2	9
1888	1	Rtr2	13
1889	1	Rtr2	10
1890	1	Rtr2	11
1891	1	Rtr2	347
1892	1	Rtr2	310
1893	1	Rtr2	312
1894	1	Rtr2	294
1895	1	Rtr2	244
1896	1	Rtr2	238
1897	1	Rtr2	1307
1898	1	Rtr2	2166
1899	1	Rtr2	2176
1900	1	Rtr2	2177
1901	1	Rtr2	1105
1902	1	Rtr2	21
1903	1	Rtr2	1085
1904	1	Rtr2	2167
1905	1	Rtr2	2179
1906	1	Rtr2	2179
1907	1	Rtr2	1105
1908	1	Rtr2	21
1909	1	Rtr2	9
1910	1	Rtr2	9
1911	1	Rtr2	13
1912	1	Rtr2	10
1913	1	Rtr2	12
1914	1	Rtr2	10
1915	1	Rtr2	9
1916	1	Rtr2	8
1917	1	Rtr2	9
1918	1	Rtr2	12
1919	1	Rtr2	9
1920	1	Rtr2	9
1921	1	Rtr2	9
1922	1	Rtr2	8
1923	1	Rtr2	9
1924	1	Rtr2	1088
1925	1	Rtr2	2175
1926	1	Rtr2	2189
1927	1	Rtr2	2189
1928	1	Rtr2	1104
1929	1	Rtr2	19
1930	1	Rtr2	9
1931	1	Rtr2	11
1932	1	Rtr2	8
1933	1	Rtr2	14
1934	1	Rtr2	8
1935	1	Rtr2	6
1936	1	Rtr2	8
1937	1	Rtr2	384
1938	1	Rtr2	437
1939	1	Rtr2	410
1940	1	Rtr2	373
1941	1	Rtr2	314
1942	1	Rtr2	306
1943	1	Rtr2	275
1944	1	Rtr2	16
1945	1	Rtr2	1089
1946	1	Rtr2	2184
1947	1	Rtr2	2191
1948	1	Rtr2	2193
1949	1	Rtr2	1112
1950	1	Rtr2	24
1951	1	Rtr2	11
1952	1	Rtr2	10
1953	1	Rtr2	10
1954	1	Rtr2	8
1955	1	Rtr2	10
1956	1	Rtr2	8
1957	1	Rtr2	9
1958	1	Rtr2	6
1959	1	Rtr2	10
1960	1	Rtr2	9
1961	1	Rtr2	5
1962	1	Rtr2	6
1963	1	Rtr2	9
1964	1	Rtr2	7
1965	1	Rtr2	6
1966	1	Rtr2	1093
1967	1	Rtr2	2186
1968	1	Rtr2	2198
1969	1	Rtr2	2197
1970	1	Rtr2	1116
1971	1	Rtr2	22
1972	1	Rtr2	9
1973	1	Rtr2	11
1974	1	Rtr2	8
1975	1	Rtr2	10
1976	1	Rtr2	7
1977	1	Rtr2	7
1978	1	Rtr2	7
1979	1	Rtr2	9
1980	1	Rtr2	11
1981	1	Rtr2	8
1982	1	Rtr2	8
1983	1	Rtr2	6
1984	1	Rtr2	10
1985	1	Rtr2	10
1986	1	Rtr2	6
1987	1	Rtr2	1094
1988	1	Rtr2	2190
1989	1	Rtr2	2202
1990	1	Rtr2	2203
1991	1	Rtr2	1120
1992	1	Rtr2	19
1993	1	Rtr2	381
1994	1	Rtr2	343
1995	1	Rtr2	353
1996	1	Rtr2	303
1997	1	Rtr2	220
1998	1	Rtr2	201
1999	1	Rtr2	196
