Time	Node	PitItems
1	1	Rtr2	110
2	1	Rtr2	55
3	1	Rtr2	840
4	1	Rtr2	1637
5	1	Rtr2	1615
6	1	Rtr2	1611
7	1	Rtr2	826
8	1	Rtr2	27
9	1	Rtr2	10
10	1	Rtr2	9
11	1	Rtr2	12
12	1	Rtr2	9
13	1	Rtr2	11
14	1	Rtr2	10
15	1	Rtr2	5
16	1	Rtr2	8
17	1	Rtr2	8
18	1	Rtr2	12
19	1	Rtr2	9
20	1	Rtr2	4
21	1	Rtr2	9
22	1	Rtr2	10
23	1	Rtr2	9
24	1	Rtr2	797
25	1	Rtr2	1589
26	1	Rtr2	1597
27	1	Rtr2	1601
28	1	Rtr2	810
29	1	Rtr2	15
30	1	Rtr2	9
31	1	Rtr2	6
32	1	Rtr2	7
33	1	Rtr2	8
34	1	Rtr2	9
35	1	Rtr2	9
36	1	Rtr2	6
37	1	Rtr2	6
38	1	Rtr2	7
39	1	Rtr2	6
40	1	Rtr2	8
41	1	Rtr2	11
42	1	Rtr2	5
43	1	Rtr2	11
44	1	Rtr2	9
45	1	Rtr2	795
46	1	Rtr2	1584
47	1	Rtr2	1595
48	1	Rtr2	1596
49	1	Rtr2	809
50	1	Rtr2	15
51	1	Rtr2	6
52	1	Rtr2	8
53	1	Rtr2	11
54	1	Rtr2	12
55	1	Rtr2	10
56	1	Rtr2	102
57	1	Rtr2	60
58	1	Rtr2	57
59	1	Rtr2	55
60	1	Rtr2	9
61	1	Rtr2	9
62	1	Rtr2	9
63	1	Rtr2	7
64	1	Rtr2	11
65	1	Rtr2	10
66	1	Rtr2	788
67	1	Rtr2	1579
68	1	Rtr2	1587
69	1	Rtr2	1589
70	1	Rtr2	806
71	1	Rtr2	21
72	1	Rtr2	10
73	1	Rtr2	9
74	1	Rtr2	10
75	1	Rtr2	13
76	1	Rtr2	9
77	1	Rtr2	8
78	1	Rtr2	7
79	1	Rtr2	10
80	1	Rtr2	10
81	1	Rtr2	7
82	1	Rtr2	10
83	1	Rtr2	7
84	1	Rtr2	10
85	1	Rtr2	8
86	1	Rtr2	11
87	1	Rtr2	785
88	1	Rtr2	1565
89	1	Rtr2	1577
90	1	Rtr2	1577
91	1	Rtr2	807
92	1	Rtr2	20
93	1	Rtr2	7
94	1	Rtr2	7
95	1	Rtr2	11
96	1	Rtr2	8
97	1	Rtr2	8
98	1	Rtr2	8
99	1	Rtr2	11
100	1	Rtr2	10
101	1	Rtr2	6
102	1	Rtr2	10
103	1	Rtr2	11
104	1	Rtr2	7
105	1	Rtr2	7
106	1	Rtr2	10
107	1	Rtr2	9
108	1	Rtr2	777
109	1	Rtr2	1562
110	1	Rtr2	1571
111	1	Rtr2	1657
112	1	Rtr2	854
113	1	Rtr2	71
114	1	Rtr2	61
115	1	Rtr2	11
116	1	Rtr2	7
117	1	Rtr2	9
118	1	Rtr2	11
119	1	Rtr2	8
120	1	Rtr2	9
121	1	Rtr2	10
122	1	Rtr2	11
123	1	Rtr2	11
124	1	Rtr2	8
125	1	Rtr2	10
126	1	Rtr2	13
127	1	Rtr2	10
128	1	Rtr2	10
129	1	Rtr2	781
130	1	Rtr2	1556
131	1	Rtr2	1563
132	1	Rtr2	1563
133	1	Rtr2	794
134	1	Rtr2	19
135	1	Rtr2	9
136	1	Rtr2	10
137	1	Rtr2	12
138	1	Rtr2	12
139	1	Rtr2	8
140	1	Rtr2	10
141	1	Rtr2	10
142	1	Rtr2	8
143	1	Rtr2	6
144	1	Rtr2	12
145	1	Rtr2	10
146	1	Rtr2	9
147	1	Rtr2	13
148	1	Rtr2	13
149	1	Rtr2	10
150	1	Rtr2	779
151	1	Rtr2	1550
152	1	Rtr2	1559
153	1	Rtr2	1552
154	1	Rtr2	791
155	1	Rtr2	23
156	1	Rtr2	15
157	1	Rtr2	13
158	1	Rtr2	6
159	1	Rtr2	11
160	1	Rtr2	10
161	1	Rtr2	129
162	1	Rtr2	89
163	1	Rtr2	90
164	1	Rtr2	83
165	1	Rtr2	14
166	1	Rtr2	12
167	1	Rtr2	8
168	1	Rtr2	13
169	1	Rtr2	10
170	1	Rtr2	8
171	1	Rtr2	773
172	1	Rtr2	1540
173	1	Rtr2	1548
174	1	Rtr2	1551
175	1	Rtr2	788
176	1	Rtr2	26
177	1	Rtr2	16
178	1	Rtr2	12
179	1	Rtr2	12
180	1	Rtr2	12
181	1	Rtr2	16
182	1	Rtr2	11
183	1	Rtr2	13
184	1	Rtr2	8
185	1	Rtr2	12
186	1	Rtr2	6
187	1	Rtr2	8
188	1	Rtr2	14
189	1	Rtr2	12
190	1	Rtr2	6
191	1	Rtr2	9
192	1	Rtr2	770
193	1	Rtr2	1534
194	1	Rtr2	1538
195	1	Rtr2	1540
196	1	Rtr2	787
197	1	Rtr2	19
198	1	Rtr2	8
199	1	Rtr2	11
200	1	Rtr2	9
201	1	Rtr2	8
202	1	Rtr2	9
203	1	Rtr2	8
204	1	Rtr2	10
205	1	Rtr2	11
206	1	Rtr2	12
207	1	Rtr2	10
208	1	Rtr2	10
209	1	Rtr2	9
210	1	Rtr2	8
211	1	Rtr2	12
212	1	Rtr2	10
213	1	Rtr2	767
214	1	Rtr2	1523
215	1	Rtr2	1535
216	1	Rtr2	1530
217	1	Rtr2	780
218	1	Rtr2	19
219	1	Rtr2	12
220	1	Rtr2	13
221	1	Rtr2	113
222	1	Rtr2	69
223	1	Rtr2	67
224	1	Rtr2	63
225	1	Rtr2	10
226	1	Rtr2	11
227	1	Rtr2	9
228	1	Rtr2	11
229	1	Rtr2	7
230	1	Rtr2	11
231	1	Rtr2	9
232	1	Rtr2	14
233	1	Rtr2	12
234	1	Rtr2	762
235	1	Rtr2	1520
236	1	Rtr2	1531
237	1	Rtr2	1529
238	1	Rtr2	775
239	1	Rtr2	18
240	1	Rtr2	11
241	1	Rtr2	13
242	1	Rtr2	12
243	1	Rtr2	12
244	1	Rtr2	10
245	1	Rtr2	10
246	1	Rtr2	12
247	1	Rtr2	14
248	1	Rtr2	14
249	1	Rtr2	13
250	1	Rtr2	12
251	1	Rtr2	9
252	1	Rtr2	10
253	1	Rtr2	17
254	1	Rtr2	12
255	1	Rtr2	758
256	1	Rtr2	1512
257	1	Rtr2	1519
258	1	Rtr2	1515
259	1	Rtr2	773
260	1	Rtr2	20
261	1	Rtr2	13
262	1	Rtr2	8
263	1	Rtr2	11
264	1	Rtr2	12
265	1	Rtr2	9
266	1	Rtr2	116
267	1	Rtr2	70
268	1	Rtr2	67
269	1	Rtr2	70
270	1	Rtr2	12
271	1	Rtr2	16
272	1	Rtr2	16
273	1	Rtr2	15
274	1	Rtr2	11
275	1	Rtr2	6
276	1	Rtr2	750
277	1	Rtr2	1499
278	1	Rtr2	1516
279	1	Rtr2	1506
280	1	Rtr2	771
281	1	Rtr2	22
282	1	Rtr2	14
283	1	Rtr2	14
284	1	Rtr2	14
285	1	Rtr2	14
286	1	Rtr2	12
287	1	Rtr2	15
288	1	Rtr2	13
289	1	Rtr2	11
290	1	Rtr2	12
291	1	Rtr2	13
292	1	Rtr2	12
293	1	Rtr2	14
294	1	Rtr2	12
295	1	Rtr2	12
296	1	Rtr2	9
297	1	Rtr2	752
298	1	Rtr2	1494
299	1	Rtr2	1503
300	1	Rtr2	1507
301	1	Rtr2	772
302	1	Rtr2	24
303	1	Rtr2	747
304	1	Rtr2	1487
305	1	Rtr2	1501
306	1	Rtr2	1495
307	1	Rtr2	766
308	1	Rtr2	23
309	1	Rtr2	13
310	1	Rtr2	11
311	1	Rtr2	8
312	1	Rtr2	12
313	1	Rtr2	14
314	1	Rtr2	11
315	1	Rtr2	14
316	1	Rtr2	16
317	1	Rtr2	12
318	1	Rtr2	16
319	1	Rtr2	13
320	1	Rtr2	17
321	1	Rtr2	138
322	1	Rtr2	100
323	1	Rtr2	90
324	1	Rtr2	825
325	1	Rtr2	1482
326	1	Rtr2	1487
327	1	Rtr2	1488
328	1	Rtr2	755
329	1	Rtr2	20
330	1	Rtr2	15
331	1	Rtr2	14
332	1	Rtr2	9
333	1	Rtr2	14
334	1	Rtr2	9
335	1	Rtr2	10
336	1	Rtr2	11
337	1	Rtr2	14
338	1	Rtr2	15
339	1	Rtr2	16
340	1	Rtr2	16
341	1	Rtr2	12
342	1	Rtr2	14
343	1	Rtr2	13
344	1	Rtr2	12
345	1	Rtr2	741
346	1	Rtr2	1474
347	1	Rtr2	1482
348	1	Rtr2	1479
349	1	Rtr2	758
350	1	Rtr2	22
351	1	Rtr2	12
352	1	Rtr2	11
353	1	Rtr2	9
354	1	Rtr2	15
355	1	Rtr2	12
356	1	Rtr2	15
357	1	Rtr2	12
358	1	Rtr2	13
359	1	Rtr2	11
360	1	Rtr2	12
361	1	Rtr2	14
362	1	Rtr2	14
363	1	Rtr2	14
364	1	Rtr2	19
365	1	Rtr2	13
366	1	Rtr2	741
367	1	Rtr2	1469
368	1	Rtr2	1473
369	1	Rtr2	1473
370	1	Rtr2	749
371	1	Rtr2	25
372	1	Rtr2	20
373	1	Rtr2	14
374	1	Rtr2	9
375	1	Rtr2	12
376	1	Rtr2	143
377	1	Rtr2	103
378	1	Rtr2	100
379	1	Rtr2	95
380	1	Rtr2	13
381	1	Rtr2	14
382	1	Rtr2	13
383	1	Rtr2	16
384	1	Rtr2	10
385	1	Rtr2	9
386	1	Rtr2	13
387	1	Rtr2	735
388	1	Rtr2	1461
389	1	Rtr2	1464
390	1	Rtr2	1477
391	1	Rtr2	755
392	1	Rtr2	23
393	1	Rtr2	15
394	1	Rtr2	15
395	1	Rtr2	14
396	1	Rtr2	18
397	1	Rtr2	14
398	1	Rtr2	15
399	1	Rtr2	14
400	1	Rtr2	16
401	1	Rtr2	9
402	1	Rtr2	9
403	1	Rtr2	18
404	1	Rtr2	18
405	1	Rtr2	19
406	1	Rtr2	11
407	1	Rtr2	18
408	1	Rtr2	735
409	1	Rtr2	1448
410	1	Rtr2	1460
411	1	Rtr2	1462
412	1	Rtr2	747
413	1	Rtr2	22
414	1	Rtr2	14
415	1	Rtr2	11
416	1	Rtr2	17
417	1	Rtr2	16
418	1	Rtr2	19
419	1	Rtr2	12
420	1	Rtr2	13
421	1	Rtr2	16
422	1	Rtr2	19
423	1	Rtr2	13
424	1	Rtr2	17
425	1	Rtr2	15
426	1	Rtr2	16
427	1	Rtr2	10
428	1	Rtr2	15
429	1	Rtr2	731
430	1	Rtr2	1453
431	1	Rtr2	1458
432	1	Rtr2	1464
433	1	Rtr2	865
434	1	Rtr2	108
435	1	Rtr2	91
436	1	Rtr2	88
437	1	Rtr2	19
438	1	Rtr2	14
439	1	Rtr2	15
440	1	Rtr2	12
441	1	Rtr2	15
442	1	Rtr2	14
443	1	Rtr2	19
444	1	Rtr2	15
445	1	Rtr2	15
446	1	Rtr2	15
447	1	Rtr2	15
448	1	Rtr2	14
449	1	Rtr2	13
450	1	Rtr2	721
451	1	Rtr2	1433
452	1	Rtr2	1450
453	1	Rtr2	1447
454	1	Rtr2	735
455	1	Rtr2	22
456	1	Rtr2	17
457	1	Rtr2	16
458	1	Rtr2	10
459	1	Rtr2	19
460	1	Rtr2	14
461	1	Rtr2	18
462	1	Rtr2	17
463	1	Rtr2	15
464	1	Rtr2	19
465	1	Rtr2	12
466	1	Rtr2	13
467	1	Rtr2	19
468	1	Rtr2	14
469	1	Rtr2	16
470	1	Rtr2	9
471	1	Rtr2	716
472	1	Rtr2	1428
473	1	Rtr2	1436
474	1	Rtr2	1432
475	1	Rtr2	739
476	1	Rtr2	24
477	1	Rtr2	17
478	1	Rtr2	13
479	1	Rtr2	12
480	1	Rtr2	17
481	1	Rtr2	18
482	1	Rtr2	15
483	1	Rtr2	13
484	1	Rtr2	21
485	1	Rtr2	16
486	1	Rtr2	16
487	1	Rtr2	16
488	1	Rtr2	17
489	1	Rtr2	17
490	1	Rtr2	14
491	1	Rtr2	155
492	1	Rtr2	807
493	1	Rtr2	1503
494	1	Rtr2	1514
495	1	Rtr2	1437
496	1	Rtr2	737
497	1	Rtr2	38
498	1	Rtr2	14
499	1	Rtr2	16
500	1	Rtr2	14
501	1	Rtr2	15
502	1	Rtr2	17
503	1	Rtr2	17
504	1	Rtr2	15
505	1	Rtr2	16
506	1	Rtr2	12
507	1	Rtr2	10
508	1	Rtr2	15
509	1	Rtr2	16
510	1	Rtr2	16
511	1	Rtr2	22
512	1	Rtr2	19
513	1	Rtr2	712
514	1	Rtr2	1415
515	1	Rtr2	1431
516	1	Rtr2	1432
517	1	Rtr2	732
518	1	Rtr2	30
519	1	Rtr2	11
520	1	Rtr2	13
521	1	Rtr2	20
522	1	Rtr2	20
523	1	Rtr2	15
524	1	Rtr2	16
525	1	Rtr2	11
526	1	Rtr2	12
527	1	Rtr2	21
528	1	Rtr2	19
529	1	Rtr2	22
530	1	Rtr2	24
531	1	Rtr2	14
532	1	Rtr2	23
533	1	Rtr2	19
534	1	Rtr2	709
535	1	Rtr2	1409
536	1	Rtr2	1421
537	1	Rtr2	1426
538	1	Rtr2	721
539	1	Rtr2	28
540	1	Rtr2	12
541	1	Rtr2	19
542	1	Rtr2	18
543	1	Rtr2	18
544	1	Rtr2	18
545	1	Rtr2	20
546	1	Rtr2	19
547	1	Rtr2	151
548	1	Rtr2	109
549	1	Rtr2	100
550	1	Rtr2	102
551	1	Rtr2	21
552	1	Rtr2	24
553	1	Rtr2	20
554	1	Rtr2	13
555	1	Rtr2	710
556	1	Rtr2	1405
557	1	Rtr2	1410
558	1	Rtr2	1412
559	1	Rtr2	716
560	1	Rtr2	33
561	1	Rtr2	17
562	1	Rtr2	14
563	1	Rtr2	16
564	1	Rtr2	161
565	1	Rtr2	160
566	1	Rtr2	141
567	1	Rtr2	146
568	1	Rtr2	23
569	1	Rtr2	21
570	1	Rtr2	20
571	1	Rtr2	15
572	1	Rtr2	23
573	1	Rtr2	19
574	1	Rtr2	25
575	1	Rtr2	20
576	1	Rtr2	700
577	1	Rtr2	1387
578	1	Rtr2	1399
579	1	Rtr2	1401
580	1	Rtr2	728
581	1	Rtr2	43
582	1	Rtr2	27
583	1	Rtr2	22
584	1	Rtr2	18
585	1	Rtr2	20
586	1	Rtr2	22
587	1	Rtr2	21
588	1	Rtr2	17
589	1	Rtr2	13
590	1	Rtr2	18
591	1	Rtr2	18
592	1	Rtr2	27
593	1	Rtr2	20
594	1	Rtr2	17
595	1	Rtr2	18
596	1	Rtr2	21
597	1	Rtr2	701
598	1	Rtr2	1391
599	1	Rtr2	1392
600	1	Rtr2	1403
601	1	Rtr2	730
602	1	Rtr2	38
603	1	Rtr2	696
604	1	Rtr2	1383
605	1	Rtr2	1398
606	1	Rtr2	1396
607	1	Rtr2	718
608	1	Rtr2	37
609	1	Rtr2	27
610	1	Rtr2	29
611	1	Rtr2	27
612	1	Rtr2	17
613	1	Rtr2	22
614	1	Rtr2	31
615	1	Rtr2	29
616	1	Rtr2	20
617	1	Rtr2	22
618	1	Rtr2	22
619	1	Rtr2	19
620	1	Rtr2	22
621	1	Rtr2	22
622	1	Rtr2	26
623	1	Rtr2	180
624	1	Rtr2	805
625	1	Rtr2	1489
626	1	Rtr2	1486
627	1	Rtr2	1401
628	1	Rtr2	713
629	1	Rtr2	34
630	1	Rtr2	29
631	1	Rtr2	23
632	1	Rtr2	22
633	1	Rtr2	30
634	1	Rtr2	22
635	1	Rtr2	30
636	1	Rtr2	13
637	1	Rtr2	20
638	1	Rtr2	20
639	1	Rtr2	18
640	1	Rtr2	18
641	1	Rtr2	28
642	1	Rtr2	35
643	1	Rtr2	27
644	1	Rtr2	25
645	1	Rtr2	691
646	1	Rtr2	1364
647	1	Rtr2	1371
648	1	Rtr2	1370
649	1	Rtr2	708
650	1	Rtr2	32
651	1	Rtr2	20
652	1	Rtr2	20
653	1	Rtr2	21
654	1	Rtr2	17
655	1	Rtr2	24
656	1	Rtr2	21
657	1	Rtr2	20
658	1	Rtr2	17
659	1	Rtr2	21
660	1	Rtr2	23
661	1	Rtr2	21
662	1	Rtr2	26
663	1	Rtr2	24
664	1	Rtr2	21
665	1	Rtr2	19
666	1	Rtr2	686
667	1	Rtr2	1354
668	1	Rtr2	1364
669	1	Rtr2	1359
670	1	Rtr2	709
671	1	Rtr2	36
672	1	Rtr2	35
673	1	Rtr2	25
674	1	Rtr2	23
675	1	Rtr2	24
676	1	Rtr2	19
677	1	Rtr2	19
678	1	Rtr2	23
679	1	Rtr2	173
680	1	Rtr2	171
681	1	Rtr2	150
682	1	Rtr2	156
683	1	Rtr2	33
684	1	Rtr2	19
685	1	Rtr2	27
686	1	Rtr2	31
687	1	Rtr2	678
688	1	Rtr2	1338
689	1	Rtr2	1352
690	1	Rtr2	1370
691	1	Rtr2	700
692	1	Rtr2	54
693	1	Rtr2	42
694	1	Rtr2	34
695	1	Rtr2	35
696	1	Rtr2	25
697	1	Rtr2	27
698	1	Rtr2	23
699	1	Rtr2	24
700	1	Rtr2	32
701	1	Rtr2	29
702	1	Rtr2	46
703	1	Rtr2	32
704	1	Rtr2	24
705	1	Rtr2	35
706	1	Rtr2	24
707	1	Rtr2	26
708	1	Rtr2	683
709	1	Rtr2	1344
710	1	Rtr2	1357
711	1	Rtr2	1360
712	1	Rtr2	711
713	1	Rtr2	49
714	1	Rtr2	33
715	1	Rtr2	34
716	1	Rtr2	40
717	1	Rtr2	40
718	1	Rtr2	20
719	1	Rtr2	23
720	1	Rtr2	27
721	1	Rtr2	33
722	1	Rtr2	28
723	1	Rtr2	17
724	1	Rtr2	27
725	1	Rtr2	24
726	1	Rtr2	20
727	1	Rtr2	18
728	1	Rtr2	25
729	1	Rtr2	684
730	1	Rtr2	1359
731	1	Rtr2	1358
732	1	Rtr2	1356
733	1	Rtr2	695
734	1	Rtr2	45
735	1	Rtr2	38
736	1	Rtr2	32
737	1	Rtr2	41
738	1	Rtr2	24
739	1	Rtr2	25
740	1	Rtr2	19
741	1	Rtr2	19
742	1	Rtr2	178
743	1	Rtr2	141
744	1	Rtr2	124
745	1	Rtr2	126
746	1	Rtr2	35
747	1	Rtr2	33
748	1	Rtr2	24
749	1	Rtr2	16
750	1	Rtr2	676
751	1	Rtr2	1338
752	1	Rtr2	1338
753	1	Rtr2	1343
754	1	Rtr2	718
755	1	Rtr2	70
756	1	Rtr2	58
757	1	Rtr2	57
758	1	Rtr2	23
759	1	Rtr2	29
760	1	Rtr2	29
761	1	Rtr2	37
762	1	Rtr2	17
763	1	Rtr2	18
764	1	Rtr2	20
765	1	Rtr2	31
766	1	Rtr2	39
767	1	Rtr2	15
768	1	Rtr2	25
769	1	Rtr2	22
770	1	Rtr2	176
771	1	Rtr2	777
772	1	Rtr2	1413
773	1	Rtr2	1417
774	1	Rtr2	1323
775	1	Rtr2	696
776	1	Rtr2	53
777	1	Rtr2	52
778	1	Rtr2	31
779	1	Rtr2	26
780	1	Rtr2	43
781	1	Rtr2	31
782	1	Rtr2	20
783	1	Rtr2	23
784	1	Rtr2	20
785	1	Rtr2	40
786	1	Rtr2	39
787	1	Rtr2	38
788	1	Rtr2	28
789	1	Rtr2	22
790	1	Rtr2	38
791	1	Rtr2	32
792	1	Rtr2	685
793	1	Rtr2	1315
794	1	Rtr2	1319
795	1	Rtr2	1333
796	1	Rtr2	702
797	1	Rtr2	71
798	1	Rtr2	43
799	1	Rtr2	28
800	1	Rtr2	34
801	1	Rtr2	52
802	1	Rtr2	36
803	1	Rtr2	33
804	1	Rtr2	28
805	1	Rtr2	26
806	1	Rtr2	40
807	1	Rtr2	44
808	1	Rtr2	28
809	1	Rtr2	23
810	1	Rtr2	35
811	1	Rtr2	32
812	1	Rtr2	31
813	1	Rtr2	663
814	1	Rtr2	1303
815	1	Rtr2	1326
816	1	Rtr2	1325
817	1	Rtr2	698
818	1	Rtr2	59
819	1	Rtr2	43
820	1	Rtr2	62
821	1	Rtr2	62
822	1	Rtr2	53
823	1	Rtr2	29
824	1	Rtr2	29
825	1	Rtr2	40
826	1	Rtr2	47
827	1	Rtr2	30
828	1	Rtr2	42
829	1	Rtr2	22
830	1	Rtr2	28
831	1	Rtr2	45
832	1	Rtr2	33
833	1	Rtr2	24
834	1	Rtr2	654
835	1	Rtr2	1303
836	1	Rtr2	1330
837	1	Rtr2	1326
838	1	Rtr2	695
839	1	Rtr2	185
840	1	Rtr2	165
841	1	Rtr2	186
842	1	Rtr2	175
843	1	Rtr2	53
844	1	Rtr2	38
845	1	Rtr2	40
846	1	Rtr2	50
847	1	Rtr2	43
848	1	Rtr2	34
849	1	Rtr2	36
850	1	Rtr2	42
851	1	Rtr2	36
852	1	Rtr2	29
853	1	Rtr2	22
854	1	Rtr2	34
855	1	Rtr2	668
856	1	Rtr2	1296
857	1	Rtr2	1303
858	1	Rtr2	1303
859	1	Rtr2	680
860	1	Rtr2	64
861	1	Rtr2	53
862	1	Rtr2	68
863	1	Rtr2	62
864	1	Rtr2	42
865	1	Rtr2	65
866	1	Rtr2	52
867	1	Rtr2	43
868	1	Rtr2	46
869	1	Rtr2	24
870	1	Rtr2	41
871	1	Rtr2	34
872	1	Rtr2	32
873	1	Rtr2	23
874	1	Rtr2	31
875	1	Rtr2	47
876	1	Rtr2	664
877	1	Rtr2	1291
878	1	Rtr2	1296
879	1	Rtr2	1290
880	1	Rtr2	692
881	1	Rtr2	76
882	1	Rtr2	68
883	1	Rtr2	52
884	1	Rtr2	39
885	1	Rtr2	63
886	1	Rtr2	47
887	1	Rtr2	49
888	1	Rtr2	35
889	1	Rtr2	44
890	1	Rtr2	66
891	1	Rtr2	191
892	1	Rtr2	156
893	1	Rtr2	142
894	1	Rtr2	140
895	1	Rtr2	83
896	1	Rtr2	77
897	1	Rtr2	686
898	1	Rtr2	1281
899	1	Rtr2	1280
900	1	Rtr2	1301
901	1	Rtr2	694
902	1	Rtr2	89
903	1	Rtr2	654
904	1	Rtr2	1273
905	1	Rtr2	1301
906	1	Rtr2	1301
907	1	Rtr2	683
908	1	Rtr2	63
909	1	Rtr2	46
910	1	Rtr2	65
911	1	Rtr2	65
912	1	Rtr2	79
913	1	Rtr2	56
914	1	Rtr2	38
915	1	Rtr2	57
916	1	Rtr2	59
917	1	Rtr2	58
918	1	Rtr2	30
919	1	Rtr2	35
920	1	Rtr2	46
921	1	Rtr2	64
922	1	Rtr2	46
923	1	Rtr2	48
924	1	Rtr2	641
925	1	Rtr2	1285
926	1	Rtr2	1284
927	1	Rtr2	1281
928	1	Rtr2	674
929	1	Rtr2	67
930	1	Rtr2	80
931	1	Rtr2	79
932	1	Rtr2	70
933	1	Rtr2	46
934	1	Rtr2	40
935	1	Rtr2	59
936	1	Rtr2	63
937	1	Rtr2	195
938	1	Rtr2	159
939	1	Rtr2	147
940	1	Rtr2	155
941	1	Rtr2	68
942	1	Rtr2	74
943	1	Rtr2	42
944	1	Rtr2	44
945	1	Rtr2	654
946	1	Rtr2	1271
947	1	Rtr2	1277
948	1	Rtr2	1263
949	1	Rtr2	656
950	1	Rtr2	74
951	1	Rtr2	61
952	1	Rtr2	49
953	1	Rtr2	48
954	1	Rtr2	40
955	1	Rtr2	46
956	1	Rtr2	40
957	1	Rtr2	41
958	1	Rtr2	49
959	1	Rtr2	18
960	1	Rtr2	44
961	1	Rtr2	41
962	1	Rtr2	47
963	1	Rtr2	43
964	1	Rtr2	40
965	1	Rtr2	62
966	1	Rtr2	654
967	1	Rtr2	1255
968	1	Rtr2	1249
969	1	Rtr2	1253
970	1	Rtr2	693
971	1	Rtr2	66
972	1	Rtr2	61
973	1	Rtr2	44
974	1	Rtr2	45
975	1	Rtr2	61
976	1	Rtr2	55
977	1	Rtr2	52
978	1	Rtr2	39
979	1	Rtr2	35
980	1	Rtr2	57
981	1	Rtr2	43
982	1	Rtr2	43
983	1	Rtr2	36
984	1	Rtr2	41
985	1	Rtr2	74
986	1	Rtr2	66
987	1	Rtr2	663
988	1	Rtr2	1235
989	1	Rtr2	1245
990	1	Rtr2	1268
991	1	Rtr2	686
992	1	Rtr2	90
993	1	Rtr2	175
994	1	Rtr2	140
995	1	Rtr2	165
996	1	Rtr2	164
997	1	Rtr2	82
998	1	Rtr2	40
999	1	Rtr2	46
1000	1	Rtr2	82
1001	1	Rtr2	203
1002	1	Rtr2	173
1003	1	Rtr2	733
1004	1	Rtr2	1336
1005	1	Rtr2	1271
1006	1	Rtr2	1267
1007	1	Rtr2	682
1008	1	Rtr2	67
1009	1	Rtr2	61
1010	1	Rtr2	79
1011	1	Rtr2	95
1012	1	Rtr2	91
1013	1	Rtr2	53
1014	1	Rtr2	42
1015	1	Rtr2	69
1016	1	Rtr2	63
1017	1	Rtr2	66
1018	1	Rtr2	41
1019	1	Rtr2	43
1020	1	Rtr2	81
1021	1	Rtr2	75
1022	1	Rtr2	64
1023	1	Rtr2	47
1024	1	Rtr2	625
1025	1	Rtr2	1245
1026	1	Rtr2	1252
1027	1	Rtr2	1248
1028	1	Rtr2	658
1029	1	Rtr2	65
1030	1	Rtr2	83
1031	1	Rtr2	70
1032	1	Rtr2	55
1033	1	Rtr2	31
1034	1	Rtr2	39
1035	1	Rtr2	55
1036	1	Rtr2	76
1037	1	Rtr2	62
1038	1	Rtr2	43
1039	1	Rtr2	56
1040	1	Rtr2	73
1041	1	Rtr2	88
1042	1	Rtr2	78
1043	1	Rtr2	35
1044	1	Rtr2	51
1045	1	Rtr2	660
1046	1	Rtr2	1246
1047	1	Rtr2	1249
1048	1	Rtr2	1235
1049	1	Rtr2	656
1050	1	Rtr2	91
1051	1	Rtr2	93
1052	1	Rtr2	86
1053	1	Rtr2	51
1054	1	Rtr2	26
1055	1	Rtr2	55
1056	1	Rtr2	209
1057	1	Rtr2	171
1058	1	Rtr2	174
1059	1	Rtr2	165
1060	1	Rtr2	100
1061	1	Rtr2	99
1062	1	Rtr2	82
1063	1	Rtr2	60
1064	1	Rtr2	43
1065	1	Rtr2	70
1066	1	Rtr2	650
1067	1	Rtr2	1243
1068	1	Rtr2	1220
1069	1	Rtr2	1222
1070	1	Rtr2	682
1071	1	Rtr2	99
1072	1	Rtr2	82
1073	1	Rtr2	53
1074	1	Rtr2	60
1075	1	Rtr2	89
1076	1	Rtr2	85
1077	1	Rtr2	90
1078	1	Rtr2	63
1079	1	Rtr2	53
1080	1	Rtr2	74
1081	1	Rtr2	54
1082	1	Rtr2	66
1083	1	Rtr2	63
1084	1	Rtr2	60
1085	1	Rtr2	81
1086	1	Rtr2	87
1087	1	Rtr2	665
1088	1	Rtr2	1204
1089	1	Rtr2	1222
1090	1	Rtr2	1240
1091	1	Rtr2	677
1092	1	Rtr2	89
1093	1	Rtr2	81
1094	1	Rtr2	46
1095	1	Rtr2	65
1096	1	Rtr2	76
1097	1	Rtr2	65
1098	1	Rtr2	47
1099	1	Rtr2	44
1100	1	Rtr2	73
1101	1	Rtr2	68
1102	1	Rtr2	70
1103	1	Rtr2	42
1104	1	Rtr2	36
1105	1	Rtr2	76
1106	1	Rtr2	85
1107	1	Rtr2	62
1108	1	Rtr2	620
1109	1	Rtr2	1208
1110	1	Rtr2	1240
1111	1	Rtr2	1353
1112	1	Rtr2	749
1113	1	Rtr2	156
1114	1	Rtr2	148
1115	1	Rtr2	109
1116	1	Rtr2	107
1117	1	Rtr2	105
1118	1	Rtr2	67
1119	1	Rtr2	84
1120	1	Rtr2	91
1121	1	Rtr2	104
1122	1	Rtr2	104
1123	1	Rtr2	59
1124	1	Rtr2	64
1125	1	Rtr2	83
1126	1	Rtr2	103
1127	1	Rtr2	93
1128	1	Rtr2	62
1129	1	Rtr2	621
1130	1	Rtr2	1225
1131	1	Rtr2	1227
1132	1	Rtr2	1228
1133	1	Rtr2	650
1134	1	Rtr2	69
1135	1	Rtr2	92
1136	1	Rtr2	95
1137	1	Rtr2	83
1138	1	Rtr2	42
1139	1	Rtr2	45
1140	1	Rtr2	65
1141	1	Rtr2	79
1142	1	Rtr2	63
1143	1	Rtr2	56
1144	1	Rtr2	42
1145	1	Rtr2	81
1146	1	Rtr2	78
1147	1	Rtr2	76
1148	1	Rtr2	60
1149	1	Rtr2	38
1150	1	Rtr2	633
1151	1	Rtr2	1196
1152	1	Rtr2	1199
1153	1	Rtr2	1196
1154	1	Rtr2	649
1155	1	Rtr2	113
1156	1	Rtr2	109
1157	1	Rtr2	87
1158	1	Rtr2	69
1159	1	Rtr2	69
1160	1	Rtr2	94
1161	1	Rtr2	248
1162	1	Rtr2	207
1163	1	Rtr2	178
1164	1	Rtr2	166
1165	1	Rtr2	96
1166	1	Rtr2	82
1167	1	Rtr2	76
1168	1	Rtr2	51
1169	1	Rtr2	54
1170	1	Rtr2	93
1171	1	Rtr2	646
1172	1	Rtr2	1202
1173	1	Rtr2	1188
1174	1	Rtr2	1188
1175	1	Rtr2	680
1176	1	Rtr2	123
1177	1	Rtr2	82
1178	1	Rtr2	50
1179	1	Rtr2	50
1180	1	Rtr2	74
1181	1	Rtr2	73
1182	1	Rtr2	64
1183	1	Rtr2	48
1184	1	Rtr2	37
1185	1	Rtr2	90
1186	1	Rtr2	65
1187	1	Rtr2	65
1188	1	Rtr2	64
1189	1	Rtr2	52
1190	1	Rtr2	95
1191	1	Rtr2	95
1192	1	Rtr2	636
1193	1	Rtr2	1183
1194	1	Rtr2	1182
1195	1	Rtr2	1205
1196	1	Rtr2	671
1197	1	Rtr2	137
1198	1	Rtr2	93
1199	1	Rtr2	83
1200	1	Rtr2	125
1201	1	Rtr2	115
1202	1	Rtr2	111
1203	1	Rtr2	72
1204	1	Rtr2	78
1205	1	Rtr2	107
1206	1	Rtr2	111
1207	1	Rtr2	109
1208	1	Rtr2	49
1209	1	Rtr2	44
1210	1	Rtr2	76
1211	1	Rtr2	100
1212	1	Rtr2	85
1213	1	Rtr2	615
1214	1	Rtr2	1170
1215	1	Rtr2	1215
1216	1	Rtr2	1206
1217	1	Rtr2	648
1218	1	Rtr2	80
1219	1	Rtr2	64
1220	1	Rtr2	108
1221	1	Rtr2	224
1222	1	Rtr2	190
1223	1	Rtr2	153
1224	1	Rtr2	161
1225	1	Rtr2	130
1226	1	Rtr2	124
1227	1	Rtr2	111
1228	1	Rtr2	63
1229	1	Rtr2	51
1230	1	Rtr2	71
1231	1	Rtr2	65
1232	1	Rtr2	76
1233	1	Rtr2	68
1234	1	Rtr2	602
1235	1	Rtr2	1187
1236	1	Rtr2	1185
1237	1	Rtr2	1185
1238	1	Rtr2	636
1239	1	Rtr2	69
1240	1	Rtr2	99
1241	1	Rtr2	100
1242	1	Rtr2	94
1243	1	Rtr2	83
1244	1	Rtr2	59
1245	1	Rtr2	93
1246	1	Rtr2	89
1247	1	Rtr2	80
1248	1	Rtr2	57
1249	1	Rtr2	68
1250	1	Rtr2	87
1251	1	Rtr2	103
1252	1	Rtr2	78
1253	1	Rtr2	50
1254	1	Rtr2	59
1255	1	Rtr2	647
1256	1	Rtr2	1193
1257	1	Rtr2	1186
1258	1	Rtr2	1166
1259	1	Rtr2	642
1260	1	Rtr2	114
1261	1	Rtr2	120
1262	1	Rtr2	98
1263	1	Rtr2	51
1264	1	Rtr2	59
1265	1	Rtr2	89
1266	1	Rtr2	247
1267	1	Rtr2	209
1268	1	Rtr2	191
1269	1	Rtr2	175
1270	1	Rtr2	109
1271	1	Rtr2	109
1272	1	Rtr2	104
1273	1	Rtr2	57
1274	1	Rtr2	50
1275	1	Rtr2	82
1276	1	Rtr2	623
1277	1	Rtr2	1170
1278	1	Rtr2	1162
1279	1	Rtr2	1159
1280	1	Rtr2	671
1281	1	Rtr2	125
1282	1	Rtr2	124
1283	1	Rtr2	66
1284	1	Rtr2	81
1285	1	Rtr2	131
1286	1	Rtr2	128
1287	1	Rtr2	116
1288	1	Rtr2	92
1289	1	Rtr2	49
1290	1	Rtr2	105
1291	1	Rtr2	90
1292	1	Rtr2	94
1293	1	Rtr2	81
1294	1	Rtr2	67
1295	1	Rtr2	101
1296	1	Rtr2	100
1297	1	Rtr2	613
1298	1	Rtr2	1131
1299	1	Rtr2	1138
1300	1	Rtr2	1182
1301	1	Rtr2	643
1302	1	Rtr2	98
1303	1	Rtr2	607
1304	1	Rtr2	1137
1305	1	Rtr2	1174
1306	1	Rtr2	1181
1307	1	Rtr2	668
1308	1	Rtr2	91
1309	1	Rtr2	58
1310	1	Rtr2	104
1311	1	Rtr2	114
1312	1	Rtr2	95
1313	1	Rtr2	78
1314	1	Rtr2	66
1315	1	Rtr2	91
1316	1	Rtr2	109
1317	1	Rtr2	104
1318	1	Rtr2	77
1319	1	Rtr2	62
1320	1	Rtr2	118
1321	1	Rtr2	261
1322	1	Rtr2	222
1323	1	Rtr2	190
1324	1	Rtr2	713
1325	1	Rtr2	1194
1326	1	Rtr2	1184
1327	1	Rtr2	1187
1328	1	Rtr2	621
1329	1	Rtr2	88
1330	1	Rtr2	126
1331	1	Rtr2	140
1332	1	Rtr2	127
1333	1	Rtr2	97
1334	1	Rtr2	67
1335	1	Rtr2	118
1336	1	Rtr2	117
1337	1	Rtr2	105
1338	1	Rtr2	69
1339	1	Rtr2	49
1340	1	Rtr2	99
1341	1	Rtr2	99
1342	1	Rtr2	85
1343	1	Rtr2	66
1344	1	Rtr2	38
1345	1	Rtr2	596
1346	1	Rtr2	1130
1347	1	Rtr2	1118
1348	1	Rtr2	1125
1349	1	Rtr2	626
1350	1	Rtr2	151
1351	1	Rtr2	148
1352	1	Rtr2	129
1353	1	Rtr2	53
1354	1	Rtr2	63
1355	1	Rtr2	121
1356	1	Rtr2	141
1357	1	Rtr2	107
1358	1	Rtr2	80
1359	1	Rtr2	72
1360	1	Rtr2	127
1361	1	Rtr2	110
1362	1	Rtr2	85
1363	1	Rtr2	74
1364	1	Rtr2	76
1365	1	Rtr2	110
1366	1	Rtr2	617
1367	1	Rtr2	1153
1368	1	Rtr2	1126
1369	1	Rtr2	1117
1370	1	Rtr2	646
1371	1	Rtr2	134
1372	1	Rtr2	105
1373	1	Rtr2	59
1374	1	Rtr2	55
1375	1	Rtr2	101
1376	1	Rtr2	220
1377	1	Rtr2	197
1378	1	Rtr2	186
1379	1	Rtr2	161
1380	1	Rtr2	107
1381	1	Rtr2	123
1382	1	Rtr2	90
1383	1	Rtr2	58
1384	1	Rtr2	69
1385	1	Rtr2	102
1386	1	Rtr2	120
1387	1	Rtr2	619
1388	1	Rtr2	1110
1389	1	Rtr2	1116
1390	1	Rtr2	1165
1391	1	Rtr2	661
1392	1	Rtr2	160
1393	1	Rtr2	78
1394	1	Rtr2	62
1395	1	Rtr2	103
1396	1	Rtr2	107
1397	1	Rtr2	92
1398	1	Rtr2	57
1399	1	Rtr2	58
1400	1	Rtr2	96
1401	1	Rtr2	115
1402	1	Rtr2	89
1403	1	Rtr2	59
1404	1	Rtr2	54
1405	1	Rtr2	91
1406	1	Rtr2	89
1407	1	Rtr2	84
1408	1	Rtr2	566
1409	1	Rtr2	1091
1410	1	Rtr2	1149
1411	1	Rtr2	1143
1412	1	Rtr2	643
1413	1	Rtr2	96
1414	1	Rtr2	74
1415	1	Rtr2	133
1416	1	Rtr2	130
1417	1	Rtr2	109
1418	1	Rtr2	67
1419	1	Rtr2	45
1420	1	Rtr2	95
1421	1	Rtr2	115
1422	1	Rtr2	87
1423	1	Rtr2	79
1424	1	Rtr2	65
1425	1	Rtr2	121
1426	1	Rtr2	114
1427	1	Rtr2	104
1428	1	Rtr2	60
1429	1	Rtr2	576
1430	1	Rtr2	1141
1431	1	Rtr2	1142
1432	1	Rtr2	1137
1433	1	Rtr2	731
1434	1	Rtr2	196
1435	1	Rtr2	262
1436	1	Rtr2	240
1437	1	Rtr2	132
1438	1	Rtr2	108
1439	1	Rtr2	87
1440	1	Rtr2	136
1441	1	Rtr2	118
1442	1	Rtr2	120
1443	1	Rtr2	65
1444	1	Rtr2	83
1445	1	Rtr2	126
1446	1	Rtr2	108
1447	1	Rtr2	119
1448	1	Rtr2	70
1449	1	Rtr2	82
1450	1	Rtr2	628
1451	1	Rtr2	1129
1452	1	Rtr2	1151
1453	1	Rtr2	1104
1454	1	Rtr2	601
1455	1	Rtr2	139
1456	1	Rtr2	140
1457	1	Rtr2	129
1458	1	Rtr2	74
1459	1	Rtr2	68
1460	1	Rtr2	101
1461	1	Rtr2	106
1462	1	Rtr2	100
1463	1	Rtr2	63
1464	1	Rtr2	49
1465	1	Rtr2	93
1466	1	Rtr2	105
1467	1	Rtr2	109
1468	1	Rtr2	77
1469	1	Rtr2	84
1470	1	Rtr2	127
1471	1	Rtr2	625
1472	1	Rtr2	1120
1473	1	Rtr2	1103
1474	1	Rtr2	1079
1475	1	Rtr2	643
1476	1	Rtr2	140
1477	1	Rtr2	123
1478	1	Rtr2	61
1479	1	Rtr2	73
1480	1	Rtr2	128
1481	1	Rtr2	110
1482	1	Rtr2	99
1483	1	Rtr2	63
1484	1	Rtr2	64
1485	1	Rtr2	105
1486	1	Rtr2	122
1487	1	Rtr2	104
1488	1	Rtr2	88
1489	1	Rtr2	64
1490	1	Rtr2	107
1491	1	Rtr2	285
1492	1	Rtr2	735
1493	1	Rtr2	1191
1494	1	Rtr2	1184
1495	1	Rtr2	1113
1496	1	Rtr2	635
1497	1	Rtr2	145
1498	1	Rtr2	91
1499	1	Rtr2	99
1500	1	Rtr2	147
1501	1	Rtr2	143
1502	1	Rtr2	153
1503	1	Rtr2	59
1504	1	Rtr2	75
1505	1	Rtr2	130
1506	1	Rtr2	131
1507	1	Rtr2	104
1508	1	Rtr2	54
1509	1	Rtr2	85
1510	1	Rtr2	133
1511	1	Rtr2	145
1512	1	Rtr2	104
1513	1	Rtr2	560
1514	1	Rtr2	1062
1515	1	Rtr2	1129
1516	1	Rtr2	1110
1517	1	Rtr2	640
1518	1	Rtr2	95
1519	1	Rtr2	81
1520	1	Rtr2	128
1521	1	Rtr2	125
1522	1	Rtr2	118
1523	1	Rtr2	76
1524	1	Rtr2	60
1525	1	Rtr2	105
1526	1	Rtr2	74
1527	1	Rtr2	87
1528	1	Rtr2	67
1529	1	Rtr2	72
1530	1	Rtr2	118
1531	1	Rtr2	108
1532	1	Rtr2	91
1533	1	Rtr2	49
1534	1	Rtr2	544
1535	1	Rtr2	1108
1536	1	Rtr2	1100
1537	1	Rtr2	1103
1538	1	Rtr2	602
1539	1	Rtr2	115
1540	1	Rtr2	168
1541	1	Rtr2	161
1542	1	Rtr2	167
1543	1	Rtr2	86
1544	1	Rtr2	91
1545	1	Rtr2	136
1546	1	Rtr2	140
1547	1	Rtr2	286
1548	1	Rtr2	199
1549	1	Rtr2	225
1550	1	Rtr2	288
1551	1	Rtr2	197
1552	1	Rtr2	173
1553	1	Rtr2	81
1554	1	Rtr2	55
1555	1	Rtr2	586
1556	1	Rtr2	1083
1557	1	Rtr2	1088
1558	1	Rtr2	1056
1559	1	Rtr2	594
1560	1	Rtr2	162
1561	1	Rtr2	154
1562	1	Rtr2	154
1563	1	Rtr2	65
1564	1	Rtr2	230
1565	1	Rtr2	277
1566	1	Rtr2	274
1567	1	Rtr2	268
1568	1	Rtr2	78
1569	1	Rtr2	74
1570	1	Rtr2	124
1571	1	Rtr2	114
1572	1	Rtr2	115
1573	1	Rtr2	73
1574	1	Rtr2	68
1575	1	Rtr2	133
1576	1	Rtr2	593
1577	1	Rtr2	1065
1578	1	Rtr2	1050
1579	1	Rtr2	1043
1580	1	Rtr2	623
1581	1	Rtr2	135
1582	1	Rtr2	123
1583	1	Rtr2	76
1584	1	Rtr2	63
1585	1	Rtr2	122
1586	1	Rtr2	128
1587	1	Rtr2	99
1588	1	Rtr2	73
1589	1	Rtr2	57
1590	1	Rtr2	97
1591	1	Rtr2	101
1592	1	Rtr2	71
1593	1	Rtr2	60
1594	1	Rtr2	83
1595	1	Rtr2	123
1596	1	Rtr2	111
1597	1	Rtr2	585
1598	1	Rtr2	1036
1599	1	Rtr2	1035
1600	1	Rtr2	1089
1601	1	Rtr2	609
1602	1	Rtr2	114
1603	1	Rtr2	561
1604	1	Rtr2	1015
1605	1	Rtr2	1062
1606	1	Rtr2	1064
1607	1	Rtr2	601
1608	1	Rtr2	82
1609	1	Rtr2	83
1610	1	Rtr2	144
1611	1	Rtr2	133
1612	1	Rtr2	119
1613	1	Rtr2	59
1614	1	Rtr2	89
1615	1	Rtr2	141
1616	1	Rtr2	126
1617	1	Rtr2	103
1618	1	Rtr2	75
1619	1	Rtr2	68
1620	1	Rtr2	123
1621	1	Rtr2	99
1622	1	Rtr2	103
1623	1	Rtr2	248
1624	1	Rtr2	672
1625	1	Rtr2	1189
1626	1	Rtr2	1195
1627	1	Rtr2	1079
1628	1	Rtr2	580
1629	1	Rtr2	109
1630	1	Rtr2	158
1631	1	Rtr2	172
1632	1	Rtr2	153
1633	1	Rtr2	69
1634	1	Rtr2	74
1635	1	Rtr2	152
1636	1	Rtr2	127
1637	1	Rtr2	112
1638	1	Rtr2	50
1639	1	Rtr2	57
1640	1	Rtr2	135
1641	1	Rtr2	138
1642	1	Rtr2	98
1643	1	Rtr2	103
1644	1	Rtr2	87
1645	1	Rtr2	599
1646	1	Rtr2	1086
1647	1	Rtr2	1080
1648	1	Rtr2	1041
1649	1	Rtr2	591
1650	1	Rtr2	187
1651	1	Rtr2	175
1652	1	Rtr2	156
1653	1	Rtr2	76
1654	1	Rtr2	72
1655	1	Rtr2	111
1656	1	Rtr2	141
1657	1	Rtr2	133
1658	1	Rtr2	83
1659	1	Rtr2	77
1660	1	Rtr2	159
1661	1	Rtr2	139
1662	1	Rtr2	139
1663	1	Rtr2	69
1664	1	Rtr2	80
1665	1	Rtr2	140
1666	1	Rtr2	591
1667	1	Rtr2	1038
1668	1	Rtr2	1011
1669	1	Rtr2	1016
1670	1	Rtr2	636
1671	1	Rtr2	164
1672	1	Rtr2	136
1673	1	Rtr2	82
1674	1	Rtr2	59
1675	1	Rtr2	127
1676	1	Rtr2	103
1677	1	Rtr2	82
1678	1	Rtr2	71
1679	1	Rtr2	240
1680	1	Rtr2	287
1681	1	Rtr2	294
1682	1	Rtr2	288
1683	1	Rtr2	114
1684	1	Rtr2	98
1685	1	Rtr2	170
1686	1	Rtr2	147
1687	1	Rtr2	595
1688	1	Rtr2	994
1689	1	Rtr2	990
1690	1	Rtr2	1063
1691	1	Rtr2	595
1692	1	Rtr2	134
1693	1	Rtr2	121
1694	1	Rtr2	94
1695	1	Rtr2	156
1696	1	Rtr2	181
1697	1	Rtr2	155
1698	1	Rtr2	98
1699	1	Rtr2	84
1700	1	Rtr2	134
1701	1	Rtr2	136
1702	1	Rtr2	122
1703	1	Rtr2	101
1704	1	Rtr2	81
1705	1	Rtr2	135
1706	1	Rtr2	126
1707	1	Rtr2	121
1708	1	Rtr2	516
1709	1	Rtr2	999
1710	1	Rtr2	1050
1711	1	Rtr2	1065
1712	1	Rtr2	626
1713	1	Rtr2	112
1714	1	Rtr2	88
1715	1	Rtr2	162
1716	1	Rtr2	165
1717	1	Rtr2	158
1718	1	Rtr2	89
1719	1	Rtr2	69
1720	1	Rtr2	145
1721	1	Rtr2	142
1722	1	Rtr2	120
1723	1	Rtr2	115
1724	1	Rtr2	116
1725	1	Rtr2	182
1726	1	Rtr2	182
1727	1	Rtr2	168
1728	1	Rtr2	92
1729	1	Rtr2	527
1730	1	Rtr2	1049
1731	1	Rtr2	1044
1732	1	Rtr2	1060
1733	1	Rtr2	569
1734	1	Rtr2	87
1735	1	Rtr2	141
1736	1	Rtr2	150
1737	1	Rtr2	129
1738	1	Rtr2	60
1739	1	Rtr2	74
1740	1	Rtr2	132
1741	1	Rtr2	117
1742	1	Rtr2	270
1743	1	Rtr2	222
1744	1	Rtr2	205
1745	1	Rtr2	262
1746	1	Rtr2	149
1747	1	Rtr2	146
1748	1	Rtr2	91
1749	1	Rtr2	70
1750	1	Rtr2	592
1751	1	Rtr2	1025
1752	1	Rtr2	1027
1753	1	Rtr2	1014
1754	1	Rtr2	556
1755	1	Rtr2	161
1756	1	Rtr2	177
1757	1	Rtr2	165
1758	1	Rtr2	76
1759	1	Rtr2	79
1760	1	Rtr2	160
1761	1	Rtr2	148
1762	1	Rtr2	129
1763	1	Rtr2	81
1764	1	Rtr2	72
1765	1	Rtr2	140
1766	1	Rtr2	156
1767	1	Rtr2	118
1768	1	Rtr2	81
1769	1	Rtr2	69
1770	1	Rtr2	271
1771	1	Rtr2	669
1772	1	Rtr2	1127
1773	1	Rtr2	1088
1774	1	Rtr2	990
1775	1	Rtr2	618
1776	1	Rtr2	159
1777	1	Rtr2	149
1778	1	Rtr2	77
1779	1	Rtr2	60
1780	1	Rtr2	129
1781	1	Rtr2	109
1782	1	Rtr2	101
1783	1	Rtr2	92
1784	1	Rtr2	78
1785	1	Rtr2	119
1786	1	Rtr2	144
1787	1	Rtr2	130
1788	1	Rtr2	90
1789	1	Rtr2	91
1790	1	Rtr2	138
1791	1	Rtr2	135
1792	1	Rtr2	568
1793	1	Rtr2	959
1794	1	Rtr2	977
1795	1	Rtr2	1038
1796	1	Rtr2	634
1797	1	Rtr2	159
1798	1	Rtr2	81
1799	1	Rtr2	89
1800	1	Rtr2	156
1801	1	Rtr2	147
1802	1	Rtr2	130
1803	1	Rtr2	89
1804	1	Rtr2	73
1805	1	Rtr2	147
1806	1	Rtr2	126
1807	1	Rtr2	117
1808	1	Rtr2	77
1809	1	Rtr2	70
1810	1	Rtr2	125
1811	1	Rtr2	131
1812	1	Rtr2	107
1813	1	Rtr2	503
1814	1	Rtr2	964
1815	1	Rtr2	1008
1816	1	Rtr2	1012
1817	1	Rtr2	614
1818	1	Rtr2	105
1819	1	Rtr2	103
1820	1	Rtr2	165
1821	1	Rtr2	180
1822	1	Rtr2	162
1823	1	Rtr2	89
1824	1	Rtr2	94
1825	1	Rtr2	146
1826	1	Rtr2	155
1827	1	Rtr2	154
1828	1	Rtr2	92
1829	1	Rtr2	68
1830	1	Rtr2	132
1831	1	Rtr2	111
1832	1	Rtr2	96
1833	1	Rtr2	79
1834	1	Rtr2	487
1835	1	Rtr2	1001
1836	1	Rtr2	1001
1837	1	Rtr2	1000
1838	1	Rtr2	550
1839	1	Rtr2	273
1840	1	Rtr2	334
1841	1	Rtr2	321
1842	1	Rtr2	316
1843	1	Rtr2	141
1844	1	Rtr2	112
1845	1	Rtr2	197
1846	1	Rtr2	195
1847	1	Rtr2	199
1848	1	Rtr2	85
1849	1	Rtr2	106
1850	1	Rtr2	159
1851	1	Rtr2	170
1852	1	Rtr2	138
1853	1	Rtr2	109
1854	1	Rtr2	103
1855	1	Rtr2	557
1856	1	Rtr2	992
1857	1	Rtr2	1006
1858	1	Rtr2	978
1859	1	Rtr2	536
1860	1	Rtr2	169
1861	1	Rtr2	143
1862	1	Rtr2	127
1863	1	Rtr2	96
1864	1	Rtr2	81
1865	1	Rtr2	138
1866	1	Rtr2	115
1867	1	Rtr2	106
1868	1	Rtr2	79
1869	1	Rtr2	82
1870	1	Rtr2	171
1871	1	Rtr2	147
1872	1	Rtr2	131
1873	1	Rtr2	105
1874	1	Rtr2	88
1875	1	Rtr2	145
1876	1	Rtr2	590
1877	1	Rtr2	981
1878	1	Rtr2	960
1879	1	Rtr2	962
1880	1	Rtr2	619
1881	1	Rtr2	195
1882	1	Rtr2	196
1883	1	Rtr2	112
1884	1	Rtr2	94
1885	1	Rtr2	160
1886	1	Rtr2	165
1887	1	Rtr2	155
1888	1	Rtr2	88
1889	1	Rtr2	77
1890	1	Rtr2	143
1891	1	Rtr2	306
1892	1	Rtr2	302
1893	1	Rtr2	253
1894	1	Rtr2	252
1895	1	Rtr2	206
1896	1	Rtr2	188
1897	1	Rtr2	583
1898	1	Rtr2	942
1899	1	Rtr2	935
1900	1	Rtr2	990
1901	1	Rtr2	596
1902	1	Rtr2	177
1903	1	Rtr2	522
1904	1	Rtr2	940
1905	1	Rtr2	1028
1906	1	Rtr2	1025
1907	1	Rtr2	612
1908	1	Rtr2	124
1909	1	Rtr2	95
1910	1	Rtr2	172
1911	1	Rtr2	158
1912	1	Rtr2	164
1913	1	Rtr2	102
1914	1	Rtr2	121
1915	1	Rtr2	192
1916	1	Rtr2	210
1917	1	Rtr2	172
1918	1	Rtr2	84
1919	1	Rtr2	102
1920	1	Rtr2	188
1921	1	Rtr2	175
1922	1	Rtr2	159
1923	1	Rtr2	87
1924	1	Rtr2	480
1925	1	Rtr2	968
1926	1	Rtr2	950
1927	1	Rtr2	955
1928	1	Rtr2	521
1929	1	Rtr2	101
1930	1	Rtr2	177
1931	1	Rtr2	181
1932	1	Rtr2	163
1933	1	Rtr2	98
1934	1	Rtr2	83
1935	1	Rtr2	165
1936	1	Rtr2	139
1937	1	Rtr2	311
1938	1	Rtr2	242
1939	1	Rtr2	249
1940	1	Rtr2	306
1941	1	Rtr2	202
1942	1	Rtr2	187
1943	1	Rtr2	120
1944	1	Rtr2	121
1945	1	Rtr2	580
1946	1	Rtr2	988
1947	1	Rtr2	1007
1948	1	Rtr2	927
1949	1	Rtr2	523
1950	1	Rtr2	194
1951	1	Rtr2	167
1952	1	Rtr2	138
1953	1	Rtr2	82
1954	1	Rtr2	69
1955	1	Rtr2	139
1956	1	Rtr2	115
1957	1	Rtr2	97
1958	1	Rtr2	73
1959	1	Rtr2	65
1960	1	Rtr2	154
1961	1	Rtr2	128
1962	1	Rtr2	125
1963	1	Rtr2	92
1964	1	Rtr2	76
1965	1	Rtr2	129
1966	1	Rtr2	526
1967	1	Rtr2	942
1968	1	Rtr2	916
1969	1	Rtr2	929
1970	1	Rtr2	626
1971	1	Rtr2	237
1972	1	Rtr2	180
1973	1	Rtr2	100
1974	1	Rtr2	91
1975	1	Rtr2	164
1976	1	Rtr2	162
1977	1	Rtr2	134
1978	1	Rtr2	122
1979	1	Rtr2	109
1980	1	Rtr2	177
1981	1	Rtr2	197
1982	1	Rtr2	188
1983	1	Rtr2	102
1984	1	Rtr2	120
1985	1	Rtr2	172
1986	1	Rtr2	173
1987	1	Rtr2	565
1988	1	Rtr2	880
1989	1	Rtr2	898
1990	1	Rtr2	944
1991	1	Rtr2	581
1992	1	Rtr2	171
1993	1	Rtr2	285
1994	1	Rtr2	269
1995	1	Rtr2	335
1996	1	Rtr2	332
1997	1	Rtr2	191
1998	1	Rtr2	131
1999	1	Rtr2	93
