Time	Node	PitItems
1	1	Rtr2	351
2	1	Rtr2	338
3	1	Rtr2	705
4	1	Rtr2	1086
5	1	Rtr2	1192
6	1	Rtr2	1181
7	1	Rtr2	777
8	1	Rtr2	153
9	1	Rtr2	124
10	1	Rtr2	225
11	1	Rtr2	238
12	1	Rtr2	214
13	1	Rtr2	106
14	1	Rtr2	106
15	1	Rtr2	181
16	1	Rtr2	181
17	1	Rtr2	154
18	1	Rtr2	84
19	1	Rtr2	92
20	1	Rtr2	171
21	1	Rtr2	184
22	1	Rtr2	156
23	1	Rtr2	130
24	1	Rtr2	493
25	1	Rtr2	954
26	1	Rtr2	974
27	1	Rtr2	972
28	1	Rtr2	518
29	1	Rtr2	102
30	1	Rtr2	180
31	1	Rtr2	163
32	1	Rtr2	150
33	1	Rtr2	86
34	1	Rtr2	101
35	1	Rtr2	174
36	1	Rtr2	147
37	1	Rtr2	135
38	1	Rtr2	94
39	1	Rtr2	81
40	1	Rtr2	133
41	1	Rtr2	134
42	1	Rtr2	132
43	1	Rtr2	99
44	1	Rtr2	94
45	1	Rtr2	564
46	1	Rtr2	968
47	1	Rtr2	968
48	1	Rtr2	931
49	1	Rtr2	529
50	1	Rtr2	187
51	1	Rtr2	177
52	1	Rtr2	170
53	1	Rtr2	85
54	1	Rtr2	84
55	1	Rtr2	129
56	1	Rtr2	306
57	1	Rtr2	322
58	1	Rtr2	278
59	1	Rtr2	271
60	1	Rtr2	324
61	1	Rtr2	334
62	1	Rtr2	344
63	1	Rtr2	108
64	1	Rtr2	91
65	1	Rtr2	164
66	1	Rtr2	567
67	1	Rtr2	974
68	1	Rtr2	911
69	1	Rtr2	923
70	1	Rtr2	575
71	1	Rtr2	181
72	1	Rtr2	177
73	1	Rtr2	136
74	1	Rtr2	105
75	1	Rtr2	159
76	1	Rtr2	174
77	1	Rtr2	159
78	1	Rtr2	101
79	1	Rtr2	118
80	1	Rtr2	198
81	1	Rtr2	198
82	1	Rtr2	160
83	1	Rtr2	74
84	1	Rtr2	80
85	1	Rtr2	138
86	1	Rtr2	142
87	1	Rtr2	544
88	1	Rtr2	922
89	1	Rtr2	909
90	1	Rtr2	990
91	1	Rtr2	579
92	1	Rtr2	150
93	1	Rtr2	106
94	1	Rtr2	80
95	1	Rtr2	143
96	1	Rtr2	136
97	1	Rtr2	126
98	1	Rtr2	107
99	1	Rtr2	79
100	1	Rtr2	157
101	1	Rtr2	148
102	1	Rtr2	127
103	1	Rtr2	79
104	1	Rtr2	79
105	1	Rtr2	142
106	1	Rtr2	141
107	1	Rtr2	128
108	1	Rtr2	515
109	1	Rtr2	921
110	1	Rtr2	1015
111	1	Rtr2	1138
112	1	Rtr2	737
113	1	Rtr2	264
114	1	Rtr2	265
115	1	Rtr2	313
116	1	Rtr2	340
117	1	Rtr2	300
118	1	Rtr2	119
119	1	Rtr2	103
120	1	Rtr2	149
121	1	Rtr2	172
122	1	Rtr2	155
123	1	Rtr2	89
124	1	Rtr2	82
125	1	Rtr2	152
126	1	Rtr2	137
127	1	Rtr2	124
128	1	Rtr2	101
129	1	Rtr2	493
130	1	Rtr2	972
131	1	Rtr2	978
132	1	Rtr2	987
133	1	Rtr2	544
134	1	Rtr2	114
135	1	Rtr2	177
136	1	Rtr2	172
137	1	Rtr2	153
138	1	Rtr2	65
139	1	Rtr2	76
140	1	Rtr2	152
141	1	Rtr2	128
142	1	Rtr2	124
143	1	Rtr2	94
144	1	Rtr2	92
145	1	Rtr2	167
146	1	Rtr2	158
147	1	Rtr2	143
148	1	Rtr2	92
149	1	Rtr2	78
150	1	Rtr2	549
151	1	Rtr2	978
152	1	Rtr2	982
153	1	Rtr2	949
154	1	Rtr2	544
155	1	Rtr2	171
156	1	Rtr2	151
157	1	Rtr2	153
158	1	Rtr2	86
159	1	Rtr2	80
160	1	Rtr2	152
161	1	Rtr2	299
162	1	Rtr2	265
163	1	Rtr2	232
164	1	Rtr2	238
165	1	Rtr2	313
166	1	Rtr2	310
167	1	Rtr2	305
168	1	Rtr2	101
169	1	Rtr2	86
170	1	Rtr2	157
171	1	Rtr2	569
172	1	Rtr2	1000
173	1	Rtr2	952
174	1	Rtr2	942
175	1	Rtr2	591
176	1	Rtr2	162
177	1	Rtr2	139
178	1	Rtr2	91
179	1	Rtr2	87
180	1	Rtr2	172
181	1	Rtr2	181
182	1	Rtr2	140
183	1	Rtr2	91
184	1	Rtr2	95
185	1	Rtr2	151
186	1	Rtr2	150
187	1	Rtr2	137
188	1	Rtr2	95
189	1	Rtr2	92
190	1	Rtr2	147
191	1	Rtr2	158
192	1	Rtr2	547
193	1	Rtr2	954
194	1	Rtr2	956
195	1	Rtr2	1028
196	1	Rtr2	592
197	1	Rtr2	174
198	1	Rtr2	112
199	1	Rtr2	113
200	1	Rtr2	178
201	1	Rtr2	149
202	1	Rtr2	139
203	1	Rtr2	76
204	1	Rtr2	69
205	1	Rtr2	141
206	1	Rtr2	115
207	1	Rtr2	102
208	1	Rtr2	69
209	1	Rtr2	71
210	1	Rtr2	123
211	1	Rtr2	138
212	1	Rtr2	114
213	1	Rtr2	514
214	1	Rtr2	958
215	1	Rtr2	1024
216	1	Rtr2	1028
217	1	Rtr2	608
218	1	Rtr2	100
219	1	Rtr2	102
220	1	Rtr2	155
221	1	Rtr2	339
222	1	Rtr2	345
223	1	Rtr2	256
224	1	Rtr2	254
225	1	Rtr2	318
226	1	Rtr2	318
227	1	Rtr2	286
228	1	Rtr2	109
229	1	Rtr2	105
230	1	Rtr2	142
231	1	Rtr2	164
232	1	Rtr2	142
233	1	Rtr2	87
234	1	Rtr2	500
235	1	Rtr2	1002
236	1	Rtr2	1006
237	1	Rtr2	1017
238	1	Rtr2	543
239	1	Rtr2	96
240	1	Rtr2	149
241	1	Rtr2	174
242	1	Rtr2	140
243	1	Rtr2	76
244	1	Rtr2	81
245	1	Rtr2	129
246	1	Rtr2	160
247	1	Rtr2	120
248	1	Rtr2	77
249	1	Rtr2	60
250	1	Rtr2	125
251	1	Rtr2	138
252	1	Rtr2	118
253	1	Rtr2	84
254	1	Rtr2	54
255	1	Rtr2	539
256	1	Rtr2	997
257	1	Rtr2	993
258	1	Rtr2	992
259	1	Rtr2	533
260	1	Rtr2	149
261	1	Rtr2	138
262	1	Rtr2	137
263	1	Rtr2	87
264	1	Rtr2	76
265	1	Rtr2	141
266	1	Rtr2	279
267	1	Rtr2	271
268	1	Rtr2	233
269	1	Rtr2	229
270	1	Rtr2	284
271	1	Rtr2	301
272	1	Rtr2	278
273	1	Rtr2	92
274	1	Rtr2	101
275	1	Rtr2	155
276	1	Rtr2	595
277	1	Rtr2	1028
278	1	Rtr2	1000
279	1	Rtr2	976
280	1	Rtr2	600
281	1	Rtr2	142
282	1	Rtr2	106
283	1	Rtr2	59
284	1	Rtr2	59
285	1	Rtr2	114
286	1	Rtr2	107
287	1	Rtr2	75
288	1	Rtr2	73
289	1	Rtr2	47
290	1	Rtr2	102
291	1	Rtr2	127
292	1	Rtr2	97
293	1	Rtr2	83
294	1	Rtr2	71
295	1	Rtr2	139
296	1	Rtr2	107
297	1	Rtr2	555
298	1	Rtr2	988
299	1	Rtr2	999
300	1	Rtr2	1059
301	1	Rtr2	623
302	1	Rtr2	170
303	1	Rtr2	530
304	1	Rtr2	998
305	1	Rtr2	1056
306	1	Rtr2	1058
307	1	Rtr2	606
308	1	Rtr2	104
309	1	Rtr2	76
310	1	Rtr2	135
311	1	Rtr2	146
312	1	Rtr2	118
313	1	Rtr2	86
314	1	Rtr2	78
315	1	Rtr2	132
316	1	Rtr2	127
317	1	Rtr2	107
318	1	Rtr2	71
319	1	Rtr2	60
320	1	Rtr2	107
321	1	Rtr2	260
322	1	Rtr2	260
323	1	Rtr2	255
324	1	Rtr2	685
325	1	Rtr2	1186
326	1	Rtr2	1187
327	1	Rtr2	1187
328	1	Rtr2	552
329	1	Rtr2	124
330	1	Rtr2	163
331	1	Rtr2	150
332	1	Rtr2	159
333	1	Rtr2	67
334	1	Rtr2	62
335	1	Rtr2	127
336	1	Rtr2	115
337	1	Rtr2	126
338	1	Rtr2	82
339	1	Rtr2	82
340	1	Rtr2	138
341	1	Rtr2	156
342	1	Rtr2	151
343	1	Rtr2	100
344	1	Rtr2	103
345	1	Rtr2	597
346	1	Rtr2	1075
347	1	Rtr2	1075
348	1	Rtr2	1028
349	1	Rtr2	562
350	1	Rtr2	141
351	1	Rtr2	121
352	1	Rtr2	105
353	1	Rtr2	50
354	1	Rtr2	69
355	1	Rtr2	107
356	1	Rtr2	88
357	1	Rtr2	96
358	1	Rtr2	65
359	1	Rtr2	41
360	1	Rtr2	92
361	1	Rtr2	91
362	1	Rtr2	75
363	1	Rtr2	86
364	1	Rtr2	50
365	1	Rtr2	116
366	1	Rtr2	581
367	1	Rtr2	1025
368	1	Rtr2	1032
369	1	Rtr2	1022
370	1	Rtr2	616
371	1	Rtr2	139
372	1	Rtr2	126
373	1	Rtr2	86
374	1	Rtr2	73
375	1	Rtr2	116
376	1	Rtr2	281
377	1	Rtr2	273
378	1	Rtr2	234
379	1	Rtr2	210
380	1	Rtr2	259
381	1	Rtr2	240
382	1	Rtr2	226
383	1	Rtr2	45
384	1	Rtr2	47
385	1	Rtr2	100
386	1	Rtr2	95
387	1	Rtr2	563
388	1	Rtr2	1007
389	1	Rtr2	1022
390	1	Rtr2	1082
391	1	Rtr2	606
392	1	Rtr2	127
393	1	Rtr2	66
394	1	Rtr2	68
395	1	Rtr2	113
396	1	Rtr2	115
397	1	Rtr2	105
398	1	Rtr2	63
399	1	Rtr2	63
400	1	Rtr2	98
401	1	Rtr2	86
402	1	Rtr2	82
403	1	Rtr2	70
404	1	Rtr2	63
405	1	Rtr2	137
406	1	Rtr2	118
407	1	Rtr2	102
408	1	Rtr2	529
409	1	Rtr2	1014
410	1	Rtr2	1090
411	1	Rtr2	1080
412	1	Rtr2	606
413	1	Rtr2	95
414	1	Rtr2	87
415	1	Rtr2	139
416	1	Rtr2	142
417	1	Rtr2	138
418	1	Rtr2	79
419	1	Rtr2	72
420	1	Rtr2	113
421	1	Rtr2	113
422	1	Rtr2	93
423	1	Rtr2	78
424	1	Rtr2	59
425	1	Rtr2	122
426	1	Rtr2	104
427	1	Rtr2	104
428	1	Rtr2	80
429	1	Rtr2	552
430	1	Rtr2	1086
431	1	Rtr2	1089
432	1	Rtr2	1101
433	1	Rtr2	710
434	1	Rtr2	229
435	1	Rtr2	292
436	1	Rtr2	289
437	1	Rtr2	262
438	1	Rtr2	195
439	1	Rtr2	187
440	1	Rtr2	161
441	1	Rtr2	155
442	1	Rtr2	157
443	1	Rtr2	94
444	1	Rtr2	79
445	1	Rtr2	123
446	1	Rtr2	141
447	1	Rtr2	118
448	1	Rtr2	56
449	1	Rtr2	61
450	1	Rtr2	589
451	1	Rtr2	1095
452	1	Rtr2	1089
453	1	Rtr2	1051
454	1	Rtr2	591
455	1	Rtr2	165
456	1	Rtr2	141
457	1	Rtr2	129
458	1	Rtr2	69
459	1	Rtr2	53
460	1	Rtr2	90
461	1	Rtr2	74
462	1	Rtr2	76
463	1	Rtr2	77
464	1	Rtr2	66
465	1	Rtr2	114
466	1	Rtr2	100
467	1	Rtr2	91
468	1	Rtr2	67
469	1	Rtr2	54
470	1	Rtr2	77
471	1	Rtr2	552
472	1	Rtr2	1068
473	1	Rtr2	1048
474	1	Rtr2	1048
475	1	Rtr2	640
476	1	Rtr2	130
477	1	Rtr2	133
478	1	Rtr2	67
479	1	Rtr2	60
480	1	Rtr2	139
481	1	Rtr2	144
482	1	Rtr2	130
483	1	Rtr2	82
484	1	Rtr2	60
485	1	Rtr2	99
486	1	Rtr2	96
487	1	Rtr2	101
488	1	Rtr2	74
489	1	Rtr2	75
490	1	Rtr2	122
491	1	Rtr2	259
492	1	Rtr2	734
493	1	Rtr2	1204
494	1	Rtr2	1193
495	1	Rtr2	1240
496	1	Rtr2	768
497	1	Rtr2	260
498	1	Rtr2	78
499	1	Rtr2	63
500	1	Rtr2	121
501	1	Rtr2	119
502	1	Rtr2	108
503	1	Rtr2	76
504	1	Rtr2	70
505	1	Rtr2	109
506	1	Rtr2	91
507	1	Rtr2	102
508	1	Rtr2	68
509	1	Rtr2	75
510	1	Rtr2	133
511	1	Rtr2	122
512	1	Rtr2	102
513	1	Rtr2	561
514	1	Rtr2	1062
515	1	Rtr2	1111
516	1	Rtr2	1105
517	1	Rtr2	629
518	1	Rtr2	105
519	1	Rtr2	114
520	1	Rtr2	168
521	1	Rtr2	170
522	1	Rtr2	157
523	1	Rtr2	75
524	1	Rtr2	74
525	1	Rtr2	113
526	1	Rtr2	96
527	1	Rtr2	105
528	1	Rtr2	74
529	1	Rtr2	67
530	1	Rtr2	128
531	1	Rtr2	123
532	1	Rtr2	119
533	1	Rtr2	73
534	1	Rtr2	557
535	1	Rtr2	1107
536	1	Rtr2	1129
537	1	Rtr2	1110
538	1	Rtr2	595
539	1	Rtr2	84
540	1	Rtr2	116
541	1	Rtr2	123
542	1	Rtr2	132
543	1	Rtr2	78
544	1	Rtr2	59
545	1	Rtr2	100
546	1	Rtr2	113
547	1	Rtr2	263
548	1	Rtr2	234
549	1	Rtr2	213
550	1	Rtr2	300
551	1	Rtr2	275
552	1	Rtr2	298
553	1	Rtr2	195
554	1	Rtr2	64
555	1	Rtr2	620
556	1	Rtr2	1120
557	1	Rtr2	1127
558	1	Rtr2	1088
559	1	Rtr2	616
560	1	Rtr2	169
561	1	Rtr2	135
562	1	Rtr2	123
563	1	Rtr2	69
564	1	Rtr2	234
565	1	Rtr2	291
566	1	Rtr2	258
567	1	Rtr2	263
568	1	Rtr2	189
569	1	Rtr2	185
570	1	Rtr2	218
571	1	Rtr2	147
572	1	Rtr2	116
573	1	Rtr2	56
574	1	Rtr2	67
575	1	Rtr2	111
576	1	Rtr2	597
577	1	Rtr2	1108
578	1	Rtr2	1090
579	1	Rtr2	1098
580	1	Rtr2	641
581	1	Rtr2	128
582	1	Rtr2	99
583	1	Rtr2	57
584	1	Rtr2	53
585	1	Rtr2	92
586	1	Rtr2	103
587	1	Rtr2	84
588	1	Rtr2	52
589	1	Rtr2	37
590	1	Rtr2	61
591	1	Rtr2	74
592	1	Rtr2	77
593	1	Rtr2	46
594	1	Rtr2	58
595	1	Rtr2	112
596	1	Rtr2	96
597	1	Rtr2	606
598	1	Rtr2	1098
599	1	Rtr2	1103
600	1	Rtr2	1147
601	1	Rtr2	644
602	1	Rtr2	135
603	1	Rtr2	605
604	1	Rtr2	1105
605	1	Rtr2	1163
606	1	Rtr2	1148
607	1	Rtr2	656
608	1	Rtr2	106
609	1	Rtr2	105
610	1	Rtr2	159
611	1	Rtr2	133
612	1	Rtr2	121
613	1	Rtr2	88
614	1	Rtr2	56
615	1	Rtr2	90
616	1	Rtr2	90
617	1	Rtr2	79
618	1	Rtr2	61
619	1	Rtr2	64
620	1	Rtr2	87
621	1	Rtr2	98
622	1	Rtr2	87
623	1	Rtr2	244
624	1	Rtr2	761
625	1	Rtr2	1314
626	1	Rtr2	1316
627	1	Rtr2	1270
628	1	Rtr2	707
629	1	Rtr2	175
630	1	Rtr2	127
631	1	Rtr2	123
632	1	Rtr2	137
633	1	Rtr2	76
634	1	Rtr2	65
635	1	Rtr2	98
636	1	Rtr2	99
637	1	Rtr2	87
638	1	Rtr2	59
639	1	Rtr2	44
640	1	Rtr2	88
641	1	Rtr2	102
642	1	Rtr2	95
643	1	Rtr2	71
644	1	Rtr2	93
645	1	Rtr2	638
646	1	Rtr2	1173
647	1	Rtr2	1165
648	1	Rtr2	1112
649	1	Rtr2	594
650	1	Rtr2	118
651	1	Rtr2	104
652	1	Rtr2	99
653	1	Rtr2	72
654	1	Rtr2	66
655	1	Rtr2	109
656	1	Rtr2	102
657	1	Rtr2	78
658	1	Rtr2	53
659	1	Rtr2	62
660	1	Rtr2	100
661	1	Rtr2	105
662	1	Rtr2	92
663	1	Rtr2	85
664	1	Rtr2	77
665	1	Rtr2	126
666	1	Rtr2	641
667	1	Rtr2	1183
668	1	Rtr2	1133
669	1	Rtr2	1128
670	1	Rtr2	652
671	1	Rtr2	105
672	1	Rtr2	103
673	1	Rtr2	61
674	1	Rtr2	60
675	1	Rtr2	98
676	1	Rtr2	94
677	1	Rtr2	85
678	1	Rtr2	54
679	1	Rtr2	215
680	1	Rtr2	263
681	1	Rtr2	253
682	1	Rtr2	239
683	1	Rtr2	176
684	1	Rtr2	164
685	1	Rtr2	211
686	1	Rtr2	101
687	1	Rtr2	624
688	1	Rtr2	1103
689	1	Rtr2	1129
690	1	Rtr2	1170
691	1	Rtr2	653
692	1	Rtr2	146
693	1	Rtr2	86
694	1	Rtr2	79
695	1	Rtr2	117
696	1	Rtr2	122
697	1	Rtr2	106
698	1	Rtr2	58
699	1	Rtr2	67
700	1	Rtr2	88
701	1	Rtr2	85
702	1	Rtr2	93
703	1	Rtr2	65
704	1	Rtr2	40
705	1	Rtr2	86
706	1	Rtr2	95
707	1	Rtr2	77
708	1	Rtr2	605
709	1	Rtr2	1139
710	1	Rtr2	1183
711	1	Rtr2	1181
712	1	Rtr2	668
713	1	Rtr2	93
714	1	Rtr2	80
715	1	Rtr2	119
716	1	Rtr2	129
717	1	Rtr2	114
718	1	Rtr2	63
719	1	Rtr2	37
720	1	Rtr2	70
721	1	Rtr2	72
722	1	Rtr2	49
723	1	Rtr2	48
724	1	Rtr2	56
725	1	Rtr2	86
726	1	Rtr2	94
727	1	Rtr2	74
728	1	Rtr2	52
729	1	Rtr2	581
730	1	Rtr2	1161
731	1	Rtr2	1163
732	1	Rtr2	1157
733	1	Rtr2	626
734	1	Rtr2	71
735	1	Rtr2	87
736	1	Rtr2	96
737	1	Rtr2	102
738	1	Rtr2	49
739	1	Rtr2	54
740	1	Rtr2	69
741	1	Rtr2	72
742	1	Rtr2	245
743	1	Rtr2	216
744	1	Rtr2	211
745	1	Rtr2	225
746	1	Rtr2	212
747	1	Rtr2	216
748	1	Rtr2	150
749	1	Rtr2	35
750	1	Rtr2	602
751	1	Rtr2	1154
752	1	Rtr2	1157
753	1	Rtr2	1155
754	1	Rtr2	642
755	1	Rtr2	143
756	1	Rtr2	119
757	1	Rtr2	112
758	1	Rtr2	66
759	1	Rtr2	49
760	1	Rtr2	73
761	1	Rtr2	71
762	1	Rtr2	69
763	1	Rtr2	38
764	1	Rtr2	53
765	1	Rtr2	94
766	1	Rtr2	89
767	1	Rtr2	68
768	1	Rtr2	63
769	1	Rtr2	53
770	1	Rtr2	223
771	1	Rtr2	768
772	1	Rtr2	1293
773	1	Rtr2	1290
774	1	Rtr2	1244
775	1	Rtr2	742
776	1	Rtr2	172
777	1	Rtr2	85
778	1	Rtr2	51
779	1	Rtr2	55
780	1	Rtr2	87
781	1	Rtr2	81
782	1	Rtr2	69
783	1	Rtr2	73
784	1	Rtr2	47
785	1	Rtr2	91
786	1	Rtr2	86
787	1	Rtr2	89
788	1	Rtr2	61
789	1	Rtr2	48
790	1	Rtr2	69
791	1	Rtr2	65
792	1	Rtr2	617
793	1	Rtr2	1164
794	1	Rtr2	1170
795	1	Rtr2	1194
796	1	Rtr2	667
797	1	Rtr2	128
798	1	Rtr2	61
799	1	Rtr2	44
800	1	Rtr2	76
801	1	Rtr2	98
802	1	Rtr2	77
803	1	Rtr2	61
804	1	Rtr2	59
805	1	Rtr2	91
806	1	Rtr2	89
807	1	Rtr2	98
808	1	Rtr2	61
809	1	Rtr2	47
810	1	Rtr2	80
811	1	Rtr2	74
812	1	Rtr2	76
813	1	Rtr2	603
814	1	Rtr2	1156
815	1	Rtr2	1189
816	1	Rtr2	1187
817	1	Rtr2	658
818	1	Rtr2	96
819	1	Rtr2	71
820	1	Rtr2	99
821	1	Rtr2	96
822	1	Rtr2	87
823	1	Rtr2	65
824	1	Rtr2	46
825	1	Rtr2	66
826	1	Rtr2	80
827	1	Rtr2	77
828	1	Rtr2	70
829	1	Rtr2	51
830	1	Rtr2	73
831	1	Rtr2	99
832	1	Rtr2	85
833	1	Rtr2	54
834	1	Rtr2	601
835	1	Rtr2	1185
836	1	Rtr2	1205
837	1	Rtr2	1209
838	1	Rtr2	647
839	1	Rtr2	204
840	1	Rtr2	232
841	1	Rtr2	238
842	1	Rtr2	247
843	1	Rtr2	161
844	1	Rtr2	162
845	1	Rtr2	163
846	1	Rtr2	87
847	1	Rtr2	86
848	1	Rtr2	47
849	1	Rtr2	24
850	1	Rtr2	61
851	1	Rtr2	63
852	1	Rtr2	49
853	1	Rtr2	54
854	1	Rtr2	42
855	1	Rtr2	618
856	1	Rtr2	1191
857	1	Rtr2	1191
858	1	Rtr2	1183
859	1	Rtr2	637
860	1	Rtr2	95
861	1	Rtr2	96
862	1	Rtr2	101
863	1	Rtr2	89
864	1	Rtr2	68
865	1	Rtr2	95
866	1	Rtr2	102
867	1	Rtr2	99
868	1	Rtr2	76
869	1	Rtr2	47
870	1	Rtr2	83
871	1	Rtr2	73
872	1	Rtr2	69
873	1	Rtr2	69
874	1	Rtr2	40
875	1	Rtr2	82
876	1	Rtr2	634
877	1	Rtr2	1214
878	1	Rtr2	1206
879	1	Rtr2	1197
880	1	Rtr2	669
881	1	Rtr2	107
882	1	Rtr2	111
883	1	Rtr2	66
884	1	Rtr2	62
885	1	Rtr2	108
886	1	Rtr2	90
887	1	Rtr2	92
888	1	Rtr2	42
889	1	Rtr2	54
890	1	Rtr2	105
891	1	Rtr2	230
892	1	Rtr2	231
893	1	Rtr2	183
894	1	Rtr2	176
895	1	Rtr2	196
896	1	Rtr2	185
897	1	Rtr2	750
898	1	Rtr2	1200
899	1	Rtr2	1201
900	1	Rtr2	1231
901	1	Rtr2	677
902	1	Rtr2	117
903	1	Rtr2	642
904	1	Rtr2	1201
905	1	Rtr2	1242
906	1	Rtr2	1241
907	1	Rtr2	671
908	1	Rtr2	79
909	1	Rtr2	69
910	1	Rtr2	102
911	1	Rtr2	98
912	1	Rtr2	106
913	1	Rtr2	64
914	1	Rtr2	54
915	1	Rtr2	88
916	1	Rtr2	78
917	1	Rtr2	77
918	1	Rtr2	41
919	1	Rtr2	50
920	1	Rtr2	66
921	1	Rtr2	77
922	1	Rtr2	65
923	1	Rtr2	64
924	1	Rtr2	619
925	1	Rtr2	1236
926	1	Rtr2	1233
927	1	Rtr2	1233
928	1	Rtr2	648
929	1	Rtr2	88
930	1	Rtr2	104
931	1	Rtr2	102
932	1	Rtr2	93
933	1	Rtr2	37
934	1	Rtr2	43
935	1	Rtr2	68
936	1	Rtr2	72
937	1	Rtr2	213
938	1	Rtr2	195
939	1	Rtr2	182
940	1	Rtr2	211
941	1	Rtr2	195
942	1	Rtr2	197
943	1	Rtr2	135
944	1	Rtr2	55
945	1	Rtr2	646
946	1	Rtr2	1237
947	1	Rtr2	1242
948	1	Rtr2	1221
949	1	Rtr2	638
950	1	Rtr2	85
951	1	Rtr2	70
952	1	Rtr2	58
953	1	Rtr2	57
954	1	Rtr2	39
955	1	Rtr2	61
956	1	Rtr2	57
957	1	Rtr2	55
958	1	Rtr2	64
959	1	Rtr2	27
960	1	Rtr2	55
961	1	Rtr2	44
962	1	Rtr2	49
963	1	Rtr2	32
964	1	Rtr2	45
965	1	Rtr2	71
966	1	Rtr2	645
967	1	Rtr2	1226
968	1	Rtr2	1221
969	1	Rtr2	1226
970	1	Rtr2	681
971	1	Rtr2	69
972	1	Rtr2	63
973	1	Rtr2	47
974	1	Rtr2	47
975	1	Rtr2	70
976	1	Rtr2	69
977	1	Rtr2	55
978	1	Rtr2	40
979	1	Rtr2	35
980	1	Rtr2	59
981	1	Rtr2	46
982	1	Rtr2	35
983	1	Rtr2	44
984	1	Rtr2	47
985	1	Rtr2	73
986	1	Rtr2	66
987	1	Rtr2	652
988	1	Rtr2	1222
989	1	Rtr2	1231
990	1	Rtr2	1255
991	1	Rtr2	679
992	1	Rtr2	95
993	1	Rtr2	179
994	1	Rtr2	193
995	1	Rtr2	236
996	1	Rtr2	227
997	1	Rtr2	184
998	1	Rtr2	138
999	1	Rtr2	115
1000	1	Rtr2	62
1001	1	Rtr2	174
1002	1	Rtr2	197
1003	1	Rtr2	769
1004	1	Rtr2	1337
1005	1	Rtr2	1352
1006	1	Rtr2	1352
1007	1	Rtr2	757
1008	1	Rtr2	49
1009	1	Rtr2	42
1010	1	Rtr2	50
1011	1	Rtr2	63
1012	1	Rtr2	58
1013	1	Rtr2	47
1014	1	Rtr2	27
1015	1	Rtr2	54
1016	1	Rtr2	49
1017	1	Rtr2	50
1018	1	Rtr2	45
1019	1	Rtr2	43
1020	1	Rtr2	73
1021	1	Rtr2	69
1022	1	Rtr2	48
1023	1	Rtr2	42
1024	1	Rtr2	629
1025	1	Rtr2	1256
1026	1	Rtr2	1269
1027	1	Rtr2	1263
1028	1	Rtr2	661
1029	1	Rtr2	56
1030	1	Rtr2	63
1031	1	Rtr2	65
1032	1	Rtr2	43
1033	1	Rtr2	27
1034	1	Rtr2	35
1035	1	Rtr2	42
1036	1	Rtr2	56
1037	1	Rtr2	30
1038	1	Rtr2	22
1039	1	Rtr2	46
1040	1	Rtr2	60
1041	1	Rtr2	64
1042	1	Rtr2	50
1043	1	Rtr2	31
1044	1	Rtr2	41
1045	1	Rtr2	659
1046	1	Rtr2	1260
1047	1	Rtr2	1266
1048	1	Rtr2	1260
1049	1	Rtr2	668
1050	1	Rtr2	82
1051	1	Rtr2	84
1052	1	Rtr2	78
1053	1	Rtr2	44
1054	1	Rtr2	36
1055	1	Rtr2	51
1056	1	Rtr2	198
1057	1	Rtr2	176
1058	1	Rtr2	167
1059	1	Rtr2	151
1060	1	Rtr2	172
1061	1	Rtr2	168
1062	1	Rtr2	142
1063	1	Rtr2	41
1064	1	Rtr2	25
1065	1	Rtr2	46
1066	1	Rtr2	661
1067	1	Rtr2	1259
1068	1	Rtr2	1260
1069	1	Rtr2	1265
1070	1	Rtr2	690
1071	1	Rtr2	80
1072	1	Rtr2	74
1073	1	Rtr2	45
1074	1	Rtr2	46
1075	1	Rtr2	66
1076	1	Rtr2	62
1077	1	Rtr2	65
1078	1	Rtr2	55
1079	1	Rtr2	45
1080	1	Rtr2	62
1081	1	Rtr2	62
1082	1	Rtr2	60
1083	1	Rtr2	36
1084	1	Rtr2	42
1085	1	Rtr2	64
1086	1	Rtr2	60
1087	1	Rtr2	670
1088	1	Rtr2	1266
1089	1	Rtr2	1276
1090	1	Rtr2	1287
1091	1	Rtr2	685
1092	1	Rtr2	70
1093	1	Rtr2	61
1094	1	Rtr2	46
1095	1	Rtr2	56
1096	1	Rtr2	60
1097	1	Rtr2	44
1098	1	Rtr2	31
1099	1	Rtr2	35
1100	1	Rtr2	46
1101	1	Rtr2	48
1102	1	Rtr2	42
1103	1	Rtr2	30
1104	1	Rtr2	30
1105	1	Rtr2	51
1106	1	Rtr2	52
1107	1	Rtr2	50
1108	1	Rtr2	653
1109	1	Rtr2	1271
1110	1	Rtr2	1298
1111	1	Rtr2	1406
1112	1	Rtr2	803
1113	1	Rtr2	158
1114	1	Rtr2	162
1115	1	Rtr2	172
1116	1	Rtr2	179
1117	1	Rtr2	157
1118	1	Rtr2	32
1119	1	Rtr2	34
1120	1	Rtr2	39
1121	1	Rtr2	51
1122	1	Rtr2	42
1123	1	Rtr2	38
1124	1	Rtr2	40
1125	1	Rtr2	61
1126	1	Rtr2	63
1127	1	Rtr2	54
1128	1	Rtr2	48
1129	1	Rtr2	660
1130	1	Rtr2	1308
1131	1	Rtr2	1303
1132	1	Rtr2	1311
1133	1	Rtr2	671
1134	1	Rtr2	57
1135	1	Rtr2	62
1136	1	Rtr2	59
1137	1	Rtr2	42
1138	1	Rtr2	32
1139	1	Rtr2	31
1140	1	Rtr2	40
1141	1	Rtr2	51
1142	1	Rtr2	47
1143	1	Rtr2	26
1144	1	Rtr2	31
1145	1	Rtr2	42
1146	1	Rtr2	54
1147	1	Rtr2	41
1148	1	Rtr2	48
1149	1	Rtr2	37
1150	1	Rtr2	662
1151	1	Rtr2	1285
1152	1	Rtr2	1296
1153	1	Rtr2	1290
1154	1	Rtr2	685
1155	1	Rtr2	74
1156	1	Rtr2	72
1157	1	Rtr2	47
1158	1	Rtr2	38
1159	1	Rtr2	36
1160	1	Rtr2	49
1161	1	Rtr2	172
1162	1	Rtr2	185
1163	1	Rtr2	181
1164	1	Rtr2	160
1165	1	Rtr2	168
1166	1	Rtr2	137
1167	1	Rtr2	137
1168	1	Rtr2	25
1169	1	Rtr2	25
1170	1	Rtr2	40
1171	1	Rtr2	660
1172	1	Rtr2	1295
1173	1	Rtr2	1300
1174	1	Rtr2	1301
1175	1	Rtr2	696
1176	1	Rtr2	77
1177	1	Rtr2	58
1178	1	Rtr2	25
1179	1	Rtr2	23
1180	1	Rtr2	41
1181	1	Rtr2	32
1182	1	Rtr2	32
1183	1	Rtr2	27
1184	1	Rtr2	25
1185	1	Rtr2	48
1186	1	Rtr2	22
1187	1	Rtr2	35
1188	1	Rtr2	28
1189	1	Rtr2	43
1190	1	Rtr2	53
1191	1	Rtr2	50
1192	1	Rtr2	677
1193	1	Rtr2	1303
1194	1	Rtr2	1303
1195	1	Rtr2	1320
1196	1	Rtr2	699
1197	1	Rtr2	75
1198	1	Rtr2	54
1199	1	Rtr2	46
1200	1	Rtr2	49
1201	1	Rtr2	37
1202	1	Rtr2	37
1203	1	Rtr2	27
1204	1	Rtr2	23
1205	1	Rtr2	33
1206	1	Rtr2	29
1207	1	Rtr2	24
1208	1	Rtr2	20
1209	1	Rtr2	38
1210	1	Rtr2	42
1211	1	Rtr2	51
1212	1	Rtr2	42
1213	1	Rtr2	667
1214	1	Rtr2	1308
1215	1	Rtr2	1331
1216	1	Rtr2	1334
1217	1	Rtr2	688
1218	1	Rtr2	46
1219	1	Rtr2	33
1220	1	Rtr2	42
1221	1	Rtr2	166
1222	1	Rtr2	164
1223	1	Rtr2	162
1224	1	Rtr2	157
1225	1	Rtr2	159
1226	1	Rtr2	155
1227	1	Rtr2	136
1228	1	Rtr2	21
1229	1	Rtr2	22
1230	1	Rtr2	29
1231	1	Rtr2	34
1232	1	Rtr2	36
1233	1	Rtr2	21
1234	1	Rtr2	661
1235	1	Rtr2	1329
1236	1	Rtr2	1328
1237	1	Rtr2	1324
1238	1	Rtr2	688
1239	1	Rtr2	43
1240	1	Rtr2	39
1241	1	Rtr2	53
1242	1	Rtr2	36
1243	1	Rtr2	24
1244	1	Rtr2	17
1245	1	Rtr2	27
1246	1	Rtr2	36
1247	1	Rtr2	17
1248	1	Rtr2	14
1249	1	Rtr2	28
1250	1	Rtr2	36
1251	1	Rtr2	41
1252	1	Rtr2	50
1253	1	Rtr2	29
1254	1	Rtr2	18
1255	1	Rtr2	679
1256	1	Rtr2	1321
1257	1	Rtr2	1327
1258	1	Rtr2	1322
1259	1	Rtr2	689
1260	1	Rtr2	45
1261	1	Rtr2	38
1262	1	Rtr2	35
1263	1	Rtr2	19
1264	1	Rtr2	24
1265	1	Rtr2	20
1266	1	Rtr2	181
1267	1	Rtr2	165
1268	1	Rtr2	157
1269	1	Rtr2	141
1270	1	Rtr2	133
1271	1	Rtr2	129
1272	1	Rtr2	126
1273	1	Rtr2	21
1274	1	Rtr2	21
1275	1	Rtr2	26
1276	1	Rtr2	681
1277	1	Rtr2	1323
1278	1	Rtr2	1332
1279	1	Rtr2	1336
1280	1	Rtr2	708
1281	1	Rtr2	54
1282	1	Rtr2	58
1283	1	Rtr2	30
1284	1	Rtr2	26
1285	1	Rtr2	35
1286	1	Rtr2	42
1287	1	Rtr2	29
1288	1	Rtr2	19
1289	1	Rtr2	22
1290	1	Rtr2	31
1291	1	Rtr2	26
1292	1	Rtr2	16
1293	1	Rtr2	21
1294	1	Rtr2	28
1295	1	Rtr2	27
1296	1	Rtr2	24
1297	1	Rtr2	679
1298	1	Rtr2	1321
1299	1	Rtr2	1340
1300	1	Rtr2	1355
1301	1	Rtr2	697
1302	1	Rtr2	33
1303	1	Rtr2	682
1304	1	Rtr2	1343
1305	1	Rtr2	1357
1306	1	Rtr2	1360
1307	1	Rtr2	701
1308	1	Rtr2	39
1309	1	Rtr2	26
1310	1	Rtr2	36
1311	1	Rtr2	31
1312	1	Rtr2	22
1313	1	Rtr2	22
1314	1	Rtr2	19
1315	1	Rtr2	20
1316	1	Rtr2	29
1317	1	Rtr2	31
1318	1	Rtr2	16
1319	1	Rtr2	22
1320	1	Rtr2	22
1321	1	Rtr2	159
1322	1	Rtr2	168
1323	1	Rtr2	158
1324	1	Rtr2	783
1325	1	Rtr2	1454
1326	1	Rtr2	1458
1327	1	Rtr2	1454
1328	1	Rtr2	702
1329	1	Rtr2	30
1330	1	Rtr2	32
1331	1	Rtr2	30
1332	1	Rtr2	25
1333	1	Rtr2	22
1334	1	Rtr2	24
1335	1	Rtr2	31
1336	1	Rtr2	34
1337	1	Rtr2	14
1338	1	Rtr2	34
1339	1	Rtr2	22
1340	1	Rtr2	28
1341	1	Rtr2	17
1342	1	Rtr2	23
1343	1	Rtr2	25
1344	1	Rtr2	14
1345	1	Rtr2	689
1346	1	Rtr2	1352
1347	1	Rtr2	1367
1348	1	Rtr2	1357
1349	1	Rtr2	706
1350	1	Rtr2	40
1351	1	Rtr2	38
1352	1	Rtr2	24
1353	1	Rtr2	23
1354	1	Rtr2	18
1355	1	Rtr2	28
1356	1	Rtr2	35
1357	1	Rtr2	36
1358	1	Rtr2	15
1359	1	Rtr2	17
1360	1	Rtr2	27
1361	1	Rtr2	28
1362	1	Rtr2	19
1363	1	Rtr2	18
1364	1	Rtr2	30
1365	1	Rtr2	36
1366	1	Rtr2	698
1367	1	Rtr2	1364
1368	1	Rtr2	1370
1369	1	Rtr2	1372
1370	1	Rtr2	716
1371	1	Rtr2	42
1372	1	Rtr2	29
1373	1	Rtr2	21
1374	1	Rtr2	22
1375	1	Rtr2	35
1376	1	Rtr2	159
1377	1	Rtr2	161
1378	1	Rtr2	149
1379	1	Rtr2	153
1380	1	Rtr2	140
1381	1	Rtr2	134
1382	1	Rtr2	122
1383	1	Rtr2	22
1384	1	Rtr2	19
1385	1	Rtr2	14
1386	1	Rtr2	19
1387	1	Rtr2	690
1388	1	Rtr2	1366
1389	1	Rtr2	1371
1390	1	Rtr2	1387
1391	1	Rtr2	715
1392	1	Rtr2	39
1393	1	Rtr2	22
1394	1	Rtr2	18
1395	1	Rtr2	25
1396	1	Rtr2	24
1397	1	Rtr2	16
1398	1	Rtr2	17
1399	1	Rtr2	19
1400	1	Rtr2	20
1401	1	Rtr2	20
1402	1	Rtr2	34
1403	1	Rtr2	16
1404	1	Rtr2	25
1405	1	Rtr2	22
1406	1	Rtr2	23
1407	1	Rtr2	22
1408	1	Rtr2	698
1409	1	Rtr2	1371
1410	1	Rtr2	1387
1411	1	Rtr2	1389
1412	1	Rtr2	712
1413	1	Rtr2	27
1414	1	Rtr2	21
1415	1	Rtr2	21
1416	1	Rtr2	27
1417	1	Rtr2	22
1418	1	Rtr2	15
1419	1	Rtr2	16
1420	1	Rtr2	22
1421	1	Rtr2	24
1422	1	Rtr2	21
1423	1	Rtr2	22
1424	1	Rtr2	22
1425	1	Rtr2	19
1426	1	Rtr2	24
1427	1	Rtr2	21
1428	1	Rtr2	23
1429	1	Rtr2	701
1430	1	Rtr2	1395
1431	1	Rtr2	1398
1432	1	Rtr2	1398
1433	1	Rtr2	848
1434	1	Rtr2	182
1435	1	Rtr2	189
1436	1	Rtr2	186
1437	1	Rtr2	143
1438	1	Rtr2	93
1439	1	Rtr2	87
1440	1	Rtr2	22
1441	1	Rtr2	20
1442	1	Rtr2	17
1443	1	Rtr2	17
1444	1	Rtr2	16
1445	1	Rtr2	17
1446	1	Rtr2	15
1447	1	Rtr2	13
1448	1	Rtr2	22
1449	1	Rtr2	20
1450	1	Rtr2	704
1451	1	Rtr2	1389
1452	1	Rtr2	1399
1453	1	Rtr2	1399
1454	1	Rtr2	723
1455	1	Rtr2	29
1456	1	Rtr2	18
1457	1	Rtr2	27
1458	1	Rtr2	14
1459	1	Rtr2	17
1460	1	Rtr2	18
1461	1	Rtr2	19
1462	1	Rtr2	17
1463	1	Rtr2	18
1464	1	Rtr2	15
1465	1	Rtr2	22
1466	1	Rtr2	15
1467	1	Rtr2	16
1468	1	Rtr2	14
1469	1	Rtr2	13
1470	1	Rtr2	18
1471	1	Rtr2	705
1472	1	Rtr2	1398
1473	1	Rtr2	1401
1474	1	Rtr2	1412
1475	1	Rtr2	734
1476	1	Rtr2	40
1477	1	Rtr2	27
1478	1	Rtr2	13
1479	1	Rtr2	20
1480	1	Rtr2	16
1481	1	Rtr2	15
1482	1	Rtr2	18
1483	1	Rtr2	15
1484	1	Rtr2	15
1485	1	Rtr2	16
1486	1	Rtr2	16
1487	1	Rtr2	17
1488	1	Rtr2	17
1489	1	Rtr2	14
1490	1	Rtr2	11
1491	1	Rtr2	146
1492	1	Rtr2	831
1493	1	Rtr2	1500
1494	1	Rtr2	1492
1495	1	Rtr2	1493
1496	1	Rtr2	796
1497	1	Rtr2	99
1498	1	Rtr2	25
1499	1	Rtr2	9
1500	1	Rtr2	11
1501	1	Rtr2	16
1502	1	Rtr2	15
1503	1	Rtr2	25
1504	1	Rtr2	15
1505	1	Rtr2	14
1506	1	Rtr2	16
1507	1	Rtr2	18
1508	1	Rtr2	13
1509	1	Rtr2	20
1510	1	Rtr2	19
1511	1	Rtr2	18
1512	1	Rtr2	18
1513	1	Rtr2	706
1514	1	Rtr2	1414
1515	1	Rtr2	1427
1516	1	Rtr2	1427
1517	1	Rtr2	731
1518	1	Rtr2	23
1519	1	Rtr2	14
1520	1	Rtr2	15
1521	1	Rtr2	18
1522	1	Rtr2	15
1523	1	Rtr2	17
1524	1	Rtr2	15
1525	1	Rtr2	14
1526	1	Rtr2	14
1527	1	Rtr2	14
1528	1	Rtr2	16
1529	1	Rtr2	9
1530	1	Rtr2	13
1531	1	Rtr2	21
1532	1	Rtr2	19
1533	1	Rtr2	15
1534	1	Rtr2	718
1535	1	Rtr2	1423
1536	1	Rtr2	1436
1537	1	Rtr2	1431
1538	1	Rtr2	730
1539	1	Rtr2	25
1540	1	Rtr2	22
1541	1	Rtr2	14
1542	1	Rtr2	16
1543	1	Rtr2	17
1544	1	Rtr2	18
1545	1	Rtr2	14
1546	1	Rtr2	13
1547	1	Rtr2	148
1548	1	Rtr2	156
1549	1	Rtr2	127
1550	1	Rtr2	161
1551	1	Rtr2	116
1552	1	Rtr2	101
1553	1	Rtr2	76
1554	1	Rtr2	16
1555	1	Rtr2	715
1556	1	Rtr2	1427
1557	1	Rtr2	1432
1558	1	Rtr2	1436
1559	1	Rtr2	728
1560	1	Rtr2	19
1561	1	Rtr2	14
1562	1	Rtr2	17
1563	1	Rtr2	16
1564	1	Rtr2	145
1565	1	Rtr2	182
1566	1	Rtr2	167
1567	1	Rtr2	158
1568	1	Rtr2	80
1569	1	Rtr2	80
1570	1	Rtr2	83
1571	1	Rtr2	18
1572	1	Rtr2	14
1573	1	Rtr2	17
1574	1	Rtr2	17
1575	1	Rtr2	17
1576	1	Rtr2	726
1577	1	Rtr2	1434
1578	1	Rtr2	1444
1579	1	Rtr2	1444
1580	1	Rtr2	747
1581	1	Rtr2	33
1582	1	Rtr2	23
1583	1	Rtr2	16
1584	1	Rtr2	8
1585	1	Rtr2	14
1586	1	Rtr2	16
1587	1	Rtr2	17
1588	1	Rtr2	14
1589	1	Rtr2	11
1590	1	Rtr2	17
1591	1	Rtr2	23
1592	1	Rtr2	13
1593	1	Rtr2	14
1594	1	Rtr2	11
1595	1	Rtr2	15
1596	1	Rtr2	11
1597	1	Rtr2	729
1598	1	Rtr2	1439
1599	1	Rtr2	1450
1600	1	Rtr2	1457
1601	1	Rtr2	739
1602	1	Rtr2	29
1603	1	Rtr2	726
1604	1	Rtr2	1451
1605	1	Rtr2	1462
1606	1	Rtr2	1465
1607	1	Rtr2	749
1608	1	Rtr2	22
1609	1	Rtr2	16
1610	1	Rtr2	14
1611	1	Rtr2	15
1612	1	Rtr2	12
1613	1	Rtr2	13
1614	1	Rtr2	14
1615	1	Rtr2	11
1616	1	Rtr2	15
1617	1	Rtr2	17
1618	1	Rtr2	12
1619	1	Rtr2	12
1620	1	Rtr2	12
1621	1	Rtr2	13
1622	1	Rtr2	12
1623	1	Rtr2	131
1624	1	Rtr2	843
1625	1	Rtr2	1566
1626	1	Rtr2	1578
1627	1	Rtr2	1547
1628	1	Rtr2	799
1629	1	Rtr2	74
1630	1	Rtr2	14
1631	1	Rtr2	14
1632	1	Rtr2	13
1633	1	Rtr2	11
1634	1	Rtr2	11
1635	1	Rtr2	19
1636	1	Rtr2	15
1637	1	Rtr2	13
1638	1	Rtr2	11
1639	1	Rtr2	17
1640	1	Rtr2	14
1641	1	Rtr2	16
1642	1	Rtr2	15
1643	1	Rtr2	13
1644	1	Rtr2	18
1645	1	Rtr2	730
1646	1	Rtr2	1461
1647	1	Rtr2	1477
1648	1	Rtr2	1473
1649	1	Rtr2	758
1650	1	Rtr2	27
1651	1	Rtr2	14
1652	1	Rtr2	15
1653	1	Rtr2	13
1654	1	Rtr2	10
1655	1	Rtr2	12
1656	1	Rtr2	11
1657	1	Rtr2	14
1658	1	Rtr2	18
1659	1	Rtr2	9
1660	1	Rtr2	15
1661	1	Rtr2	15
1662	1	Rtr2	13
1663	1	Rtr2	12
1664	1	Rtr2	13
1665	1	Rtr2	17
1666	1	Rtr2	741
1667	1	Rtr2	1475
1668	1	Rtr2	1478
1669	1	Rtr2	1483
1670	1	Rtr2	757
1671	1	Rtr2	25
1672	1	Rtr2	16
1673	1	Rtr2	12
1674	1	Rtr2	17
1675	1	Rtr2	15
1676	1	Rtr2	18
1677	1	Rtr2	14
1678	1	Rtr2	14
1679	1	Rtr2	113
1680	1	Rtr2	138
1681	1	Rtr2	158
1682	1	Rtr2	145
1683	1	Rtr2	83
1684	1	Rtr2	85
1685	1	Rtr2	76
1686	1	Rtr2	12
1687	1	Rtr2	741
1688	1	Rtr2	1483
1689	1	Rtr2	1487
1690	1	Rtr2	1497
1691	1	Rtr2	761
1692	1	Rtr2	30
1693	1	Rtr2	11
1694	1	Rtr2	12
1695	1	Rtr2	13
1696	1	Rtr2	13
1697	1	Rtr2	12
1698	1	Rtr2	15
1699	1	Rtr2	11
1700	1	Rtr2	9
1701	1	Rtr2	15
1702	1	Rtr2	13
1703	1	Rtr2	8
1704	1	Rtr2	10
1705	1	Rtr2	15
1706	1	Rtr2	8
1707	1	Rtr2	13
1708	1	Rtr2	749
1709	1	Rtr2	1487
1710	1	Rtr2	1496
1711	1	Rtr2	1496
1712	1	Rtr2	761
1713	1	Rtr2	21
1714	1	Rtr2	15
1715	1	Rtr2	13
1716	1	Rtr2	12
1717	1	Rtr2	11
1718	1	Rtr2	16
1719	1	Rtr2	13
1720	1	Rtr2	15
1721	1	Rtr2	10
1722	1	Rtr2	11
1723	1	Rtr2	12
1724	1	Rtr2	14
1725	1	Rtr2	12
1726	1	Rtr2	15
1727	1	Rtr2	12
1728	1	Rtr2	12
1729	1	Rtr2	747
1730	1	Rtr2	1492
1731	1	Rtr2	1501
1732	1	Rtr2	1499
1733	1	Rtr2	764
1734	1	Rtr2	21
1735	1	Rtr2	13
1736	1	Rtr2	11
1737	1	Rtr2	15
1738	1	Rtr2	13
1739	1	Rtr2	15
1740	1	Rtr2	9
1741	1	Rtr2	12
1742	1	Rtr2	134
1743	1	Rtr2	127
1744	1	Rtr2	124
1745	1	Rtr2	117
1746	1	Rtr2	83
1747	1	Rtr2	83
1748	1	Rtr2	55
1749	1	Rtr2	17
1750	1	Rtr2	753
1751	1	Rtr2	1500
1752	1	Rtr2	1511
1753	1	Rtr2	1503
1754	1	Rtr2	763
1755	1	Rtr2	17
1756	1	Rtr2	11
1757	1	Rtr2	11
1758	1	Rtr2	14
1759	1	Rtr2	12
1760	1	Rtr2	16
1761	1	Rtr2	11
1762	1	Rtr2	12
1763	1	Rtr2	14
1764	1	Rtr2	10
1765	1	Rtr2	15
1766	1	Rtr2	8
1767	1	Rtr2	15
1768	1	Rtr2	13
1769	1	Rtr2	10
1770	1	Rtr2	116
1771	1	Rtr2	851
1772	1	Rtr2	1588
1773	1	Rtr2	1593
1774	1	Rtr2	1563
1775	1	Rtr2	820
1776	1	Rtr2	64
1777	1	Rtr2	12
1778	1	Rtr2	9
1779	1	Rtr2	8
1780	1	Rtr2	13
1781	1	Rtr2	17
1782	1	Rtr2	11
1783	1	Rtr2	12
1784	1	Rtr2	14
1785	1	Rtr2	12
1786	1	Rtr2	12
1787	1	Rtr2	14
1788	1	Rtr2	9
1789	1	Rtr2	15
1790	1	Rtr2	10
1791	1	Rtr2	11
1792	1	Rtr2	760
1793	1	Rtr2	1511
1794	1	Rtr2	1522
1795	1	Rtr2	1523
1796	1	Rtr2	777
1797	1	Rtr2	18
1798	1	Rtr2	13
1799	1	Rtr2	10
1800	1	Rtr2	8
1801	1	Rtr2	6
1802	1	Rtr2	12
1803	1	Rtr2	9
1804	1	Rtr2	6
1805	1	Rtr2	12
1806	1	Rtr2	15
1807	1	Rtr2	13
1808	1	Rtr2	12
1809	1	Rtr2	10
1810	1	Rtr2	11
1811	1	Rtr2	11
1812	1	Rtr2	8
1813	1	Rtr2	766
1814	1	Rtr2	1526
1815	1	Rtr2	1533
1816	1	Rtr2	1535
1817	1	Rtr2	782
1818	1	Rtr2	15
1819	1	Rtr2	10
1820	1	Rtr2	9
1821	1	Rtr2	9
1822	1	Rtr2	7
1823	1	Rtr2	12
1824	1	Rtr2	8
1825	1	Rtr2	11
1826	1	Rtr2	8
1827	1	Rtr2	10
1828	1	Rtr2	7
1829	1	Rtr2	12
1830	1	Rtr2	8
1831	1	Rtr2	11
1832	1	Rtr2	8
1833	1	Rtr2	7
1834	1	Rtr2	769
1835	1	Rtr2	1534
1836	1	Rtr2	1541
1837	1	Rtr2	1543
1838	1	Rtr2	784
1839	1	Rtr2	143
1840	1	Rtr2	134
1841	1	Rtr2	137
1842	1	Rtr2	123
1843	1	Rtr2	66
1844	1	Rtr2	65
1845	1	Rtr2	63
1846	1	Rtr2	10
1847	1	Rtr2	12
1848	1	Rtr2	11
1849	1	Rtr2	14
1850	1	Rtr2	8
1851	1	Rtr2	10
1852	1	Rtr2	10
1853	1	Rtr2	10
1854	1	Rtr2	9
1855	1	Rtr2	769
1856	1	Rtr2	1538
1857	1	Rtr2	1546
1858	1	Rtr2	1551
1859	1	Rtr2	787
1860	1	Rtr2	13
1861	1	Rtr2	7
1862	1	Rtr2	10
1863	1	Rtr2	8
1864	1	Rtr2	10
1865	1	Rtr2	6
1866	1	Rtr2	11
1867	1	Rtr2	8
1868	1	Rtr2	9
1869	1	Rtr2	8
1870	1	Rtr2	12
1871	1	Rtr2	9
1872	1	Rtr2	11
1873	1	Rtr2	11
1874	1	Rtr2	9
1875	1	Rtr2	9
1876	1	Rtr2	772
1877	1	Rtr2	1545
1878	1	Rtr2	1561
1879	1	Rtr2	1553
1880	1	Rtr2	789
1881	1	Rtr2	21
1882	1	Rtr2	9
1883	1	Rtr2	10
1884	1	Rtr2	13
1885	1	Rtr2	12
1886	1	Rtr2	9
1887	1	Rtr2	9
1888	1	Rtr2	13
1889	1	Rtr2	10
1890	1	Rtr2	11
1891	1	Rtr2	112
1892	1	Rtr2	116
1893	1	Rtr2	98
1894	1	Rtr2	109
1895	1	Rtr2	91
1896	1	Rtr2	90
1897	1	Rtr2	859
1898	1	Rtr2	1556
1899	1	Rtr2	1561
1900	1	Rtr2	1565
1901	1	Rtr2	795
1902	1	Rtr2	16
1903	1	Rtr2	784
1904	1	Rtr2	1559
1905	1	Rtr2	1570
1906	1	Rtr2	1570
1907	1	Rtr2	797
1908	1	Rtr2	19
1909	1	Rtr2	7
1910	1	Rtr2	9
1911	1	Rtr2	13
1912	1	Rtr2	10
1913	1	Rtr2	12
1914	1	Rtr2	10
1915	1	Rtr2	9
1916	1	Rtr2	8
1917	1	Rtr2	9
1918	1	Rtr2	12
1919	1	Rtr2	9
1920	1	Rtr2	9
1921	1	Rtr2	9
1922	1	Rtr2	8
1923	1	Rtr2	9
1924	1	Rtr2	787
1925	1	Rtr2	1568
1926	1	Rtr2	1577
1927	1	Rtr2	1573
1928	1	Rtr2	802
1929	1	Rtr2	15
1930	1	Rtr2	9
1931	1	Rtr2	11
1932	1	Rtr2	8
1933	1	Rtr2	14
1934	1	Rtr2	9
1935	1	Rtr2	6
1936	1	Rtr2	8
1937	1	Rtr2	108
1938	1	Rtr2	96
1939	1	Rtr2	91
1940	1	Rtr2	115
1941	1	Rtr2	69
1942	1	Rtr2	72
1943	1	Rtr2	62
1944	1	Rtr2	10
1945	1	Rtr2	789
1946	1	Rtr2	1577
1947	1	Rtr2	1586
1948	1	Rtr2	1587
1949	1	Rtr2	805
1950	1	Rtr2	21
1951	1	Rtr2	12
1952	1	Rtr2	10
1953	1	Rtr2	10
1954	1	Rtr2	8
1955	1	Rtr2	10
1956	1	Rtr2	8
1957	1	Rtr2	9
1958	1	Rtr2	6
1959	1	Rtr2	10
1960	1	Rtr2	10
1961	1	Rtr2	6
1962	1	Rtr2	7
1963	1	Rtr2	9
1964	1	Rtr2	7
1965	1	Rtr2	6
1966	1	Rtr2	793
1967	1	Rtr2	1584
1968	1	Rtr2	1592
1969	1	Rtr2	1591
1970	1	Rtr2	809
1971	1	Rtr2	17
1972	1	Rtr2	7
1973	1	Rtr2	11
1974	1	Rtr2	8
1975	1	Rtr2	10
1976	1	Rtr2	8
1977	1	Rtr2	6
1978	1	Rtr2	7
1979	1	Rtr2	10
1980	1	Rtr2	11
1981	1	Rtr2	8
1982	1	Rtr2	8
1983	1	Rtr2	6
1984	1	Rtr2	10
1985	1	Rtr2	10
1986	1	Rtr2	6
1987	1	Rtr2	792
1988	1	Rtr2	1590
1989	1	Rtr2	1602
1990	1	Rtr2	1599
1991	1	Rtr2	814
1992	1	Rtr2	15
1993	1	Rtr2	99
1994	1	Rtr2	90
1995	1	Rtr2	98
1996	1	Rtr2	103
1997	1	Rtr2	61
1998	1	Rtr2	46
1999	1	Rtr2	50
