Time	Node	PitItems
	585
2	1	Rtr2	633
3	1	Rtr2	1385
4	1	Rtr2	2127
5	1	Rtr2	2223
6	1	Rtr2	2195
7	1	Rtr2	1407
8	1	Rtr2	177
9	1	Rtr2	113
10	1	Rtr2	199
11	1	Rtr2	197
12	1	Rtr2	166
13	1	Rtr2	94
14	1	Rtr2	73
15	1	Rtr2	139
16	1	Rtr2	165
17	1	Rtr2	135
18	1	Rtr2	98
19	1	Rtr2	75
20	1	Rtr2	148
21	1	Rtr2	143
22	1	Rtr2	130
23	1	Rtr2	117
24	1	Rtr2	881
25	1	Rtr2	1743
26	1	Rtr2	1767
27	1	Rtr2	1761
28	1	Rtr2	931
29	1	Rtr2	125
30	1	Rtr2	207
31	1	Rtr2	194
32	1	Rtr2	195
33	1	Rtr2	107
34	1	Rtr2	118
35	1	Rtr2	201
36	1	Rtr2	184
37	1	Rtr2	167
38	1	Rtr2	86
39	1	Rtr2	81
40	1	Rtr2	140
41	1	Rtr2	138
42	1	Rtr2	140
43	1	Rtr2	118
44	1	Rtr2	122
45	1	Rtr2	975
46	1	Rtr2	1783
47	1	Rtr2	1792
48	1	Rtr2	1715
49	1	Rtr2	937
50	1	Rtr2	205
51	1	Rtr2	198
52	1	Rtr2	187
53	1	Rtr2	95
54	1	Rtr2	92
55	1	Rtr2	151
56	1	Rtr2	546
57	1	Rtr2	520
58	1	Rtr2	493
59	1	Rtr2	502
60	1	Rtr2	523
61	1	Rtr2	520
62	1	Rtr2	504
63	1	Rtr2	84
64	1	Rtr2	80
65	1	Rtr2	131
66	1	Rtr2	922
67	1	Rtr2	1722
68	1	Rtr2	1715
69	1	Rtr2	1727
70	1	Rtr2	986
71	1	Rtr2	199
72	1	Rtr2	175
73	1	Rtr2	112
74	1	Rtr2	81
75	1	Rtr2	139
76	1	Rtr2	138
77	1	Rtr2	123
78	1	Rtr2	109
79	1	Rtr2	87
80	1	Rtr2	155
81	1	Rtr2	162
82	1	Rtr2	129
83	1	Rtr2	84
84	1	Rtr2	86
85	1	Rtr2	156
86	1	Rtr2	136
87	1	Rtr2	958
88	1	Rtr2	1697
89	1	Rtr2	1720
90	1	Rtr2	1781
91	1	Rtr2	996
92	1	Rtr2	194
93	1	Rtr2	135
94	1	Rtr2	122
95	1	Rtr2	177
96	1	Rtr2	183
97	1	Rtr2	163
98	1	Rtr2	107
99	1	Rtr2	88
100	1	Rtr2	174
101	1	Rtr2	183
102	1	Rtr2	161
103	1	Rtr2	93
104	1	Rtr2	107
105	1	Rtr2	185
106	1	Rtr2	185
107	1	Rtr2	175
108	1	Rtr2	918
109	1	Rtr2	1705
110	1	Rtr2	1805
111	1	Rtr2	2098
112	1	Rtr2	1338
113	1	Rtr2	500
114	1	Rtr2	487
115	1	Rtr2	513
116	1	Rtr2	521
117	1	Rtr2	486
118	1	Rtr2	94
119	1	Rtr2	85
120	1	Rtr2	144
121	1	Rtr2	144
122	1	Rtr2	156
123	1	Rtr2	103
124	1	Rtr2	96
125	1	Rtr2	154
126	1	Rtr2	149
127	1	Rtr2	132
128	1	Rtr2	99
129	1	Rtr2	879
130	1	Rtr2	1750
131	1	Rtr2	1760
132	1	Rtr2	1763
133	1	Rtr2	929
134	1	Rtr2	129
135	1	Rtr2	189
136	1	Rtr2	195
137	1	Rtr2	149
138	1	Rtr2	66
139	1	Rtr2	86
140	1	Rtr2	158
141	1	Rtr2	136
142	1	Rtr2	127
143	1	Rtr2	85
144	1	Rtr2	96
145	1	Rtr2	163
146	1	Rtr2	184
147	1	Rtr2	152
148	1	Rtr2	108
149	1	Rtr2	81
150	1	Rtr2	950
151	1	Rtr2	1757
152	1	Rtr2	1760
153	1	Rtr2	1726
154	1	Rtr2	943
155	1	Rtr2	197
156	1	Rtr2	201
157	1	Rtr2	180
158	1	Rtr2	100
159	1	Rtr2	116
160	1	Rtr2	198
161	1	Rtr2	529
162	1	Rtr2	548
163	1	Rtr2	450
164	1	Rtr2	462
165	1	Rtr2	507
166	1	Rtr2	488
167	1	Rtr2	462
168	1	Rtr2	96
169	1	Rtr2	74
170	1	Rtr2	125
171	1	Rtr2	937
172	1	Rtr2	1755
173	1	Rtr2	1757
174	1	Rtr2	1738
175	1	Rtr2	999
176	1	Rtr2	165
177	1	Rtr2	146
178	1	Rtr2	87
179	1	Rtr2	73
180	1	Rtr2	161
181	1	Rtr2	146
182	1	Rtr2	109
183	1	Rtr2	73
184	1	Rtr2	74
185	1	Rtr2	137
186	1	Rtr2	136
187	1	Rtr2	121
188	1	Rtr2	87
189	1	Rtr2	78
190	1	Rtr2	146
191	1	Rtr2	138
192	1	Rtr2	929
193	1	Rtr2	1732
194	1	Rtr2	1739
195	1	Rtr2	1800
196	1	Rtr2	1004
197	1	Rtr2	183
198	1	Rtr2	120
199	1	Rtr2	119
200	1	Rtr2	180
201	1	Rtr2	165
202	1	Rtr2	160
203	1	Rtr2	86
204	1	Rtr2	68
205	1	Rtr2	149
206	1	Rtr2	133
207	1	Rtr2	107
208	1	Rtr2	100
209	1	Rtr2	105
210	1	Rtr2	152
211	1	Rtr2	164
212	1	Rtr2	156
213	1	Rtr2	909
214	1	Rtr2	1738
215	1	Rtr2	1809
216	1	Rtr2	1805
217	1	Rtr2	1002
218	1	Rtr2	108
219	1	Rtr2	125
220	1	Rtr2	186
221	1	Rtr2	510
222	1	Rtr2	521
223	1	Rtr2	423
224	1	Rtr2	423
225	1	Rtr2	440
226	1	Rtr2	416
227	1	Rtr2	390
228	1	Rtr2	70
229	1	Rtr2	65
230	1	Rtr2	110
231	1	Rtr2	135
232	1	Rtr2	103
233	1	Rtr2	75
234	1	Rtr2	900
235	1	Rtr2	1786
236	1	Rtr2	1789
237	1	Rtr2	1790
238	1	Rtr2	944
239	1	Rtr2	124
240	1	Rtr2	175
241	1	Rtr2	183
242	1	Rtr2	157
243	1	Rtr2	78
244	1	Rtr2	74
245	1	Rtr2	115
246	1	Rtr2	163
247	1	Rtr2	130
248	1	Rtr2	91
249	1	Rtr2	89
250	1	Rtr2	157
251	1	Rtr2	171
252	1	Rtr2	169
253	1	Rtr2	97
254	1	Rtr2	54
255	1	Rtr2	938
256	1	Rtr2	1778
257	1	Rtr2	1772
258	1	Rtr2	1752
259	1	Rtr2	942
260	1	Rtr2	172
261	1	Rtr2	165
262	1	Rtr2	172
263	1	Rtr2	100
264	1	Rtr2	76
265	1	Rtr2	137
266	1	Rtr2	475
267	1	Rtr2	475
268	1	Rtr2	427
269	1	Rtr2	399
270	1	Rtr2	412
271	1	Rtr2	400
272	1	Rtr2	400
273	1	Rtr2	84
274	1	Rtr2	80
275	1	Rtr2	132
276	1	Rtr2	950
277	1	Rtr2	1782
278	1	Rtr2	1772
279	1	Rtr2	1753
280	1	Rtr2	1011
281	1	Rtr2	175
282	1	Rtr2	142
283	1	Rtr2	76
284	1	Rtr2	96
285	1	Rtr2	158
286	1	Rtr2	151
287	1	Rtr2	124
288	1	Rtr2	80
289	1	Rtr2	73
290	1	Rtr2	121
291	1	Rtr2	127
292	1	Rtr2	111
293	1	Rtr2	95
294	1	Rtr2	72
295	1	Rtr2	134
296	1	Rtr2	109
297	1	Rtr2	940
298	1	Rtr2	1757
299	1	Rtr2	1777
300	1	Rtr2	1830
301	1	Rtr2	1022
302	1	Rtr2	173
303	1	Rtr2	920
304	1	Rtr2	1761
305	1	Rtr2	1813
306	1	Rtr2	1819
307	1	Rtr2	1006
308	1	Rtr2	133
309	1	Rtr2	106
310	1	Rtr2	167
311	1	Rtr2	174
312	1	Rtr2	134
313	1	Rtr2	67
314	1	Rtr2	77
315	1	Rtr2	152
316	1	Rtr2	139
317	1	Rtr2	144
318	1	Rtr2	102
319	1	Rtr2	87
320	1	Rtr2	140
321	1	Rtr2	475
322	1	Rtr2	506
323	1	Rtr2	442
324	1	Rtr2	1276
325	1	Rtr2	2130
326	1	Rtr2	2142
327	1	Rtr2	2134
328	1	Rtr2	948
329	1	Rtr2	82
330	1	Rtr2	106
331	1	Rtr2	93
332	1	Rtr2	97
333	1	Rtr2	46
334	1	Rtr2	41
335	1	Rtr2	103
336	1	Rtr2	92
337	1	Rtr2	81
338	1	Rtr2	58
339	1	Rtr2	76
340	1	Rtr2	118
341	1	Rtr2	111
342	1	Rtr2	97
343	1	Rtr2	73
344	1	Rtr2	67
345	1	Rtr2	948
346	1	Rtr2	1785
347	1	Rtr2	1791
348	1	Rtr2	1778
349	1	Rtr2	941
350	1	Rtr2	148
351	1	Rtr2	140
352	1	Rtr2	105
353	1	Rtr2	71
354	1	Rtr2	75
355	1	Rtr2	128
356	1	Rtr2	122
357	1	Rtr2	126
358	1	Rtr2	86
359	1	Rtr2	54
360	1	Rtr2	95
361	1	Rtr2	100
362	1	Rtr2	90
363	1	Rtr2	95
364	1	Rtr2	69
365	1	Rtr2	132
366	1	Rtr2	964
367	1	Rtr2	1797
368	1	Rtr2	1775
369	1	Rtr2	1769
370	1	Rtr2	990
371	1	Rtr2	139
372	1	Rtr2	159
373	1	Rtr2	127
374	1	Rtr2	87
375	1	Rtr2	145
376	1	Rtr2	512
377	1	Rtr2	554
378	1	Rtr2	473
379	1	Rtr2	466
380	1	Rtr2	475
381	1	Rtr2	447
382	1	Rtr2	425
383	1	Rtr2	73
384	1	Rtr2	73
385	1	Rtr2	110
386	1	Rtr2	111
387	1	Rtr2	959
388	1	Rtr2	1770
389	1	Rtr2	1788
390	1	Rtr2	1834
391	1	Rtr2	1005
392	1	Rtr2	170
393	1	Rtr2	106
394	1	Rtr2	87
395	1	Rtr2	132
396	1	Rtr2	149
397	1	Rtr2	138
398	1	Rtr2	90
399	1	Rtr2	80
400	1	Rtr2	140
401	1	Rtr2	131
402	1	Rtr2	129
403	1	Rtr2	100
404	1	Rtr2	81
405	1	Rtr2	141
406	1	Rtr2	144
407	1	Rtr2	116
408	1	Rtr2	920
409	1	Rtr2	1771
410	1	Rtr2	1830
411	1	Rtr2	1836
412	1	Rtr2	992
413	1	Rtr2	97
414	1	Rtr2	68
415	1	Rtr2	124
416	1	Rtr2	142
417	1	Rtr2	128
418	1	Rtr2	91
419	1	Rtr2	82
420	1	Rtr2	131
421	1	Rtr2	128
422	1	Rtr2	104
423	1	Rtr2	68
424	1	Rtr2	54
425	1	Rtr2	118
426	1	Rtr2	106
427	1	Rtr2	109
428	1	Rtr2	79
429	1	Rtr2	932
430	1	Rtr2	1841
431	1	Rtr2	1846
432	1	Rtr2	1853
433	1	Rtr2	1246
434	1	Rtr2	398
435	1	Rtr2	425
436	1	Rtr2	453
437	1	Rtr2	393
438	1	Rtr2	333
439	1	Rtr2	301
440	1	Rtr2	130
441	1	Rtr2	137
442	1	Rtr2	143
443	1	Rtr2	78
444	1	Rtr2	75
445	1	Rtr2	117
446	1	Rtr2	113
447	1	Rtr2	96
448	1	Rtr2	62
449	1	Rtr2	45
450	1	Rtr2	939
451	1	Rtr2	1804
452	1	Rtr2	1810
453	1	Rtr2	1799
454	1	Rtr2	955
455	1	Rtr2	160
456	1	Rtr2	121
457	1	Rtr2	115
458	1	Rtr2	91
459	1	Rtr2	82
460	1	Rtr2	132
461	1	Rtr2	115
462	1	Rtr2	119
463	1	Rtr2	60
464	1	Rtr2	68
465	1	Rtr2	92
466	1	Rtr2	106
467	1	Rtr2	98
468	1	Rtr2	77
469	1	Rtr2	83
470	1	Rtr2	120
471	1	Rtr2	968
472	1	Rtr2	1847
473	1	Rtr2	1801
474	1	Rtr2	1801
475	1	Rtr2	1009
476	1	Rtr2	139
477	1	Rtr2	110
478	1	Rtr2	59
479	1	Rtr2	62
480	1	Rtr2	123
481	1	Rtr2	122
482	1	Rtr2	99
483	1	Rtr2	95
484	1	Rtr2	67
485	1	Rtr2	106
486	1	Rtr2	103
487	1	Rtr2	123
488	1	Rtr2	78
489	1	Rtr2	57
490	1	Rtr2	102
491	1	Rtr2	437
492	1	Rtr2	1298
493	1	Rtr2	2138
494	1	Rtr2	2140
495	1	Rtr2	2149
496	1	Rtr2	1306
497	1	Rtr2	408
498	1	Rtr2	86
499	1	Rtr2	70
500	1	Rtr2	114
501	1	Rtr2	111
502	1	Rtr2	115
503	1	Rtr2	81
504	1	Rtr2	94
505	1	Rtr2	134
506	1	Rtr2	117
507	1	Rtr2	122
508	1	Rtr2	70
509	1	Rtr2	80
510	1	Rtr2	140
511	1	Rtr2	152
512	1	Rtr2	128
513	1	Rtr2	933
514	1	Rtr2	1819
515	1	Rtr2	1868
516	1	Rtr2	1871
517	1	Rtr2	1038
518	1	Rtr2	112
519	1	Rtr2	104
520	1	Rtr2	155
521	1	Rtr2	152
522	1	Rtr2	164
523	1	Rtr2	71
524	1	Rtr2	73
525	1	Rtr2	121
526	1	Rtr2	125
527	1	Rtr2	128
528	1	Rtr2	73
529	1	Rtr2	64
530	1	Rtr2	111
531	1	Rtr2	115
532	1	Rtr2	108
533	1	Rtr2	81
534	1	Rtr2	933
535	1	Rtr2	1858
536	1	Rtr2	1868
537	1	Rtr2	1858
538	1	Rtr2	980
539	1	Rtr2	97
540	1	Rtr2	121
541	1	Rtr2	130
542	1	Rtr2	149
543	1	Rtr2	86
544	1	Rtr2	63
545	1	Rtr2	116
546	1	Rtr2	124
547	1	Rtr2	492
548	1	Rtr2	495
549	1	Rtr2	463
550	1	Rtr2	508
551	1	Rtr2	462
552	1	Rtr2	469
553	1	Rtr2	369
554	1	Rtr2	76
555	1	Rtr2	998
556	1	Rtr2	1864
557	1	Rtr2	1870
558	1	Rtr2	1825
559	1	Rtr2	971
560	1	Rtr2	162
561	1	Rtr2	121
562	1	Rtr2	114
563	1	Rtr2	69
564	1	Rtr2	441
565	1	Rtr2	461
566	1	Rtr2	414
567	1	Rtr2	412
568	1	Rtr2	303
569	1	Rtr2	266
570	1	Rtr2	283
571	1	Rtr2	101
572	1	Rtr2	81
573	1	Rtr2	36
574	1	Rtr2	41
575	1	Rtr2	86
576	1	Rtr2	935
577	1	Rtr2	1832
578	1	Rtr2	1831
579	1	Rtr2	1832
580	1	Rtr2	1028
581	1	Rtr2	139
582	1	Rtr2	117
583	1	Rtr2	69
584	1	Rtr2	69
585	1	Rtr2	109
586	1	Rtr2	108
587	1	Rtr2	112
588	1	Rtr2	60
589	1	Rtr2	64
590	1	Rtr2	82
591	1	Rtr2	106
592	1	Rtr2	98
593	1	Rtr2	61
594	1	Rtr2	70
595	1	Rtr2	122
596	1	Rtr2	131
597	1	Rtr2	991
598	1	Rtr2	1838
599	1	Rtr2	1845
600	1	Rtr2	1890
601	1	Rtr2	1020
602	1	Rtr2	148
603	1	Rtr2	955
604	1	Rtr2	1838
605	1	Rtr2	1887
606	1	Rtr2	1885
607	1	Rtr2	1033
608	1	Rtr2	114
609	1	Rtr2	93
610	1	Rtr2	144
611	1	Rtr2	133
612	1	Rtr2	122
613	1	Rtr2	72
614	1	Rtr2	54
615	1	Rtr2	99
616	1	Rtr2	102
617	1	Rtr2	108
618	1	Rtr2	66
619	1	Rtr2	52
620	1	Rtr2	96
621	1	Rtr2	109
622	1	Rtr2	81
623	1	Rtr2	356
624	1	Rtr2	1265
625	1	Rtr2	2229
626	1	Rtr2	2213
627	1	Rtr2	2158
628	1	Rtr2	1191
629	1	Rtr2	305
630	1	Rtr2	121
631	1	Rtr2	112
632	1	Rtr2	111
633	1	Rtr2	65
634	1	Rtr2	48
635	1	Rtr2	93
636	1	Rtr2	95
637	1	Rtr2	77
638	1	Rtr2	64
639	1	Rtr2	48
640	1	Rtr2	99
641	1	Rtr2	121
642	1	Rtr2	102
643	1	Rtr2	71
644	1	Rtr2	98
645	1	Rtr2	1008
646	1	Rtr2	1905
647	1	Rtr2	1908
648	1	Rtr2	1850
649	1	Rtr2	969
650	1	Rtr2	121
651	1	Rtr2	107
652	1	Rtr2	98
653	1	Rtr2	70
654	1	Rtr2	55
655	1	Rtr2	107
656	1	Rtr2	108
657	1	Rtr2	90
658	1	Rtr2	52
659	1	Rtr2	65
660	1	Rtr2	96
661	1	Rtr2	102
662	1	Rtr2	89
663	1	Rtr2	76
664	1	Rtr2	71
665	1	Rtr2	106
666	1	Rtr2	991
667	1	Rtr2	1884
668	1	Rtr2	1855
669	1	Rtr2	1856
670	1	Rtr2	1016
671	1	Rtr2	117
672	1	Rtr2	97
673	1	Rtr2	86
674	1	Rtr2	89
675	1	Rtr2	110
676	1	Rtr2	109
677	1	Rtr2	101
678	1	Rtr2	70
679	1	Rtr2	335
680	1	Rtr2	388
681	1	Rtr2	416
682	1	Rtr2	398
683	1	Rtr2	287
684	1	Rtr2	282
685	1	Rtr2	318
686	1	Rtr2	96
687	1	Rtr2	981
688	1	Rtr2	1840
689	1	Rtr2	1863
690	1	Rtr2	1900
691	1	Rtr2	1022
692	1	Rtr2	149
693	1	Rtr2	98
694	1	Rtr2	78
695	1	Rtr2	110
696	1	Rtr2	112
697	1	Rtr2	93
698	1	Rtr2	53
699	1	Rtr2	48
700	1	Rtr2	85
701	1	Rtr2	90
702	1	Rtr2	77
703	1	Rtr2	45
704	1	Rtr2	43
705	1	Rtr2	97
706	1	Rtr2	87
707	1	Rtr2	79
708	1	Rtr2	966
709	1	Rtr2	1863
710	1	Rtr2	1905
711	1	Rtr2	1905
712	1	Rtr2	1029
713	1	Rtr2	102
714	1	Rtr2	85
715	1	Rtr2	123
716	1	Rtr2	135
717	1	Rtr2	117
718	1	Rtr2	62
719	1	Rtr2	57
720	1	Rtr2	92
721	1	Rtr2	98
722	1	Rtr2	96
723	1	Rtr2	68
724	1	Rtr2	68
725	1	Rtr2	101
726	1	Rtr2	120
727	1	Rtr2	86
728	1	Rtr2	68
729	1	Rtr2	946
730	1	Rtr2	1882
731	1	Rtr2	1894
732	1	Rtr2	1890
733	1	Rtr2	990
734	1	Rtr2	83
735	1	Rtr2	100
736	1	Rtr2	94
737	1	Rtr2	96
738	1	Rtr2	44
739	1	Rtr2	57
740	1	Rtr2	83
741	1	Rtr2	73
742	1	Rtr2	390
743	1	Rtr2	394
744	1	Rtr2	401
745	1	Rtr2	429
746	1	Rtr2	382
747	1	Rtr2	370
748	1	Rtr2	291
749	1	Rtr2	39
750	1	Rtr2	964
751	1	Rtr2	1872
752	1	Rtr2	1877
753	1	Rtr2	1882
754	1	Rtr2	1010
755	1	Rtr2	152
756	1	Rtr2	128
757	1	Rtr2	118
758	1	Rtr2	94
759	1	Rtr2	56
760	1	Rtr2	83
761	1	Rtr2	88
762	1	Rtr2	87
763	1	Rtr2	58
764	1	Rtr2	67
765	1	Rtr2	105
766	1	Rtr2	98
767	1	Rtr2	92
768	1	Rtr2	58
769	1	Rtr2	58
770	1	Rtr2	399
771	1	Rtr2	1300
772	1	Rtr2	2200
773	1	Rtr2	2171
774	1	Rtr2	2116
775	1	Rtr2	1245
776	1	Rtr2	313
777	1	Rtr2	105
778	1	Rtr2	41
779	1	Rtr2	50
780	1	Rtr2	91
781	1	Rtr2	93
782	1	Rtr2	85
783	1	Rtr2	69
784	1	Rtr2	45
785	1	Rtr2	96
786	1	Rtr2	100
787	1	Rtr2	96
788	1	Rtr2	54
789	1	Rtr2	38
790	1	Rtr2	84
791	1	Rtr2	81
792	1	Rtr2	969
793	1	Rtr2	1882
794	1	Rtr2	1891
795	1	Rtr2	1915
796	1	Rtr2	1025
797	1	Rtr2	125
798	1	Rtr2	68
799	1	Rtr2	51
800	1	Rtr2	93
801	1	Rtr2	114
802	1	Rtr2	101
803	1	Rtr2	62
804	1	Rtr2	67
805	1	Rtr2	101
806	1	Rtr2	101
807	1	Rtr2	97
808	1	Rtr2	58
809	1	Rtr2	33
810	1	Rtr2	64
811	1	Rtr2	64
812	1	Rtr2	70
813	1	Rtr2	962
814	1	Rtr2	1877
815	1	Rtr2	1914
816	1	Rtr2	1911
817	1	Rtr2	1024
818	1	Rtr2	98
819	1	Rtr2	71
820	1	Rtr2	99
821	1	Rtr2	107
822	1	Rtr2	110
823	1	Rtr2	83
824	1	Rtr2	61
825	1	Rtr2	87
826	1	Rtr2	102
827	1	Rtr2	99
828	1	Rtr2	72
829	1	Rtr2	52
830	1	Rtr2	78
831	1	Rtr2	94
832	1	Rtr2	79
833	1	Rtr2	53
834	1	Rtr2	947
835	1	Rtr2	1896
836	1	Rtr2	1926
837	1	Rtr2	1927
838	1	Rtr2	1011
839	1	Rtr2	384
840	1	Rtr2	438
841	1	Rtr2	407
842	1	Rtr2	367
843	1	Rtr2	239
844	1	Rtr2	240
845	1	Rtr2	241
846	1	Rtr2	99
847	1	Rtr2	92
848	1	Rtr2	41
849	1	Rtr2	27
850	1	Rtr2	61
851	1	Rtr2	58
852	1	Rtr2	39
853	1	Rtr2	38
854	1	Rtr2	44
855	1	Rtr2	974
856	1	Rtr2	1902
857	1	Rtr2	1910
858	1	Rtr2	1904
859	1	Rtr2	1002
860	1	Rtr2	106
861	1	Rtr2	95
862	1	Rtr2	105
863	1	Rtr2	82
864	1	Rtr2	64
865	1	Rtr2	80
866	1	Rtr2	77
867	1	Rtr2	77
868	1	Rtr2	69
869	1	Rtr2	33
870	1	Rtr2	64
871	1	Rtr2	66
872	1	Rtr2	65
873	1	Rtr2	63
874	1	Rtr2	46
875	1	Rtr2	84
876	1	Rtr2	995
877	1	Rtr2	1920
878	1	Rtr2	1908
879	1	Rtr2	1904
880	1	Rtr2	1018
881	1	Rtr2	100
882	1	Rtr2	102
883	1	Rtr2	61
884	1	Rtr2	55
885	1	Rtr2	93
886	1	Rtr2	78
887	1	Rtr2	77
888	1	Rtr2	66
889	1	Rtr2	56
890	1	Rtr2	102
891	1	Rtr2	343
892	1	Rtr2	341
893	1	Rtr2	334
894	1	Rtr2	318
895	1	Rtr2	313
896	1	Rtr2	299
897	1	Rtr2	1209
898	1	Rtr2	1909
899	1	Rtr2	1907
900	1	Rtr2	1938
901	1	Rtr2	1028
902	1	Rtr2	107
903	1	Rtr2	977
904	1	Rtr2	1907
905	1	Rtr2	1956
906	1	Rtr2	1956
907	1	Rtr2	1026
908	1	Rtr2	84
909	1	Rtr2	66
910	1	Rtr2	87
911	1	Rtr2	94
912	1	Rtr2	100
913	1	Rtr2	62
914	1	Rtr2	50
915	1	Rtr2	77
916	1	Rtr2	72
917	1	Rtr2	69
918	1	Rtr2	41
919	1	Rtr2	44
920	1	Rtr2	63
921	1	Rtr2	74
922	1	Rtr2	65
923	1	Rtr2	61
924	1	Rtr2	969
925	1	Rtr2	1937
926	1	Rtr2	1944
927	1	Rtr2	1942
928	1	Rtr2	1007
929	1	Rtr2	79
930	1	Rtr2	100
931	1	Rtr2	90
932	1	Rtr2	95
933	1	Rtr2	58
934	1	Rtr2	48
935	1	Rtr2	71
936	1	Rtr2	76
937	1	Rtr2	333
938	1	Rtr2	328
939	1	Rtr2	327
940	1	Rtr2	363
941	1	Rtr2	306
942	1	Rtr2	306
943	1	Rtr2	232
944	1	Rtr2	54
945	1	Rtr2	989
946	1	Rtr2	1936
947	1	Rtr2	1941
948	1	Rtr2	1924
949	1	Rtr2	993
950	1	Rtr2	89
951	1	Rtr2	69
952	1	Rtr2	69
953	1	Rtr2	57
954	1	Rtr2	45
955	1	Rtr2	62
956	1	Rtr2	56
957	1	Rtr2	44
958	1	Rtr2	63
959	1	Rtr2	21
960	1	Rtr2	50
961	1	Rtr2	51
962	1	Rtr2	55
963	1	Rtr2	58
964	1	Rtr2	55
965	1	Rtr2	82
966	1	Rtr2	1009
967	1	Rtr2	1945
968	1	Rtr2	1928
969	1	Rtr2	1930
970	1	Rtr2	1041
971	1	Rtr2	86
972	1	Rtr2	73
973	1	Rtr2	48
974	1	Rtr2	52
975	1	Rtr2	64
976	1	Rtr2	57
977	1	Rtr2	55
978	1	Rtr2	40
979	1	Rtr2	40
980	1	Rtr2	72
981	1	Rtr2	53
982	1	Rtr2	50
983	1	Rtr2	46
984	1	Rtr2	38
985	1	Rtr2	76
986	1	Rtr2	71
987	1	Rtr2	1007
988	1	Rtr2	1922
989	1	Rtr2	1932
990	1	Rtr2	1959
991	1	Rtr2	1035
992	1	Rtr2	102
993	1	Rtr2	255
994	1	Rtr2	287
995	1	Rtr2	327
996	1	Rtr2	306
997	1	Rtr2	241
998	1	Rtr2	183
999	1	Rtr2	160
1000	1	Rtr2	73
1001	1	Rtr2	303
1002	1	Rtr2	342
1003	1	Rtr2	1237
1004	1	Rtr2	2162
1005	1	Rtr2	2171
1006	1	Rtr2	2170
1007	1	Rtr2	1218
1008	1	Rtr2	44
1009	1	Rtr2	32
1010	1	Rtr2	46
1011	1	Rtr2	55
1012	1	Rtr2	50
1013	1	Rtr2	42
1014	1	Rtr2	21
1015	1	Rtr2	55
1016	1	Rtr2	44
1017	1	Rtr2	48
1018	1	Rtr2	24
1019	1	Rtr2	42
1020	1	Rtr2	70
1021	1	Rtr2	62
1022	1	Rtr2	38
1023	1	Rtr2	52
1024	1	Rtr2	982
1025	1	Rtr2	1959
1026	1	Rtr2	1973
1027	1	Rtr2	1969
1028	1	Rtr2	1011
1029	1	Rtr2	51
1030	1	Rtr2	59
1031	1	Rtr2	59
1032	1	Rtr2	57
1033	1	Rtr2	40
1034	1	Rtr2	35
1035	1	Rtr2	44
1036	1	Rtr2	61
1037	1	Rtr2	51
1038	1	Rtr2	29
1039	1	Rtr2	45
1040	1	Rtr2	59
1041	1	Rtr2	72
1042	1	Rtr2	59
1043	1	Rtr2	46
1044	1	Rtr2	45
1045	1	Rtr2	997
1046	1	Rtr2	1955
1047	1	Rtr2	1963
1048	1	Rtr2	1954
1049	1	Rtr2	1021
1050	1	Rtr2	83
1051	1	Rtr2	84
1052	1	Rtr2	81
1053	1	Rtr2	35
1054	1	Rtr2	31
1055	1	Rtr2	43
1056	1	Rtr2	328
1057	1	Rtr2	346
1058	1	Rtr2	353
1059	1	Rtr2	313
1060	1	Rtr2	303
1061	1	Rtr2	294
1062	1	Rtr2	274
1063	1	Rtr2	32
1064	1	Rtr2	35
1065	1	Rtr2	37
1066	1	Rtr2	1004
1067	1	Rtr2	1955
1068	1	Rtr2	1955
1069	1	Rtr2	1963
1070	1	Rtr2	1042
1071	1	Rtr2	85
1072	1	Rtr2	71
1073	1	Rtr2	41
1074	1	Rtr2	51
1075	1	Rtr2	61
1076	1	Rtr2	57
1077	1	Rtr2	61
1078	1	Rtr2	49
1079	1	Rtr2	48
1080	1	Rtr2	56
1081	1	Rtr2	60
1082	1	Rtr2	59
1083	1	Rtr2	45
1084	1	Rtr2	36
1085	1	Rtr2	59
1086	1	Rtr2	57
1087	1	Rtr2	1014
1088	1	Rtr2	1954
1089	1	Rtr2	1967
1090	1	Rtr2	1987
1091	1	Rtr2	1040
1092	1	Rtr2	77
1093	1	Rtr2	67
1094	1	Rtr2	43
1095	1	Rtr2	54
1096	1	Rtr2	59
1097	1	Rtr2	41
1098	1	Rtr2	32
1099	1	Rtr2	24
1100	1	Rtr2	46
1101	1	Rtr2	45
1102	1	Rtr2	40
1103	1	Rtr2	41
1104	1	Rtr2	30
1105	1	Rtr2	52
1106	1	Rtr2	62
1107	1	Rtr2	46
1108	1	Rtr2	999
1109	1	Rtr2	1958
1110	1	Rtr2	1988
1111	1	Rtr2	2235
1112	1	Rtr2	1328
1113	1	Rtr2	322
1114	1	Rtr2	302
1115	1	Rtr2	294
1116	1	Rtr2	295
1117	1	Rtr2	273
1118	1	Rtr2	34
1119	1	Rtr2	41
1120	1	Rtr2	32
1121	1	Rtr2	41
1122	1	Rtr2	31
1123	1	Rtr2	26
1124	1	Rtr2	31
1125	1	Rtr2	47
1126	1	Rtr2	50
1127	1	Rtr2	47
1128	1	Rtr2	41
1129	1	Rtr2	1001
1130	1	Rtr2	1993
1131	1	Rtr2	1998
1132	1	Rtr2	2000
1133	1	Rtr2	1028
1134	1	Rtr2	57
1135	1	Rtr2	55
1136	1	Rtr2	54
1137	1	Rtr2	36
1138	1	Rtr2	25
1139	1	Rtr2	30
1140	1	Rtr2	45
1141	1	Rtr2	58
1142	1	Rtr2	46
1143	1	Rtr2	34
1144	1	Rtr2	35
1145	1	Rtr2	42
1146	1	Rtr2	47
1147	1	Rtr2	36
1148	1	Rtr2	38
1149	1	Rtr2	25
1150	1	Rtr2	1001
1151	1	Rtr2	1967
1152	1	Rtr2	1985
1153	1	Rtr2	1977
1154	1	Rtr2	1022
1155	1	Rtr2	72
1156	1	Rtr2	65
1157	1	Rtr2	47
1158	1	Rtr2	36
1159	1	Rtr2	41
1160	1	Rtr2	52
1161	1	Rtr2	289
1162	1	Rtr2	289
1163	1	Rtr2	261
1164	1	Rtr2	254
1165	1	Rtr2	244
1166	1	Rtr2	223
1167	1	Rtr2	211
1168	1	Rtr2	30
1169	1	Rtr2	26
1170	1	Rtr2	34
1171	1	Rtr2	998
1172	1	Rtr2	1979
1173	1	Rtr2	1985
1174	1	Rtr2	1992
1175	1	Rtr2	1047
1176	1	Rtr2	83
1177	1	Rtr2	58
1178	1	Rtr2	24
1179	1	Rtr2	23
1180	1	Rtr2	42
1181	1	Rtr2	31
1182	1	Rtr2	37
1183	1	Rtr2	25
1184	1	Rtr2	26
1185	1	Rtr2	47
1186	1	Rtr2	22
1187	1	Rtr2	34
1188	1	Rtr2	32
1189	1	Rtr2	34
1190	1	Rtr2	54
1191	1	Rtr2	47
1192	1	Rtr2	1013
1193	1	Rtr2	1986
1194	1	Rtr2	1986
1195	1	Rtr2	2008
1196	1	Rtr2	1045
1197	1	Rtr2	78
1198	1	Rtr2	57
1199	1	Rtr2	54
1200	1	Rtr2	54
1201	1	Rtr2	47
1202	1	Rtr2	43
1203	1	Rtr2	31
1204	1	Rtr2	19
1205	1	Rtr2	32
1206	1	Rtr2	27
1207	1	Rtr2	19
1208	1	Rtr2	21
1209	1	Rtr2	36
1210	1	Rtr2	40
1211	1	Rtr2	47
1212	1	Rtr2	38
1213	1	Rtr2	1004
1214	1	Rtr2	1987
1215	1	Rtr2	2021
1216	1	Rtr2	2019
1217	1	Rtr2	1041
1218	1	Rtr2	52
1219	1	Rtr2	37
1220	1	Rtr2	42
1221	1	Rtr2	274
1222	1	Rtr2	275
1223	1	Rtr2	255
1224	1	Rtr2	231
1225	1	Rtr2	230
1226	1	Rtr2	224
1227	1	Rtr2	199
1228	1	Rtr2	28
1229	1	Rtr2	20
1230	1	Rtr2	26
1231	1	Rtr2	38
1232	1	Rtr2	38
1233	1	Rtr2	25
1234	1	Rtr2	1000
1235	1	Rtr2	2006
1236	1	Rtr2	2011
1237	1	Rtr2	2012
1238	1	Rtr2	1036
1239	1	Rtr2	49
1240	1	Rtr2	36
1241	1	Rtr2	53
1242	1	Rtr2	37
1243	1	Rtr2	21
1244	1	Rtr2	15
1245	1	Rtr2	28
1246	1	Rtr2	40
1247	1	Rtr2	18
1248	1	Rtr2	19
1249	1	Rtr2	31
1250	1	Rtr2	34
1251	1	Rtr2	37
1252	1	Rtr2	43
1253	1	Rtr2	18
1254	1	Rtr2	22
1255	1	Rtr2	1015
1256	1	Rtr2	1995
1257	1	Rtr2	2003
1258	1	Rtr2	2003
1259	1	Rtr2	1033
1260	1	Rtr2	47
1261	1	Rtr2	40
1262	1	Rtr2	31
1263	1	Rtr2	22
1264	1	Rtr2	27
1265	1	Rtr2	24
1266	1	Rtr2	335
1267	1	Rtr2	328
1268	1	Rtr2	330
1269	1	Rtr2	292
1270	1	Rtr2	272
1271	1	Rtr2	265
1272	1	Rtr2	253
1273	1	Rtr2	27
1274	1	Rtr2	23
1275	1	Rtr2	23
1276	1	Rtr2	1012
1277	1	Rtr2	1992
1278	1	Rtr2	2008
1279	1	Rtr2	2009
1280	1	Rtr2	1049
1281	1	Rtr2	55
1282	1	Rtr2	56
1283	1	Rtr2	24
1284	1	Rtr2	22
1285	1	Rtr2	35
1286	1	Rtr2	40
1287	1	Rtr2	32
1288	1	Rtr2	18
1289	1	Rtr2	20
1290	1	Rtr2	31
1291	1	Rtr2	30
1292	1	Rtr2	19
1293	1	Rtr2	24
1294	1	Rtr2	26
1295	1	Rtr2	28
1296	1	Rtr2	20
1297	1	Rtr2	1013
1298	1	Rtr2	1994
1299	1	Rtr2	2006
1300	1	Rtr2	2025
1301	1	Rtr2	1039
1302	1	Rtr2	34
1303	1	Rtr2	1013
1304	1	Rtr2	2014
1305	1	Rtr2	2029
1306	1	Rtr2	2036
1307	1	Rtr2	1044
1308	1	Rtr2	43
1309	1	Rtr2	28
1310	1	Rtr2	35
1311	1	Rtr2	29
1312	1	Rtr2	22
1313	1	Rtr2	22
1314	1	Rtr2	19
1315	1	Rtr2	22
1316	1	Rtr2	24
1317	1	Rtr2	22
1318	1	Rtr2	14
1319	1	Rtr2	18
1320	1	Rtr2	24
1321	1	Rtr2	246
1322	1	Rtr2	257
1323	1	Rtr2	255
1324	1	Rtr2	1232
1325	1	Rtr2	2217
1326	1	Rtr2	2218
1327	1	Rtr2	2216
1328	1	Rtr2	1043
1329	1	Rtr2	30
1330	1	Rtr2	30
1331	1	Rtr2	23
1332	1	Rtr2	27
1333	1	Rtr2	28
1334	1	Rtr2	24
1335	1	Rtr2	30
1336	1	Rtr2	34
1337	1	Rtr2	13
1338	1	Rtr2	34
1339	1	Rtr2	22
1340	1	Rtr2	28
1341	1	Rtr2	18
1342	1	Rtr2	19
1343	1	Rtr2	23
1344	1	Rtr2	16
1345	1	Rtr2	1018
1346	1	Rtr2	2014
1347	1	Rtr2	2036
1348	1	Rtr2	2024
1349	1	Rtr2	1039
1350	1	Rtr2	39
1351	1	Rtr2	31
1352	1	Rtr2	19
1353	1	Rtr2	26
1354	1	Rtr2	18
1355	1	Rtr2	28
1356	1	Rtr2	38
1357	1	Rtr2	36
1358	1	Rtr2	14
1359	1	Rtr2	17
1360	1	Rtr2	27
1361	1	Rtr2	27
1362	1	Rtr2	19
1363	1	Rtr2	17
1364	1	Rtr2	31
1365	1	Rtr2	38
1366	1	Rtr2	1030
1367	1	Rtr2	2026
1368	1	Rtr2	2038
1369	1	Rtr2	2038
1370	1	Rtr2	1055
1371	1	Rtr2	51
1372	1	Rtr2	32
1373	1	Rtr2	22
1374	1	Rtr2	19
1375	1	Rtr2	32
1376	1	Rtr2	290
1377	1	Rtr2	312
1378	1	Rtr2	303
1379	1	Rtr2	275
1380	1	Rtr2	248
1381	1	Rtr2	238
1382	1	Rtr2	224
1383	1	Rtr2	25
1384	1	Rtr2	18
1385	1	Rtr2	14
1386	1	Rtr2	19
1387	1	Rtr2	1021
1388	1	Rtr2	2032
1389	1	Rtr2	2042
1390	1	Rtr2	2057
1391	1	Rtr2	1057
1392	1	Rtr2	47
1393	1	Rtr2	26
1394	1	Rtr2	17
1395	1	Rtr2	25
1396	1	Rtr2	24
1397	1	Rtr2	17
1398	1	Rtr2	18
1399	1	Rtr2	22
1400	1	Rtr2	20
1401	1	Rtr2	21
1402	1	Rtr2	35
1403	1	Rtr2	19
1404	1	Rtr2	24
1405	1	Rtr2	22
1406	1	Rtr2	23
1407	1	Rtr2	20
1408	1	Rtr2	1026
1409	1	Rtr2	2031
1410	1	Rtr2	2058
1411	1	Rtr2	2052
1412	1	Rtr2	1049
1413	1	Rtr2	30
1414	1	Rtr2	18
1415	1	Rtr2	21
1416	1	Rtr2	26
1417	1	Rtr2	22
1418	1	Rtr2	18
1419	1	Rtr2	15
1420	1	Rtr2	22
1421	1	Rtr2	24
1422	1	Rtr2	20
1423	1	Rtr2	23
1424	1	Rtr2	22
1425	1	Rtr2	19
1426	1	Rtr2	24
1427	1	Rtr2	22
1428	1	Rtr2	23
1429	1	Rtr2	1026
1430	1	Rtr2	2053
1431	1	Rtr2	2057
1432	1	Rtr2	2068
1433	1	Rtr2	1302
1434	1	Rtr2	254
1435	1	Rtr2	290
1436	1	Rtr2	288
1437	1	Rtr2	220
1438	1	Rtr2	166
1439	1	Rtr2	160
1440	1	Rtr2	23
1441	1	Rtr2	18
1442	1	Rtr2	18
1443	1	Rtr2	17
1444	1	Rtr2	15
1445	1	Rtr2	18
1446	1	Rtr2	15
1447	1	Rtr2	14
1448	1	Rtr2	22
1449	1	Rtr2	20
1450	1	Rtr2	1032
1451	1	Rtr2	2045
1452	1	Rtr2	2052
1453	1	Rtr2	2057
1454	1	Rtr2	1049
1455	1	Rtr2	27
1456	1	Rtr2	14
1457	1	Rtr2	23
1458	1	Rtr2	14
1459	1	Rtr2	16
1460	1	Rtr2	21
1461	1	Rtr2	20
1462	1	Rtr2	17
1463	1	Rtr2	17
1464	1	Rtr2	16
1465	1	Rtr2	22
1466	1	Rtr2	15
1467	1	Rtr2	16
1468	1	Rtr2	14
1469	1	Rtr2	13
1470	1	Rtr2	18
1471	1	Rtr2	1031
1472	1	Rtr2	2053
1473	1	Rtr2	2058
1474	1	Rtr2	2065
1475	1	Rtr2	1063
1476	1	Rtr2	42
1477	1	Rtr2	28
1478	1	Rtr2	14
1479	1	Rtr2	20
1480	1	Rtr2	16
1481	1	Rtr2	14
1482	1	Rtr2	18
1483	1	Rtr2	13
1484	1	Rtr2	13
1485	1	Rtr2	16
1486	1	Rtr2	16
1487	1	Rtr2	17
1488	1	Rtr2	17
1489	1	Rtr2	14
1490	1	Rtr2	11
1491	1	Rtr2	256
1492	1	Rtr2	1261
1493	1	Rtr2	2260
1494	1	Rtr2	2250
1495	1	Rtr2	2233
1496	1	Rtr2	1208
1497	1	Rtr2	184
1498	1	Rtr2	27
1499	1	Rtr2	14
1500	1	Rtr2	15
1501	1	Rtr2	17
1502	1	Rtr2	16
1503	1	Rtr2	27
1504	1	Rtr2	14
1505	1	Rtr2	15
1506	1	Rtr2	16
1507	1	Rtr2	18
1508	1	Rtr2	13
1509	1	Rtr2	20
1510	1	Rtr2	19
1511	1	Rtr2	18
1512	1	Rtr2	18
1513	1	Rtr2	1036
1514	1	Rtr2	2063
1515	1	Rtr2	2084
1516	1	Rtr2	2088
1517	1	Rtr2	1062
1518	1	Rtr2	27
1519	1	Rtr2	16
1520	1	Rtr2	15
1521	1	Rtr2	18
1522	1	Rtr2	15
1523	1	Rtr2	17
1524	1	Rtr2	15
1525	1	Rtr2	14
1526	1	Rtr2	14
1527	1	Rtr2	14
1528	1	Rtr2	16
1529	1	Rtr2	9
1530	1	Rtr2	13
1531	1	Rtr2	21
1532	1	Rtr2	19
1533	1	Rtr2	15
1534	1	Rtr2	1042
1535	1	Rtr2	2076
1536	1	Rtr2	2090
1537	1	Rtr2	2088
1538	1	Rtr2	1057
1539	1	Rtr2	30
1540	1	Rtr2	21
1541	1	Rtr2	14
1542	1	Rtr2	17
1543	1	Rtr2	17
1544	1	Rtr2	17
1545	1	Rtr2	13
1546	1	Rtr2	13
1547	1	Rtr2	207
1548	1	Rtr2	238
1549	1	Rtr2	223
1550	1	Rtr2	260
1551	1	Rtr2	189
1552	1	Rtr2	176
1553	1	Rtr2	147
1554	1	Rtr2	21
1555	1	Rtr2	1036
1556	1	Rtr2	2076
1557	1	Rtr2	2081
1558	1	Rtr2	2083
1559	1	Rtr2	1059
1560	1	Rtr2	22
1561	1	Rtr2	14
1562	1	Rtr2	16
1563	1	Rtr2	17
1564	1	Rtr2	244
1565	1	Rtr2	282
1566	1	Rtr2	269
1567	1	Rtr2	264
1568	1	Rtr2	160
1569	1	Rtr2	152
1570	1	Rtr2	158
1571	1	Rtr2	21
1572	1	Rtr2	13
1573	1	Rtr2	18
1574	1	Rtr2	16
1575	1	Rtr2	17
1576	1	Rtr2	1049
1577	1	Rtr2	2081
1578	1	Rtr2	2087
1579	1	Rtr2	2086
1580	1	Rtr2	1070
1581	1	Rtr2	36
1582	1	Rtr2	23
1583	1	Rtr2	17
1584	1	Rtr2	8
1585	1	Rtr2	14
1586	1	Rtr2	15
1587	1	Rtr2	17
1588	1	Rtr2	14
1589	1	Rtr2	11
1590	1	Rtr2	17
1591	1	Rtr2	23
1592	1	Rtr2	13
1593	1	Rtr2	14
1594	1	Rtr2	11
1595	1	Rtr2	15
1596	1	Rtr2	11
1597	1	Rtr2	1050
1598	1	Rtr2	2079
1599	1	Rtr2	2097
1600	1	Rtr2	2103
1601	1	Rtr2	1069
1602	1	Rtr2	38
1603	1	Rtr2	1043
1604	1	Rtr2	2089
1605	1	Rtr2	2107
1606	1	Rtr2	2107
1607	1	Rtr2	1073
1608	1	Rtr2	26
1609	1	Rtr2	17
1610	1	Rtr2	15
1611	1	Rtr2	15
1612	1	Rtr2	11
1613	1	Rtr2	13
1614	1	Rtr2	14
1615	1	Rtr2	11
1616	1	Rtr2	15
1617	1	Rtr2	17
1618	1	Rtr2	12
1619	1	Rtr2	12
1620	1	Rtr2	12
1621	1	Rtr2	13
1622	1	Rtr2	12
1623	1	Rtr2	216
1624	1	Rtr2	1227
1625	1	Rtr2	2294
1626	1	Rtr2	2308
1627	1	Rtr2	2263
1628	1	Rtr2	1194
1629	1	Rtr2	145
1630	1	Rtr2	16
1631	1	Rtr2	14
1632	1	Rtr2	12
1633	1	Rtr2	11
1634	1	Rtr2	11
1635	1	Rtr2	19
1636	1	Rtr2	15
1637	1	Rtr2	14
1638	1	Rtr2	12
1639	1	Rtr2	17
1640	1	Rtr2	14
1641	1	Rtr2	16
1642	1	Rtr2	15
1643	1	Rtr2	13
1644	1	Rtr2	18
1645	1	Rtr2	1045
1646	1	Rtr2	2086
1647	1	Rtr2	2116
1648	1	Rtr2	2110
1649	1	Rtr2	1083
1650	1	Rtr2	33
1651	1	Rtr2	13
1652	1	Rtr2	14
1653	1	Rtr2	13
1654	1	Rtr2	9
1655	1	Rtr2	12
1656	1	Rtr2	11
1657	1	Rtr2	13
1658	1	Rtr2	18
1659	1	Rtr2	8
1660	1	Rtr2	15
1661	1	Rtr2	15
1662	1	Rtr2	13
1663	1	Rtr2	12
1664	1	Rtr2	13
1665	1	Rtr2	17
1666	1	Rtr2	1059
1667	1	Rtr2	2107
1668	1	Rtr2	2118
1669	1	Rtr2	2112
1670	1	Rtr2	1076
1671	1	Rtr2	27
1672	1	Rtr2	15
1673	1	Rtr2	12
1674	1	Rtr2	17
1675	1	Rtr2	15
1676	1	Rtr2	17
1677	1	Rtr2	14
1678	1	Rtr2	14
1679	1	Rtr2	220
1680	1	Rtr2	222
1681	1	Rtr2	245
1682	1	Rtr2	208
1683	1	Rtr2	124
1684	1	Rtr2	123
1685	1	Rtr2	115
1686	1	Rtr2	12
1687	1	Rtr2	1056
1688	1	Rtr2	2111
1689	1	Rtr2	2122
1690	1	Rtr2	2132
1691	1	Rtr2	1083
1692	1	Rtr2	34
1693	1	Rtr2	14
1694	1	Rtr2	11
1695	1	Rtr2	13
1696	1	Rtr2	13
1697	1	Rtr2	12
1698	1	Rtr2	15
1699	1	Rtr2	9
1700	1	Rtr2	9
1701	1	Rtr2	15
1702	1	Rtr2	13
1703	1	Rtr2	8
1704	1	Rtr2	10
1705	1	Rtr2	15
1706	1	Rtr2	8
1707	1	Rtr2	12
1708	1	Rtr2	1062
1709	1	Rtr2	2113
1710	1	Rtr2	2130
1711	1	Rtr2	2135
1712	1	Rtr2	1086
1713	1	Rtr2	27
1714	1	Rtr2	11
1715	1	Rtr2	14
1716	1	Rtr2	13
1717	1	Rtr2	11
1718	1	Rtr2	16
1719	1	Rtr2	13
1720	1	Rtr2	15
1721	1	Rtr2	10
1722	1	Rtr2	11
1723	1	Rtr2	12
1724	1	Rtr2	14
1725	1	Rtr2	11
1726	1	Rtr2	15
1727	1	Rtr2	12
1728	1	Rtr2	12
1729	1	Rtr2	1061
1730	1	Rtr2	2120
1731	1	Rtr2	2130
1732	1	Rtr2	2132
1733	1	Rtr2	1079
1734	1	Rtr2	24
1735	1	Rtr2	14
1736	1	Rtr2	11
1737	1	Rtr2	15
1738	1	Rtr2	13
1739	1	Rtr2	15
1740	1	Rtr2	9
1741	1	Rtr2	12
1742	1	Rtr2	254
1743	1	Rtr2	224
1744	1	Rtr2	222
1745	1	Rtr2	238
1746	1	Rtr2	171
1747	1	Rtr2	169
1748	1	Rtr2	131
1749	1	Rtr2	15
1750	1	Rtr2	1064
1751	1	Rtr2	2125
1752	1	Rtr2	2135
1753	1	Rtr2	2131
1754	1	Rtr2	1085
1755	1	Rtr2	20
1756	1	Rtr2	11
1757	1	Rtr2	11
1758	1	Rtr2	14
1759	1	Rtr2	12
1760	1	Rtr2	16
1761	1	Rtr2	11
1762	1	Rtr2	12
1763	1	Rtr2	14
1764	1	Rtr2	10
1765	1	Rtr2	15
1766	1	Rtr2	8
1767	1	Rtr2	15
1768	1	Rtr2	13
1769	1	Rtr2	10
1770	1	Rtr2	215
1771	1	Rtr2	1265
1772	1	Rtr2	2297
1773	1	Rtr2	2290
1774	1	Rtr2	2246
1775	1	Rtr2	1193
1776	1	Rtr2	129
1777	1	Rtr2	17
1778	1	Rtr2	9
1779	1	Rtr2	8
1780	1	Rtr2	13
1781	1	Rtr2	17
1782	1	Rtr2	11
1783	1	Rtr2	12
1784	1	Rtr2	12
1785	1	Rtr2	12
1786	1	Rtr2	12
1787	1	Rtr2	14
1788	1	Rtr2	9
1789	1	Rtr2	15
1790	1	Rtr2	10
1791	1	Rtr2	11
1792	1	Rtr2	1069
1793	1	Rtr2	2134
1794	1	Rtr2	2148
1795	1	Rtr2	2149
1796	1	Rtr2	1094
1797	1	Rtr2	23
1798	1	Rtr2	12
1799	1	Rtr2	11
1800	1	Rtr2	8
1801	1	Rtr2	6
1802	1	Rtr2	12
1803	1	Rtr2	9
1804	1	Rtr2	6
1805	1	Rtr2	12
1806	1	Rtr2	15
1807	1	Rtr2	13
1808	1	Rtr2	12
1809	1	Rtr2	10
1810	1	Rtr2	11
1811	1	Rtr2	11
1812	1	Rtr2	8
1813	1	Rtr2	1072
1814	1	Rtr2	2144
1815	1	Rtr2	2156
1816	1	Rtr2	2158
1817	1	Rtr2	1098
1818	1	Rtr2	23
1819	1	Rtr2	10
1820	1	Rtr2	9
1821	1	Rtr2	9
1822	1	Rtr2	7
1823	1	Rtr2	12
1824	1	Rtr2	8
1825	1	Rtr2	11
1826	1	Rtr2	8
1827	1	Rtr2	10
1828	1	Rtr2	7
1829	1	Rtr2	12
1830	1	Rtr2	8
1831	1	Rtr2	11
1832	1	Rtr2	8
1833	1	Rtr2	7
1834	1	Rtr2	1075
1835	1	Rtr2	2150
1836	1	Rtr2	2161
1837	1	Rtr2	2165
1838	1	Rtr2	1094
1839	1	Rtr2	192
1840	1	Rtr2	197
1841	1	Rtr2	186
1842	1	Rtr2	173
1843	1	Rtr2	94
1844	1	Rtr2	91
1845	1	Rtr2	90
1846	1	Rtr2	12
1847	1	Rtr2	13
1848	1	Rtr2	11
1849	1	Rtr2	14
1850	1	Rtr2	8
1851	1	Rtr2	10
1852	1	Rtr2	10
1853	1	Rtr2	10
1854	1	Rtr2	8
1855	1	Rtr2	1074
1856	1	Rtr2	2153
1857	1	Rtr2	2165
1858	1	Rtr2	2163
1859	1	Rtr2	1096
1860	1	Rtr2	17
1861	1	Rtr2	7
1862	1	Rtr2	10
1863	1	Rtr2	8
1864	1	Rtr2	10
1865	1	Rtr2	6
1866	1	Rtr2	11
1867	1	Rtr2	8
1868	1	Rtr2	9
1869	1	Rtr2	8
1870	1	Rtr2	12
1871	1	Rtr2	9
1872	1	Rtr2	12
1873	1	Rtr2	11
1874	1	Rtr2	9
1875	1	Rtr2	9
1876	1	Rtr2	1076
1877	1	Rtr2	2156
1878	1	Rtr2	2177
1879	1	Rtr2	2169
1880	1	Rtr2	1101
1881	1	Rtr2	26
1882	1	Rtr2	9
1883	1	Rtr2	10
1884	1	Rtr2	13
1885	1	Rtr2	12
1886	1	Rtr2	9
1887	1	Rtr2	9
1888	1	Rtr2	13
1889	1	Rtr2	10
1890	1	Rtr2	11
1891	1	Rtr2	156
1892	1	Rtr2	188
1893	1	Rtr2	150
1894	1	Rtr2	147
1895	1	Rtr2	115
1896	1	Rtr2	114
1897	1	Rtr2	1188
1898	1	Rtr2	2165
1899	1	Rtr2	2175
1900	1	Rtr2	2178
1901	1	Rtr2	1105
1902	1	Rtr2	22
1903	1	Rtr2	1085
1904	1	Rtr2	2167
1905	1	Rtr2	2182
1906	1	Rtr2	2178
1907	1	Rtr2	1108
1908	1	Rtr2	21
1909	1	Rtr2	8
1910	1	Rtr2	9
1911	1	Rtr2	13
1912	1	Rtr2	10
1913	1	Rtr2	12
1914	1	Rtr2	10
1915	1	Rtr2	9
1916	1	Rtr2	8
1917	1	Rtr2	9
1918	1	Rtr2	12
1919	1	Rtr2	9
1920	1	Rtr2	9
1921	1	Rtr2	9
1922	1	Rtr2	8
1923	1	Rtr2	9
1924	1	Rtr2	1088
1925	1	Rtr2	2175
1926	1	Rtr2	2189
1927	1	Rtr2	2189
1928	1	Rtr2	1104
1929	1	Rtr2	19
1930	1	Rtr2	9
1931	1	Rtr2	11
1932	1	Rtr2	8
1933	1	Rtr2	14
1934	1	Rtr2	8
1935	1	Rtr2	6
1936	1	Rtr2	8
1937	1	Rtr2	167
1938	1	Rtr2	152
1939	1	Rtr2	125
1940	1	Rtr2	147
1941	1	Rtr2	86
1942	1	Rtr2	83
1943	1	Rtr2	66
1944	1	Rtr2	10
1945	1	Rtr2	1090
1946	1	Rtr2	2181
1947	1	Rtr2	2193
1948	1	Rtr2	2191
1949	1	Rtr2	1111
1950	1	Rtr2	24
1951	1	Rtr2	11
1952	1	Rtr2	10
1953	1	Rtr2	10
1954	1	Rtr2	8
1955	1	Rtr2	10
1956	1	Rtr2	8
1957	1	Rtr2	9
1958	1	Rtr2	6
1959	1	Rtr2	10
1960	1	Rtr2	9
1961	1	Rtr2	6
1962	1	Rtr2	6
1963	1	Rtr2	9
1964	1	Rtr2	7
1965	1	Rtr2	6
1966	1	Rtr2	1093
1967	1	Rtr2	2186
1968	1	Rtr2	2198
1969	1	Rtr2	2197
1970	1	Rtr2	1116
1971	1	Rtr2	22
1972	1	Rtr2	9
1973	1	Rtr2	11
1974	1	Rtr2	8
1975	1	Rtr2	10
1976	1	Rtr2	7
1977	1	Rtr2	7
1978	1	Rtr2	7
1979	1	Rtr2	9
1980	1	Rtr2	11
1981	1	Rtr2	8
1982	1	Rtr2	8
1983	1	Rtr2	6
1984	1	Rtr2	10
1985	1	Rtr2	10
1986	1	Rtr2	6
1987	1	Rtr2	1094
1988	1	Rtr2	2190
1989	1	Rtr2	2202
1990	1	Rtr2	2203
1991	1	Rtr2	1120
1992	1	Rtr2	19
1993	1	Rtr2	173
1994	1	Rtr2	183
1995	1	Rtr2	187
1996	1	Rtr2	164
1997	1	Rtr2	113
1998	1	Rtr2	89
1999	1	Rtr2	91
