Time	Node	PitItems
1	1	Rtr2	351
2	1	Rtr2	305
3	1	Rtr2	674
4	1	Rtr2	1067
5	1	Rtr2	1050
6	1	Rtr2	1024
7	1	Rtr2	644
8	1	Rtr2	148
9	1	Rtr2	113
10	1	Rtr2	220
11	1	Rtr2	230
12	1	Rtr2	202
13	1	Rtr2	148
14	1	Rtr2	116
15	1	Rtr2	174
16	1	Rtr2	183
17	1	Rtr2	150
18	1	Rtr2	99
19	1	Rtr2	92
20	1	Rtr2	145
21	1	Rtr2	155
22	1	Rtr2	130
23	1	Rtr2	128
24	1	Rtr2	497
25	1	Rtr2	962
26	1	Rtr2	970
27	1	Rtr2	969
28	1	Rtr2	524
29	1	Rtr2	101
30	1	Rtr2	190
31	1	Rtr2	168
32	1	Rtr2	168
33	1	Rtr2	99
34	1	Rtr2	105
35	1	Rtr2	190
36	1	Rtr2	165
37	1	Rtr2	169
38	1	Rtr2	111
39	1	Rtr2	104
40	1	Rtr2	163
41	1	Rtr2	178
42	1	Rtr2	144
43	1	Rtr2	98
44	1	Rtr2	122
45	1	Rtr2	581
46	1	Rtr2	991
47	1	Rtr2	985
48	1	Rtr2	929
49	1	Rtr2	543
50	1	Rtr2	193
51	1	Rtr2	226
52	1	Rtr2	199
53	1	Rtr2	96
54	1	Rtr2	102
55	1	Rtr2	172
56	1	Rtr2	349
57	1	Rtr2	331
58	1	Rtr2	249
59	1	Rtr2	238
60	1	Rtr2	172
61	1	Rtr2	178
62	1	Rtr2	177
63	1	Rtr2	98
64	1	Rtr2	112
65	1	Rtr2	167
66	1	Rtr2	578
67	1	Rtr2	975
68	1	Rtr2	917
69	1	Rtr2	928
70	1	Rtr2	581
71	1	Rtr2	191
72	1	Rtr2	162
73	1	Rtr2	87
74	1	Rtr2	84
75	1	Rtr2	136
76	1	Rtr2	140
77	1	Rtr2	118
78	1	Rtr2	107
79	1	Rtr2	84
80	1	Rtr2	154
81	1	Rtr2	145
82	1	Rtr2	115
83	1	Rtr2	83
84	1	Rtr2	78
85	1	Rtr2	145
86	1	Rtr2	123
87	1	Rtr2	542
88	1	Rtr2	925
89	1	Rtr2	920
90	1	Rtr2	1003
91	1	Rtr2	593
92	1	Rtr2	165
93	1	Rtr2	106
94	1	Rtr2	89
95	1	Rtr2	144
96	1	Rtr2	139
97	1	Rtr2	139
98	1	Rtr2	89
99	1	Rtr2	76
100	1	Rtr2	155
101	1	Rtr2	141
102	1	Rtr2	135
103	1	Rtr2	80
104	1	Rtr2	72
105	1	Rtr2	138
106	1	Rtr2	146
107	1	Rtr2	127
108	1	Rtr2	515
109	1	Rtr2	919
110	1	Rtr2	1011
111	1	Rtr2	1124
112	1	Rtr2	696
113	1	Rtr2	268
114	1	Rtr2	233
115	1	Rtr2	184
116	1	Rtr2	199
117	1	Rtr2	167
118	1	Rtr2	90
119	1	Rtr2	93
120	1	Rtr2	157
121	1	Rtr2	177
122	1	Rtr2	171
123	1	Rtr2	93
124	1	Rtr2	72
125	1	Rtr2	150
126	1	Rtr2	158
127	1	Rtr2	162
128	1	Rtr2	119
129	1	Rtr2	497
130	1	Rtr2	978
131	1	Rtr2	976
132	1	Rtr2	987
133	1	Rtr2	542
134	1	Rtr2	115
135	1	Rtr2	172
136	1	Rtr2	178
137	1	Rtr2	178
138	1	Rtr2	93
139	1	Rtr2	83
140	1	Rtr2	152
141	1	Rtr2	138
142	1	Rtr2	130
143	1	Rtr2	87
144	1	Rtr2	71
145	1	Rtr2	147
146	1	Rtr2	152
147	1	Rtr2	131
148	1	Rtr2	90
149	1	Rtr2	76
150	1	Rtr2	559
151	1	Rtr2	974
152	1	Rtr2	994
153	1	Rtr2	956
154	1	Rtr2	549
155	1	Rtr2	177
156	1	Rtr2	158
157	1	Rtr2	149
158	1	Rtr2	79
159	1	Rtr2	78
160	1	Rtr2	154
161	1	Rtr2	313
162	1	Rtr2	270
163	1	Rtr2	239
164	1	Rtr2	244
165	1	Rtr2	197
166	1	Rtr2	188
167	1	Rtr2	195
168	1	Rtr2	95
169	1	Rtr2	91
170	1	Rtr2	151
171	1	Rtr2	555
172	1	Rtr2	990
173	1	Rtr2	969
174	1	Rtr2	962
175	1	Rtr2	605
176	1	Rtr2	185
177	1	Rtr2	167
178	1	Rtr2	79
179	1	Rtr2	80
180	1	Rtr2	165
181	1	Rtr2	162
182	1	Rtr2	127
183	1	Rtr2	84
184	1	Rtr2	76
185	1	Rtr2	138
186	1	Rtr2	154
187	1	Rtr2	123
188	1	Rtr2	74
189	1	Rtr2	76
190	1	Rtr2	135
191	1	Rtr2	140
192	1	Rtr2	544
193	1	Rtr2	948
194	1	Rtr2	955
195	1	Rtr2	1021
196	1	Rtr2	607
197	1	Rtr2	169
198	1	Rtr2	143
199	1	Rtr2	108
200	1	Rtr2	171
201	1	Rtr2	143
202	1	Rtr2	141
203	1	Rtr2	97
204	1	Rtr2	80
205	1	Rtr2	172
206	1	Rtr2	146
207	1	Rtr2	136
208	1	Rtr2	102
209	1	Rtr2	76
210	1	Rtr2	133
211	1	Rtr2	140
212	1	Rtr2	120
213	1	Rtr2	513
214	1	Rtr2	958
215	1	Rtr2	1023
216	1	Rtr2	1020
217	1	Rtr2	600
218	1	Rtr2	117
219	1	Rtr2	118
220	1	Rtr2	182
221	1	Rtr2	322
222	1	Rtr2	290
223	1	Rtr2	228
224	1	Rtr2	220
225	1	Rtr2	193
226	1	Rtr2	188
227	1	Rtr2	179
228	1	Rtr2	101
229	1	Rtr2	78
230	1	Rtr2	142
231	1	Rtr2	154
232	1	Rtr2	127
233	1	Rtr2	86
234	1	Rtr2	508
235	1	Rtr2	1009
236	1	Rtr2	1016
237	1	Rtr2	1037
238	1	Rtr2	536
239	1	Rtr2	76
240	1	Rtr2	128
241	1	Rtr2	128
242	1	Rtr2	112
243	1	Rtr2	58
244	1	Rtr2	88
245	1	Rtr2	139
246	1	Rtr2	130
247	1	Rtr2	107
248	1	Rtr2	84
249	1	Rtr2	64
250	1	Rtr2	111
251	1	Rtr2	113
252	1	Rtr2	103
253	1	Rtr2	75
254	1	Rtr2	51
255	1	Rtr2	539
256	1	Rtr2	990
257	1	Rtr2	1002
258	1	Rtr2	1000
259	1	Rtr2	548
260	1	Rtr2	176
261	1	Rtr2	165
262	1	Rtr2	152
263	1	Rtr2	88
264	1	Rtr2	71
265	1	Rtr2	136
266	1	Rtr2	320
267	1	Rtr2	279
268	1	Rtr2	240
269	1	Rtr2	227
270	1	Rtr2	160
271	1	Rtr2	190
272	1	Rtr2	160
273	1	Rtr2	90
274	1	Rtr2	102
275	1	Rtr2	157
276	1	Rtr2	595
277	1	Rtr2	1040
278	1	Rtr2	987
279	1	Rtr2	968
280	1	Rtr2	595
281	1	Rtr2	144
282	1	Rtr2	133
283	1	Rtr2	81
284	1	Rtr2	91
285	1	Rtr2	171
286	1	Rtr2	160
287	1	Rtr2	134
288	1	Rtr2	86
289	1	Rtr2	90
290	1	Rtr2	132
291	1	Rtr2	136
292	1	Rtr2	131
293	1	Rtr2	93
294	1	Rtr2	90
295	1	Rtr2	164
296	1	Rtr2	129
297	1	Rtr2	578
298	1	Rtr2	986
299	1	Rtr2	1000
300	1	Rtr2	1058
301	1	Rtr2	618
302	1	Rtr2	153
303	1	Rtr2	533
304	1	Rtr2	993
305	1	Rtr2	1056
306	1	Rtr2	1055
307	1	Rtr2	613
308	1	Rtr2	130
309	1	Rtr2	82
310	1	Rtr2	142
311	1	Rtr2	132
312	1	Rtr2	114
313	1	Rtr2	79
314	1	Rtr2	67
315	1	Rtr2	127
316	1	Rtr2	122
317	1	Rtr2	117
318	1	Rtr2	71
319	1	Rtr2	69
320	1	Rtr2	109
321	1	Rtr2	272
322	1	Rtr2	256
323	1	Rtr2	232
324	1	Rtr2	677
325	1	Rtr2	1070
326	1	Rtr2	1087
327	1	Rtr2	1083
328	1	Rtr2	562
329	1	Rtr2	105
330	1	Rtr2	165
331	1	Rtr2	136
332	1	Rtr2	154
333	1	Rtr2	67
334	1	Rtr2	53
335	1	Rtr2	100
336	1	Rtr2	99
337	1	Rtr2	85
338	1	Rtr2	59
339	1	Rtr2	55
340	1	Rtr2	117
341	1	Rtr2	110
342	1	Rtr2	87
343	1	Rtr2	74
344	1	Rtr2	66
345	1	Rtr2	568
346	1	Rtr2	1033
347	1	Rtr2	1037
348	1	Rtr2	1038
349	1	Rtr2	562
350	1	Rtr2	150
351	1	Rtr2	144
352	1	Rtr2	120
353	1	Rtr2	64
354	1	Rtr2	84
355	1	Rtr2	120
356	1	Rtr2	122
357	1	Rtr2	127
358	1	Rtr2	96
359	1	Rtr2	53
360	1	Rtr2	101
361	1	Rtr2	129
362	1	Rtr2	111
363	1	Rtr2	93
364	1	Rtr2	78
365	1	Rtr2	134
366	1	Rtr2	596
367	1	Rtr2	1046
368	1	Rtr2	1020
369	1	Rtr2	1022
370	1	Rtr2	629
371	1	Rtr2	134
372	1	Rtr2	121
373	1	Rtr2	73
374	1	Rtr2	58
375	1	Rtr2	119
376	1	Rtr2	285
377	1	Rtr2	257
378	1	Rtr2	227
379	1	Rtr2	219
380	1	Rtr2	159
381	1	Rtr2	150
382	1	Rtr2	142
383	1	Rtr2	79
384	1	Rtr2	68
385	1	Rtr2	123
386	1	Rtr2	133
387	1	Rtr2	581
388	1	Rtr2	1013
389	1	Rtr2	1017
390	1	Rtr2	1075
391	1	Rtr2	604
392	1	Rtr2	135
393	1	Rtr2	72
394	1	Rtr2	64
395	1	Rtr2	113
396	1	Rtr2	121
397	1	Rtr2	121
398	1	Rtr2	71
399	1	Rtr2	59
400	1	Rtr2	103
401	1	Rtr2	107
402	1	Rtr2	91
403	1	Rtr2	83
404	1	Rtr2	67
405	1	Rtr2	145
406	1	Rtr2	113
407	1	Rtr2	109
408	1	Rtr2	532
409	1	Rtr2	1017
410	1	Rtr2	1086
411	1	Rtr2	1079
412	1	Rtr2	610
413	1	Rtr2	122
414	1	Rtr2	84
415	1	Rtr2	139
416	1	Rtr2	148
417	1	Rtr2	143
418	1	Rtr2	85
419	1	Rtr2	105
420	1	Rtr2	168
421	1	Rtr2	168
422	1	Rtr2	155
423	1	Rtr2	89
424	1	Rtr2	78
425	1	Rtr2	129
426	1	Rtr2	106
427	1	Rtr2	121
428	1	Rtr2	103
429	1	Rtr2	556
430	1	Rtr2	1084
431	1	Rtr2	1083
432	1	Rtr2	1094
433	1	Rtr2	712
434	1	Rtr2	211
435	1	Rtr2	277
436	1	Rtr2	267
437	1	Rtr2	161
438	1	Rtr2	85
439	1	Rtr2	72
440	1	Rtr2	122
441	1	Rtr2	112
442	1	Rtr2	126
443	1	Rtr2	93
444	1	Rtr2	83
445	1	Rtr2	135
446	1	Rtr2	137
447	1	Rtr2	119
448	1	Rtr2	86
449	1	Rtr2	72
450	1	Rtr2	601
451	1	Rtr2	1096
452	1	Rtr2	1094
453	1	Rtr2	1057
454	1	Rtr2	589
455	1	Rtr2	171
456	1	Rtr2	155
457	1	Rtr2	140
458	1	Rtr2	88
459	1	Rtr2	69
460	1	Rtr2	136
461	1	Rtr2	123
462	1	Rtr2	135
463	1	Rtr2	83
464	1	Rtr2	97
465	1	Rtr2	152
466	1	Rtr2	162
467	1	Rtr2	151
468	1	Rtr2	66
469	1	Rtr2	66
470	1	Rtr2	112
471	1	Rtr2	601
472	1	Rtr2	1091
473	1	Rtr2	1046
474	1	Rtr2	1047
475	1	Rtr2	631
476	1	Rtr2	136
477	1	Rtr2	117
478	1	Rtr2	57
479	1	Rtr2	45
480	1	Rtr2	102
481	1	Rtr2	104
482	1	Rtr2	84
483	1	Rtr2	82
484	1	Rtr2	38
485	1	Rtr2	89
486	1	Rtr2	72
487	1	Rtr2	74
488	1	Rtr2	65
489	1	Rtr2	51
490	1	Rtr2	100
491	1	Rtr2	256
492	1	Rtr2	701
493	1	Rtr2	1179
494	1	Rtr2	1174
495	1	Rtr2	1109
496	1	Rtr2	653
497	1	Rtr2	145
498	1	Rtr2	79
499	1	Rtr2	72
500	1	Rtr2	126
501	1	Rtr2	110
502	1	Rtr2	103
503	1	Rtr2	54
504	1	Rtr2	53
505	1	Rtr2	100
506	1	Rtr2	71
507	1	Rtr2	80
508	1	Rtr2	63
509	1	Rtr2	49
510	1	Rtr2	118
511	1	Rtr2	106
512	1	Rtr2	82
513	1	Rtr2	564
514	1	Rtr2	1062
515	1	Rtr2	1115
516	1	Rtr2	1109
517	1	Rtr2	650
518	1	Rtr2	109
519	1	Rtr2	106
520	1	Rtr2	153
521	1	Rtr2	152
522	1	Rtr2	161
523	1	Rtr2	80
524	1	Rtr2	69
525	1	Rtr2	109
526	1	Rtr2	117
527	1	Rtr2	118
528	1	Rtr2	71
529	1	Rtr2	66
530	1	Rtr2	109
531	1	Rtr2	112
532	1	Rtr2	105
533	1	Rtr2	73
534	1	Rtr2	557
535	1	Rtr2	1099
536	1	Rtr2	1125
537	1	Rtr2	1109
538	1	Rtr2	589
539	1	Rtr2	91
540	1	Rtr2	124
541	1	Rtr2	121
542	1	Rtr2	135
543	1	Rtr2	84
544	1	Rtr2	70
545	1	Rtr2	113
546	1	Rtr2	123
547	1	Rtr2	269
548	1	Rtr2	218
549	1	Rtr2	191
550	1	Rtr2	245
551	1	Rtr2	137
552	1	Rtr2	135
553	1	Rtr2	86
554	1	Rtr2	63
555	1	Rtr2	614
556	1	Rtr2	1095
557	1	Rtr2	1104
558	1	Rtr2	1077
559	1	Rtr2	610
560	1	Rtr2	169
561	1	Rtr2	138
562	1	Rtr2	121
563	1	Rtr2	62
564	1	Rtr2	236
565	1	Rtr2	266
566	1	Rtr2	269
567	1	Rtr2	266
568	1	Rtr2	100
569	1	Rtr2	85
570	1	Rtr2	111
571	1	Rtr2	124
572	1	Rtr2	125
573	1	Rtr2	84
574	1	Rtr2	82
575	1	Rtr2	125
576	1	Rtr2	607
577	1	Rtr2	1121
578	1	Rtr2	1088
579	1	Rtr2	1093
580	1	Rtr2	642
581	1	Rtr2	122
582	1	Rtr2	94
583	1	Rtr2	78
584	1	Rtr2	85
585	1	Rtr2	122
586	1	Rtr2	135
587	1	Rtr2	121
588	1	Rtr2	74
589	1	Rtr2	55
590	1	Rtr2	74
591	1	Rtr2	84
592	1	Rtr2	103
593	1	Rtr2	71
594	1	Rtr2	72
595	1	Rtr2	133
596	1	Rtr2	122
597	1	Rtr2	615
598	1	Rtr2	1090
599	1	Rtr2	1103
600	1	Rtr2	1159
601	1	Rtr2	652
602	1	Rtr2	141
603	1	Rtr2	602
604	1	Rtr2	1107
605	1	Rtr2	1159
606	1	Rtr2	1147
607	1	Rtr2	648
608	1	Rtr2	106
609	1	Rtr2	94
610	1	Rtr2	147
611	1	Rtr2	132
612	1	Rtr2	109
613	1	Rtr2	71
614	1	Rtr2	45
615	1	Rtr2	95
616	1	Rtr2	80
617	1	Rtr2	76
618	1	Rtr2	69
619	1	Rtr2	53
620	1	Rtr2	98
621	1	Rtr2	113
622	1	Rtr2	101
623	1	Rtr2	246
624	1	Rtr2	718
625	1	Rtr2	1283
626	1	Rtr2	1275
627	1	Rtr2	1156
628	1	Rtr2	614
629	1	Rtr2	88
630	1	Rtr2	133
631	1	Rtr2	122
632	1	Rtr2	116
633	1	Rtr2	68
634	1	Rtr2	64
635	1	Rtr2	104
636	1	Rtr2	94
637	1	Rtr2	81
638	1	Rtr2	44
639	1	Rtr2	36
640	1	Rtr2	78
641	1	Rtr2	96
642	1	Rtr2	70
643	1	Rtr2	69
644	1	Rtr2	82
645	1	Rtr2	636
646	1	Rtr2	1160
647	1	Rtr2	1162
648	1	Rtr2	1114
649	1	Rtr2	596
650	1	Rtr2	117
651	1	Rtr2	100
652	1	Rtr2	89
653	1	Rtr2	54
654	1	Rtr2	53
655	1	Rtr2	89
656	1	Rtr2	66
657	1	Rtr2	60
658	1	Rtr2	46
659	1	Rtr2	37
660	1	Rtr2	84
661	1	Rtr2	76
662	1	Rtr2	59
663	1	Rtr2	57
664	1	Rtr2	49
665	1	Rtr2	88
666	1	Rtr2	604
667	1	Rtr2	1153
668	1	Rtr2	1131
669	1	Rtr2	1123
670	1	Rtr2	648
671	1	Rtr2	111
672	1	Rtr2	97
673	1	Rtr2	53
674	1	Rtr2	44
675	1	Rtr2	90
676	1	Rtr2	87
677	1	Rtr2	74
678	1	Rtr2	57
679	1	Rtr2	228
680	1	Rtr2	251
681	1	Rtr2	249
682	1	Rtr2	242
683	1	Rtr2	61
684	1	Rtr2	59
685	1	Rtr2	114
686	1	Rtr2	87
687	1	Rtr2	616
688	1	Rtr2	1110
689	1	Rtr2	1138
690	1	Rtr2	1180
691	1	Rtr2	651
692	1	Rtr2	160
693	1	Rtr2	87
694	1	Rtr2	78
695	1	Rtr2	124
696	1	Rtr2	133
697	1	Rtr2	115
698	1	Rtr2	51
699	1	Rtr2	70
700	1	Rtr2	97
701	1	Rtr2	119
702	1	Rtr2	104
703	1	Rtr2	78
704	1	Rtr2	53
705	1	Rtr2	107
706	1	Rtr2	102
707	1	Rtr2	90
708	1	Rtr2	604
709	1	Rtr2	1125
710	1	Rtr2	1170
711	1	Rtr2	1163
712	1	Rtr2	647
713	1	Rtr2	96
714	1	Rtr2	81
715	1	Rtr2	124
716	1	Rtr2	137
717	1	Rtr2	126
718	1	Rtr2	63
719	1	Rtr2	54
720	1	Rtr2	83
721	1	Rtr2	93
722	1	Rtr2	81
723	1	Rtr2	61
724	1	Rtr2	74
725	1	Rtr2	115
726	1	Rtr2	127
727	1	Rtr2	109
728	1	Rtr2	64
729	1	Rtr2	588
730	1	Rtr2	1163
731	1	Rtr2	1176
732	1	Rtr2	1158
733	1	Rtr2	632
734	1	Rtr2	88
735	1	Rtr2	106
736	1	Rtr2	100
737	1	Rtr2	107
738	1	Rtr2	55
739	1	Rtr2	58
740	1	Rtr2	78
741	1	Rtr2	69
742	1	Rtr2	236
743	1	Rtr2	190
744	1	Rtr2	185
745	1	Rtr2	230
746	1	Rtr2	102
747	1	Rtr2	106
748	1	Rtr2	59
749	1	Rtr2	45
750	1	Rtr2	624
751	1	Rtr2	1176
752	1	Rtr2	1172
753	1	Rtr2	1156
754	1	Rtr2	636
755	1	Rtr2	137
756	1	Rtr2	129
757	1	Rtr2	126
758	1	Rtr2	87
759	1	Rtr2	50
760	1	Rtr2	80
761	1	Rtr2	79
762	1	Rtr2	87
763	1	Rtr2	57
764	1	Rtr2	56
765	1	Rtr2	90
766	1	Rtr2	80
767	1	Rtr2	79
768	1	Rtr2	57
769	1	Rtr2	59
770	1	Rtr2	225
771	1	Rtr2	733
772	1	Rtr2	1273
773	1	Rtr2	1262
774	1	Rtr2	1154
775	1	Rtr2	651
776	1	Rtr2	103
777	1	Rtr2	108
778	1	Rtr2	49
779	1	Rtr2	67
780	1	Rtr2	108
781	1	Rtr2	109
782	1	Rtr2	104
783	1	Rtr2	85
784	1	Rtr2	61
785	1	Rtr2	116
786	1	Rtr2	104
787	1	Rtr2	104
788	1	Rtr2	64
789	1	Rtr2	65
790	1	Rtr2	93
791	1	Rtr2	86
792	1	Rtr2	630
793	1	Rtr2	1161
794	1	Rtr2	1166
795	1	Rtr2	1188
796	1	Rtr2	661
797	1	Rtr2	113
798	1	Rtr2	58
799	1	Rtr2	50
800	1	Rtr2	87
801	1	Rtr2	110
802	1	Rtr2	89
803	1	Rtr2	66
804	1	Rtr2	76
805	1	Rtr2	114
806	1	Rtr2	119
807	1	Rtr2	116
808	1	Rtr2	59
809	1	Rtr2	55
810	1	Rtr2	89
811	1	Rtr2	92
812	1	Rtr2	89
813	1	Rtr2	610
814	1	Rtr2	1163
815	1	Rtr2	1196
816	1	Rtr2	1197
817	1	Rtr2	667
818	1	Rtr2	95
819	1	Rtr2	72
820	1	Rtr2	100
821	1	Rtr2	97
822	1	Rtr2	95
823	1	Rtr2	71
824	1	Rtr2	57
825	1	Rtr2	82
826	1	Rtr2	83
827	1	Rtr2	73
828	1	Rtr2	70
829	1	Rtr2	53
830	1	Rtr2	77
831	1	Rtr2	98
832	1	Rtr2	86
833	1	Rtr2	54
834	1	Rtr2	593
835	1	Rtr2	1176
836	1	Rtr2	1193
837	1	Rtr2	1197
838	1	Rtr2	650
839	1	Rtr2	206
840	1	Rtr2	210
841	1	Rtr2	218
842	1	Rtr2	217
843	1	Rtr2	73
844	1	Rtr2	63
845	1	Rtr2	80
846	1	Rtr2	103
847	1	Rtr2	77
848	1	Rtr2	63
849	1	Rtr2	61
850	1	Rtr2	87
851	1	Rtr2	95
852	1	Rtr2	69
853	1	Rtr2	50
854	1	Rtr2	42
855	1	Rtr2	632
856	1	Rtr2	1200
857	1	Rtr2	1208
858	1	Rtr2	1185
859	1	Rtr2	633
860	1	Rtr2	96
861	1	Rtr2	97
862	1	Rtr2	105
863	1	Rtr2	84
864	1	Rtr2	62
865	1	Rtr2	95
866	1	Rtr2	99
867	1	Rtr2	95
868	1	Rtr2	70
869	1	Rtr2	43
870	1	Rtr2	74
871	1	Rtr2	73
872	1	Rtr2	69
873	1	Rtr2	70
874	1	Rtr2	57
875	1	Rtr2	81
876	1	Rtr2	635
877	1	Rtr2	1221
878	1	Rtr2	1196
879	1	Rtr2	1196
880	1	Rtr2	664
881	1	Rtr2	94
882	1	Rtr2	87
883	1	Rtr2	57
884	1	Rtr2	56
885	1	Rtr2	97
886	1	Rtr2	77
887	1	Rtr2	87
888	1	Rtr2	40
889	1	Rtr2	51
890	1	Rtr2	96
891	1	Rtr2	233
892	1	Rtr2	201
893	1	Rtr2	187
894	1	Rtr2	183
895	1	Rtr2	114
896	1	Rtr2	99
897	1	Rtr2	661
898	1	Rtr2	1193
899	1	Rtr2	1205
900	1	Rtr2	1229
901	1	Rtr2	682
902	1	Rtr2	112
903	1	Rtr2	636
904	1	Rtr2	1204
905	1	Rtr2	1246
906	1	Rtr2	1246
907	1	Rtr2	667
908	1	Rtr2	81
909	1	Rtr2	75
910	1	Rtr2	105
911	1	Rtr2	101
912	1	Rtr2	117
913	1	Rtr2	69
914	1	Rtr2	44
915	1	Rtr2	78
916	1	Rtr2	67
917	1	Rtr2	57
918	1	Rtr2	31
919	1	Rtr2	36
920	1	Rtr2	65
921	1	Rtr2	73
922	1	Rtr2	59
923	1	Rtr2	48
924	1	Rtr2	622
925	1	Rtr2	1228
926	1	Rtr2	1231
927	1	Rtr2	1230
928	1	Rtr2	652
929	1	Rtr2	87
930	1	Rtr2	107
931	1	Rtr2	90
932	1	Rtr2	92
933	1	Rtr2	52
934	1	Rtr2	37
935	1	Rtr2	60
936	1	Rtr2	62
937	1	Rtr2	206
938	1	Rtr2	176
939	1	Rtr2	166
940	1	Rtr2	181
941	1	Rtr2	90
942	1	Rtr2	87
943	1	Rtr2	51
944	1	Rtr2	44
945	1	Rtr2	633
946	1	Rtr2	1222
947	1	Rtr2	1229
948	1	Rtr2	1219
949	1	Rtr2	639
950	1	Rtr2	92
951	1	Rtr2	78
952	1	Rtr2	55
953	1	Rtr2	49
954	1	Rtr2	41
955	1	Rtr2	67
956	1	Rtr2	47
957	1	Rtr2	49
958	1	Rtr2	56
959	1	Rtr2	29
960	1	Rtr2	45
961	1	Rtr2	41
962	1	Rtr2	45
963	1	Rtr2	49
964	1	Rtr2	47
965	1	Rtr2	78
966	1	Rtr2	655
967	1	Rtr2	1238
968	1	Rtr2	1226
969	1	Rtr2	1222
970	1	Rtr2	678
971	1	Rtr2	71
972	1	Rtr2	61
973	1	Rtr2	42
974	1	Rtr2	41
975	1	Rtr2	58
976	1	Rtr2	54
977	1	Rtr2	51
978	1	Rtr2	35
979	1	Rtr2	26
980	1	Rtr2	55
981	1	Rtr2	47
982	1	Rtr2	42
983	1	Rtr2	49
984	1	Rtr2	49
985	1	Rtr2	82
986	1	Rtr2	78
987	1	Rtr2	665
988	1	Rtr2	1222
989	1	Rtr2	1231
990	1	Rtr2	1252
991	1	Rtr2	678
992	1	Rtr2	98
993	1	Rtr2	204
994	1	Rtr2	161
995	1	Rtr2	188
996	1	Rtr2	186
997	1	Rtr2	87
998	1	Rtr2	48
999	1	Rtr2	45
1000	1	Rtr2	75
1001	1	Rtr2	194
1002	1	Rtr2	159
1003	1	Rtr2	722
1004	1	Rtr2	1323
1005	1	Rtr2	1265
1006	1	Rtr2	1258
1007	1	Rtr2	675
1008	1	Rtr2	61
1009	1	Rtr2	57
1010	1	Rtr2	81
1011	1	Rtr2	97
1012	1	Rtr2	88
1013	1	Rtr2	48
1014	1	Rtr2	31
1015	1	Rtr2	66
1016	1	Rtr2	57
1017	1	Rtr2	58
1018	1	Rtr2	48
1019	1	Rtr2	48
1020	1	Rtr2	67
1021	1	Rtr2	61
1022	1	Rtr2	42
1023	1	Rtr2	38
1024	1	Rtr2	635
1025	1	Rtr2	1256
1026	1	Rtr2	1263
1027	1	Rtr2	1257
1028	1	Rtr2	661
1029	1	Rtr2	60
1030	1	Rtr2	71
1031	1	Rtr2	68
1032	1	Rtr2	63
1033	1	Rtr2	33
1034	1	Rtr2	25
1035	1	Rtr2	38
1036	1	Rtr2	61
1037	1	Rtr2	48
1038	1	Rtr2	36
1039	1	Rtr2	43
1040	1	Rtr2	56
1041	1	Rtr2	70
1042	1	Rtr2	55
1043	1	Rtr2	38
1044	1	Rtr2	46
1045	1	Rtr2	657
1046	1	Rtr2	1256
1047	1	Rtr2	1263
1048	1	Rtr2	1257
1049	1	Rtr2	668
1050	1	Rtr2	81
1051	1	Rtr2	82
1052	1	Rtr2	70
1053	1	Rtr2	36
1054	1	Rtr2	22
1055	1	Rtr2	42
1056	1	Rtr2	203
1057	1	Rtr2	165
1058	1	Rtr2	175
1059	1	Rtr2	166
1060	1	Rtr2	78
1061	1	Rtr2	88
1062	1	Rtr2	67
1063	1	Rtr2	49
1064	1	Rtr2	31
1065	1	Rtr2	54
1066	1	Rtr2	656
1067	1	Rtr2	1265
1068	1	Rtr2	1260
1069	1	Rtr2	1267
1070	1	Rtr2	692
1071	1	Rtr2	87
1072	1	Rtr2	76
1073	1	Rtr2	52
1074	1	Rtr2	49
1075	1	Rtr2	63
1076	1	Rtr2	64
1077	1	Rtr2	70
1078	1	Rtr2	50
1079	1	Rtr2	36
1080	1	Rtr2	59
1081	1	Rtr2	58
1082	1	Rtr2	51
1083	1	Rtr2	47
1084	1	Rtr2	30
1085	1	Rtr2	59
1086	1	Rtr2	59
1087	1	Rtr2	668
1088	1	Rtr2	1265
1089	1	Rtr2	1276
1090	1	Rtr2	1288
1091	1	Rtr2	683
1092	1	Rtr2	69
1093	1	Rtr2	59
1094	1	Rtr2	33
1095	1	Rtr2	52
1096	1	Rtr2	52
1097	1	Rtr2	39
1098	1	Rtr2	30
1099	1	Rtr2	38
1100	1	Rtr2	48
1101	1	Rtr2	47
1102	1	Rtr2	41
1103	1	Rtr2	33
1104	1	Rtr2	23
1105	1	Rtr2	55
1106	1	Rtr2	59
1107	1	Rtr2	47
1108	1	Rtr2	656
1109	1	Rtr2	1273
1110	1	Rtr2	1297
1111	1	Rtr2	1406
1112	1	Rtr2	766
1113	1	Rtr2	124
1114	1	Rtr2	115
1115	1	Rtr2	71
1116	1	Rtr2	78
1117	1	Rtr2	74
1118	1	Rtr2	51
1119	1	Rtr2	49
1120	1	Rtr2	60
1121	1	Rtr2	69
1122	1	Rtr2	62
1123	1	Rtr2	34
1124	1	Rtr2	39
1125	1	Rtr2	57
1126	1	Rtr2	56
1127	1	Rtr2	54
1128	1	Rtr2	41
1129	1	Rtr2	665
1130	1	Rtr2	1309
1131	1	Rtr2	1306
1132	1	Rtr2	1312
1133	1	Rtr2	678
1134	1	Rtr2	53
1135	1	Rtr2	57
1136	1	Rtr2	58
1137	1	Rtr2	43
1138	1	Rtr2	30
1139	1	Rtr2	25
1140	1	Rtr2	41
1141	1	Rtr2	55
1142	1	Rtr2	44
1143	1	Rtr2	26
1144	1	Rtr2	33
1145	1	Rtr2	43
1146	1	Rtr2	52
1147	1	Rtr2	41
1148	1	Rtr2	42
1149	1	Rtr2	26
1150	1	Rtr2	666
1151	1	Rtr2	1286
1152	1	Rtr2	1298
1153	1	Rtr2	1292
1154	1	Rtr2	683
1155	1	Rtr2	74
1156	1	Rtr2	69
1157	1	Rtr2	47
1158	1	Rtr2	36
1159	1	Rtr2	35
1160	1	Rtr2	48
1161	1	Rtr2	193
1162	1	Rtr2	157
1163	1	Rtr2	138
1164	1	Rtr2	140
1165	1	Rtr2	62
1166	1	Rtr2	46
1167	1	Rtr2	39
1168	1	Rtr2	23
1169	1	Rtr2	33
1170	1	Rtr2	49
1171	1	Rtr2	668
1172	1	Rtr2	1300
1173	1	Rtr2	1302
1174	1	Rtr2	1302
1175	1	Rtr2	697
1176	1	Rtr2	77
1177	1	Rtr2	47
1178	1	Rtr2	24
1179	1	Rtr2	28
1180	1	Rtr2	43
1181	1	Rtr2	36
1182	1	Rtr2	36
1183	1	Rtr2	23
1184	1	Rtr2	21
1185	1	Rtr2	50
1186	1	Rtr2	23
1187	1	Rtr2	38
1188	1	Rtr2	32
1189	1	Rtr2	41
1190	1	Rtr2	57
1191	1	Rtr2	51
1192	1	Rtr2	676
1193	1	Rtr2	1304
1194	1	Rtr2	1305
1195	1	Rtr2	1321
1196	1	Rtr2	696
1197	1	Rtr2	75
1198	1	Rtr2	54
1199	1	Rtr2	47
1200	1	Rtr2	56
1201	1	Rtr2	42
1202	1	Rtr2	39
1203	1	Rtr2	32
1204	1	Rtr2	28
1205	1	Rtr2	36
1206	1	Rtr2	32
1207	1	Rtr2	24
1208	1	Rtr2	15
1209	1	Rtr2	37
1210	1	Rtr2	43
1211	1	Rtr2	53
1212	1	Rtr2	36
1213	1	Rtr2	668
1214	1	Rtr2	1305
1215	1	Rtr2	1332
1216	1	Rtr2	1333
1217	1	Rtr2	688
1218	1	Rtr2	48
1219	1	Rtr2	37
1220	1	Rtr2	43
1221	1	Rtr2	160
1222	1	Rtr2	112
1223	1	Rtr2	106
1224	1	Rtr2	102
1225	1	Rtr2	53
1226	1	Rtr2	55
1227	1	Rtr2	40
1228	1	Rtr2	22
1229	1	Rtr2	21
1230	1	Rtr2	30
1231	1	Rtr2	37
1232	1	Rtr2	31
1233	1	Rtr2	25
1234	1	Rtr2	661
1235	1	Rtr2	1326
1236	1	Rtr2	1330
1237	1	Rtr2	1322
1238	1	Rtr2	687
1239	1	Rtr2	46
1240	1	Rtr2	41
1241	1	Rtr2	58
1242	1	Rtr2	44
1243	1	Rtr2	25
1244	1	Rtr2	24
1245	1	Rtr2	31
1246	1	Rtr2	42
1247	1	Rtr2	30
1248	1	Rtr2	23
1249	1	Rtr2	19
1250	1	Rtr2	28
1251	1	Rtr2	39
1252	1	Rtr2	43
1253	1	Rtr2	27
1254	1	Rtr2	22
1255	1	Rtr2	678
1256	1	Rtr2	1321
1257	1	Rtr2	1325
1258	1	Rtr2	1321
1259	1	Rtr2	689
1260	1	Rtr2	45
1261	1	Rtr2	31
1262	1	Rtr2	24
1263	1	Rtr2	18
1264	1	Rtr2	25
1265	1	Rtr2	23
1266	1	Rtr2	164
1267	1	Rtr2	127
1268	1	Rtr2	118
1269	1	Rtr2	111
1270	1	Rtr2	25
1271	1	Rtr2	30
1272	1	Rtr2	23
1273	1	Rtr2	27
1274	1	Rtr2	25
1275	1	Rtr2	28
1276	1	Rtr2	683
1277	1	Rtr2	1324
1278	1	Rtr2	1332
1279	1	Rtr2	1333
1280	1	Rtr2	708
1281	1	Rtr2	53
1282	1	Rtr2	59
1283	1	Rtr2	32
1284	1	Rtr2	26
1285	1	Rtr2	35
1286	1	Rtr2	42
1287	1	Rtr2	30
1288	1	Rtr2	20
1289	1	Rtr2	24
1290	1	Rtr2	31
1291	1	Rtr2	24
1292	1	Rtr2	23
1293	1	Rtr2	21
1294	1	Rtr2	28
1295	1	Rtr2	31
1296	1	Rtr2	23
1297	1	Rtr2	682
1298	1	Rtr2	1322
1299	1	Rtr2	1338
1300	1	Rtr2	1354
1301	1	Rtr2	698
1302	1	Rtr2	32
1303	1	Rtr2	682
1304	1	Rtr2	1343
1305	1	Rtr2	1359
1306	1	Rtr2	1364
1307	1	Rtr2	709
1308	1	Rtr2	39
1309	1	Rtr2	28
1310	1	Rtr2	34
1311	1	Rtr2	30
1312	1	Rtr2	19
1313	1	Rtr2	22
1314	1	Rtr2	21
1315	1	Rtr2	22
1316	1	Rtr2	24
1317	1	Rtr2	22
1318	1	Rtr2	15
1319	1	Rtr2	17
1320	1	Rtr2	24
1321	1	Rtr2	179
1322	1	Rtr2	156
1323	1	Rtr2	137
1324	1	Rtr2	788
1325	1	Rtr2	1374
1326	1	Rtr2	1377
1327	1	Rtr2	1372
1328	1	Rtr2	700
1329	1	Rtr2	33
1330	1	Rtr2	35
1331	1	Rtr2	33
1332	1	Rtr2	27
1333	1	Rtr2	23
1334	1	Rtr2	18
1335	1	Rtr2	31
1336	1	Rtr2	37
1337	1	Rtr2	15
1338	1	Rtr2	35
1339	1	Rtr2	24
1340	1	Rtr2	28
1341	1	Rtr2	21
1342	1	Rtr2	21
1343	1	Rtr2	21
1344	1	Rtr2	17
1345	1	Rtr2	687
1346	1	Rtr2	1352
1347	1	Rtr2	1366
1348	1	Rtr2	1358
1349	1	Rtr2	706
1350	1	Rtr2	39
1351	1	Rtr2	35
1352	1	Rtr2	25
1353	1	Rtr2	26
1354	1	Rtr2	19
1355	1	Rtr2	28
1356	1	Rtr2	34
1357	1	Rtr2	35
1358	1	Rtr2	14
1359	1	Rtr2	17
1360	1	Rtr2	26
1361	1	Rtr2	28
1362	1	Rtr2	21
1363	1	Rtr2	18
1364	1	Rtr2	30
1365	1	Rtr2	36
1366	1	Rtr2	699
1367	1	Rtr2	1366
1368	1	Rtr2	1373
1369	1	Rtr2	1371
1370	1	Rtr2	715
1371	1	Rtr2	41
1372	1	Rtr2	26
1373	1	Rtr2	21
1374	1	Rtr2	24
1375	1	Rtr2	33
1376	1	Rtr2	151
1377	1	Rtr2	112
1378	1	Rtr2	108
1379	1	Rtr2	88
1380	1	Rtr2	20
1381	1	Rtr2	24
1382	1	Rtr2	20
1383	1	Rtr2	18
1384	1	Rtr2	19
1385	1	Rtr2	14
1386	1	Rtr2	18
1387	1	Rtr2	691
1388	1	Rtr2	1367
1389	1	Rtr2	1372
1390	1	Rtr2	1387
1391	1	Rtr2	713
1392	1	Rtr2	37
1393	1	Rtr2	22
1394	1	Rtr2	18
1395	1	Rtr2	25
1396	1	Rtr2	25
1397	1	Rtr2	16
1398	1	Rtr2	19
1399	1	Rtr2	21
1400	1	Rtr2	19
1401	1	Rtr2	19
1402	1	Rtr2	35
1403	1	Rtr2	21
1404	1	Rtr2	20
1405	1	Rtr2	23
1406	1	Rtr2	23
1407	1	Rtr2	19
1408	1	Rtr2	698
1409	1	Rtr2	1375
1410	1	Rtr2	1392
1411	1	Rtr2	1390
1412	1	Rtr2	714
1413	1	Rtr2	27
1414	1	Rtr2	19
1415	1	Rtr2	21
1416	1	Rtr2	25
1417	1	Rtr2	22
1418	1	Rtr2	18
1419	1	Rtr2	15
1420	1	Rtr2	22
1421	1	Rtr2	22
1422	1	Rtr2	19
1423	1	Rtr2	23
1424	1	Rtr2	21
1425	1	Rtr2	20
1426	1	Rtr2	25
1427	1	Rtr2	21
1428	1	Rtr2	24
1429	1	Rtr2	700
1430	1	Rtr2	1395
1431	1	Rtr2	1398
1432	1	Rtr2	1397
1433	1	Rtr2	846
1434	1	Rtr2	117
1435	1	Rtr2	112
1436	1	Rtr2	101
1437	1	Rtr2	27
1438	1	Rtr2	22
1439	1	Rtr2	20
1440	1	Rtr2	21
1441	1	Rtr2	22
1442	1	Rtr2	17
1443	1	Rtr2	16
1444	1	Rtr2	17
1445	1	Rtr2	19
1446	1	Rtr2	16
1447	1	Rtr2	13
1448	1	Rtr2	21
1449	1	Rtr2	20
1450	1	Rtr2	704
1451	1	Rtr2	1388
1452	1	Rtr2	1394
1453	1	Rtr2	1400
1454	1	Rtr2	723
1455	1	Rtr2	29
1456	1	Rtr2	19
1457	1	Rtr2	28
1458	1	Rtr2	16
1459	1	Rtr2	16
1460	1	Rtr2	18
1461	1	Rtr2	19
1462	1	Rtr2	18
1463	1	Rtr2	17
1464	1	Rtr2	16
1465	1	Rtr2	22
1466	1	Rtr2	15
1467	1	Rtr2	16
1468	1	Rtr2	14
1469	1	Rtr2	13
1470	1	Rtr2	18
1471	1	Rtr2	705
1472	1	Rtr2	1398
1473	1	Rtr2	1401
1474	1	Rtr2	1412
1475	1	Rtr2	734
1476	1	Rtr2	40
1477	1	Rtr2	27
1478	1	Rtr2	13
1479	1	Rtr2	20
1480	1	Rtr2	16
1481	1	Rtr2	15
1482	1	Rtr2	18
1483	1	Rtr2	15
1484	1	Rtr2	15
1485	1	Rtr2	16
1486	1	Rtr2	16
1487	1	Rtr2	17
1488	1	Rtr2	17
1489	1	Rtr2	14
1490	1	Rtr2	11
1491	1	Rtr2	146
1492	1	Rtr2	796
1493	1	Rtr2	1487
1494	1	Rtr2	1489
1495	1	Rtr2	1420
1496	1	Rtr2	723
1497	1	Rtr2	31
1498	1	Rtr2	21
1499	1	Rtr2	17
1500	1	Rtr2	13
1501	1	Rtr2	15
1502	1	Rtr2	16
1503	1	Rtr2	25
1504	1	Rtr2	15
1505	1	Rtr2	15
1506	1	Rtr2	16
1507	1	Rtr2	18
1508	1	Rtr2	13
1509	1	Rtr2	20
1510	1	Rtr2	19
1511	1	Rtr2	18
1512	1	Rtr2	18
1513	1	Rtr2	706
1514	1	Rtr2	1414
1515	1	Rtr2	1427
1516	1	Rtr2	1427
1517	1	Rtr2	731
1518	1	Rtr2	23
1519	1	Rtr2	14
1520	1	Rtr2	15
1521	1	Rtr2	18
1522	1	Rtr2	15
1523	1	Rtr2	17
1524	1	Rtr2	15
1525	1	Rtr2	14
1526	1	Rtr2	14
1527	1	Rtr2	14
1528	1	Rtr2	16
1529	1	Rtr2	9
1530	1	Rtr2	13
1531	1	Rtr2	21
1532	1	Rtr2	19
1533	1	Rtr2	15
1534	1	Rtr2	718
1535	1	Rtr2	1423
1536	1	Rtr2	1436
1537	1	Rtr2	1431
1538	1	Rtr2	730
1539	1	Rtr2	25
1540	1	Rtr2	22
1541	1	Rtr2	14
1542	1	Rtr2	16
1543	1	Rtr2	17
1544	1	Rtr2	18
1545	1	Rtr2	14
1546	1	Rtr2	13
1547	1	Rtr2	148
1548	1	Rtr2	93
1549	1	Rtr2	88
1550	1	Rtr2	86
1551	1	Rtr2	15
1552	1	Rtr2	16
1553	1	Rtr2	13
1554	1	Rtr2	12
1555	1	Rtr2	720
1556	1	Rtr2	1430
1557	1	Rtr2	1436
1558	1	Rtr2	1435
1559	1	Rtr2	726
1560	1	Rtr2	20
1561	1	Rtr2	14
1562	1	Rtr2	16
1563	1	Rtr2	16
1564	1	Rtr2	141
1565	1	Rtr2	127
1566	1	Rtr2	113
1567	1	Rtr2	115
1568	1	Rtr2	20
1569	1	Rtr2	17
1570	1	Rtr2	17
1571	1	Rtr2	16
1572	1	Rtr2	14
1573	1	Rtr2	19
1574	1	Rtr2	16
1575	1	Rtr2	17
1576	1	Rtr2	725
1577	1	Rtr2	1436
1578	1	Rtr2	1445
1579	1	Rtr2	1444
1580	1	Rtr2	746
1581	1	Rtr2	32
1582	1	Rtr2	23
1583	1	Rtr2	16
1584	1	Rtr2	8
1585	1	Rtr2	14
1586	1	Rtr2	16
1587	1	Rtr2	17
1588	1	Rtr2	14
1589	1	Rtr2	11
1590	1	Rtr2	17
1591	1	Rtr2	23
1592	1	Rtr2	13
1593	1	Rtr2	14
1594	1	Rtr2	11
1595	1	Rtr2	15
1596	1	Rtr2	11
1597	1	Rtr2	729
1598	1	Rtr2	1439
1599	1	Rtr2	1450
1600	1	Rtr2	1457
1601	1	Rtr2	739
1602	1	Rtr2	29
1603	1	Rtr2	726
1604	1	Rtr2	1451
1605	1	Rtr2	1462
1606	1	Rtr2	1465
1607	1	Rtr2	749
1608	1	Rtr2	22
1609	1	Rtr2	16
1610	1	Rtr2	14
1611	1	Rtr2	15
1612	1	Rtr2	12
1613	1	Rtr2	13
1614	1	Rtr2	14
1615	1	Rtr2	11
1616	1	Rtr2	15
1617	1	Rtr2	17
1618	1	Rtr2	12
1619	1	Rtr2	12
1620	1	Rtr2	12
1621	1	Rtr2	13
1622	1	Rtr2	12
1623	1	Rtr2	131
1624	1	Rtr2	810
1625	1	Rtr2	1532
1626	1	Rtr2	1535
1627	1	Rtr2	1475
1628	1	Rtr2	749
1629	1	Rtr2	21
1630	1	Rtr2	13
1631	1	Rtr2	15
1632	1	Rtr2	13
1633	1	Rtr2	9
1634	1	Rtr2	11
1635	1	Rtr2	18
1636	1	Rtr2	15
1637	1	Rtr2	12
1638	1	Rtr2	12
1639	1	Rtr2	16
1640	1	Rtr2	14
1641	1	Rtr2	16
1642	1	Rtr2	15
1643	1	Rtr2	13
1644	1	Rtr2	18
1645	1	Rtr2	730
1646	1	Rtr2	1461
1647	1	Rtr2	1477
1648	1	Rtr2	1473
1649	1	Rtr2	758
1650	1	Rtr2	27
1651	1	Rtr2	14
1652	1	Rtr2	15
1653	1	Rtr2	13
1654	1	Rtr2	10
1655	1	Rtr2	12
1656	1	Rtr2	11
1657	1	Rtr2	14
1658	1	Rtr2	18
1659	1	Rtr2	9
1660	1	Rtr2	15
1661	1	Rtr2	15
1662	1	Rtr2	13
1663	1	Rtr2	12
1664	1	Rtr2	13
1665	1	Rtr2	17
1666	1	Rtr2	741
1667	1	Rtr2	1475
1668	1	Rtr2	1478
1669	1	Rtr2	1483
1670	1	Rtr2	757
1671	1	Rtr2	25
1672	1	Rtr2	16
1673	1	Rtr2	12
1674	1	Rtr2	17
1675	1	Rtr2	15
1676	1	Rtr2	18
1677	1	Rtr2	14
1678	1	Rtr2	14
1679	1	Rtr2	113
1680	1	Rtr2	95
1681	1	Rtr2	84
1682	1	Rtr2	84
1683	1	Rtr2	17
1684	1	Rtr2	14
1685	1	Rtr2	15
1686	1	Rtr2	10
1687	1	Rtr2	744
1688	1	Rtr2	1483
1689	1	Rtr2	1489
1690	1	Rtr2	1494
1691	1	Rtr2	763
1692	1	Rtr2	28
1693	1	Rtr2	10
1694	1	Rtr2	12
1695	1	Rtr2	13
1696	1	Rtr2	13
1697	1	Rtr2	12
1698	1	Rtr2	15
1699	1	Rtr2	11
1700	1	Rtr2	9
1701	1	Rtr2	15
1702	1	Rtr2	13
1703	1	Rtr2	8
1704	1	Rtr2	10
1705	1	Rtr2	15
1706	1	Rtr2	8
1707	1	Rtr2	13
1708	1	Rtr2	749
1709	1	Rtr2	1487
1710	1	Rtr2	1496
1711	1	Rtr2	1496
1712	1	Rtr2	761
1713	1	Rtr2	21
1714	1	Rtr2	15
1715	1	Rtr2	13
1716	1	Rtr2	12
1717	1	Rtr2	11
1718	1	Rtr2	16
1719	1	Rtr2	13
1720	1	Rtr2	15
1721	1	Rtr2	10
1722	1	Rtr2	11
1723	1	Rtr2	12
1724	1	Rtr2	14
1725	1	Rtr2	12
1726	1	Rtr2	15
1727	1	Rtr2	12
1728	1	Rtr2	12
1729	1	Rtr2	747
1730	1	Rtr2	1492
1731	1	Rtr2	1501
1732	1	Rtr2	1499
1733	1	Rtr2	764
1734	1	Rtr2	21
1735	1	Rtr2	13
1736	1	Rtr2	11
1737	1	Rtr2	15
1738	1	Rtr2	13
1739	1	Rtr2	15
1740	1	Rtr2	9
1741	1	Rtr2	12
1742	1	Rtr2	134
1743	1	Rtr2	93
1744	1	Rtr2	87
1745	1	Rtr2	84
1746	1	Rtr2	9
1747	1	Rtr2	5
1748	1	Rtr2	10
1749	1	Rtr2	9
1750	1	Rtr2	755
1751	1	Rtr2	1503
1752	1	Rtr2	1512
1753	1	Rtr2	1505
1754	1	Rtr2	768
1755	1	Rtr2	20
1756	1	Rtr2	11
1757	1	Rtr2	11
1758	1	Rtr2	14
1759	1	Rtr2	12
1760	1	Rtr2	16
1761	1	Rtr2	11
1762	1	Rtr2	12
1763	1	Rtr2	14
1764	1	Rtr2	10
1765	1	Rtr2	15
1766	1	Rtr2	8
1767	1	Rtr2	15
1768	1	Rtr2	13
1769	1	Rtr2	10
1770	1	Rtr2	116
1771	1	Rtr2	821
1772	1	Rtr2	1566
1773	1	Rtr2	1577
1774	1	Rtr2	1521
1775	1	Rtr2	772
1776	1	Rtr2	21
1777	1	Rtr2	12
1778	1	Rtr2	10
1779	1	Rtr2	9
1780	1	Rtr2	13
1781	1	Rtr2	17
1782	1	Rtr2	13
1783	1	Rtr2	11
1784	1	Rtr2	14
1785	1	Rtr2	12
1786	1	Rtr2	12
1787	1	Rtr2	14
1788	1	Rtr2	9
1789	1	Rtr2	15
1790	1	Rtr2	10
1791	1	Rtr2	11
1792	1	Rtr2	760
1793	1	Rtr2	1511
1794	1	Rtr2	1522
1795	1	Rtr2	1523
1796	1	Rtr2	777
1797	1	Rtr2	18
1798	1	Rtr2	13
1799	1	Rtr2	10
1800	1	Rtr2	8
1801	1	Rtr2	6
1802	1	Rtr2	12
1803	1	Rtr2	9
1804	1	Rtr2	6
1805	1	Rtr2	12
1806	1	Rtr2	15
1807	1	Rtr2	13
1808	1	Rtr2	12
1809	1	Rtr2	10
1810	1	Rtr2	11
1811	1	Rtr2	11
1812	1	Rtr2	8
1813	1	Rtr2	766
1814	1	Rtr2	1526
1815	1	Rtr2	1533
1816	1	Rtr2	1535
1817	1	Rtr2	782
1818	1	Rtr2	15
1819	1	Rtr2	10
1820	1	Rtr2	9
1821	1	Rtr2	9
1822	1	Rtr2	7
1823	1	Rtr2	12
1824	1	Rtr2	8
1825	1	Rtr2	11
1826	1	Rtr2	8
1827	1	Rtr2	10
1828	1	Rtr2	7
1829	1	Rtr2	12
1830	1	Rtr2	8
1831	1	Rtr2	11
1832	1	Rtr2	8
1833	1	Rtr2	7
1834	1	Rtr2	769
1835	1	Rtr2	1534
1836	1	Rtr2	1541
1837	1	Rtr2	1543
1838	1	Rtr2	784
1839	1	Rtr2	143
1840	1	Rtr2	111
1841	1	Rtr2	113
1842	1	Rtr2	111
1843	1	Rtr2	15
1844	1	Rtr2	9
1845	1	Rtr2	12
1846	1	Rtr2	10
1847	1	Rtr2	12
1848	1	Rtr2	11
1849	1	Rtr2	13
1850	1	Rtr2	9
1851	1	Rtr2	9
1852	1	Rtr2	10
1853	1	Rtr2	10
1854	1	Rtr2	9
1855	1	Rtr2	769
1856	1	Rtr2	1539
1857	1	Rtr2	1547
1858	1	Rtr2	1552
1859	1	Rtr2	786
1860	1	Rtr2	13
1861	1	Rtr2	7
1862	1	Rtr2	10
1863	1	Rtr2	8
1864	1	Rtr2	10
1865	1	Rtr2	6
1866	1	Rtr2	11
1867	1	Rtr2	8
1868	1	Rtr2	9
1869	1	Rtr2	8
1870	1	Rtr2	12
1871	1	Rtr2	9
1872	1	Rtr2	11
1873	1	Rtr2	11
1874	1	Rtr2	9
1875	1	Rtr2	9
1876	1	Rtr2	772
1877	1	Rtr2	1545
1878	1	Rtr2	1561
1879	1	Rtr2	1553
1880	1	Rtr2	789
1881	1	Rtr2	21
1882	1	Rtr2	9
1883	1	Rtr2	10
1884	1	Rtr2	13
1885	1	Rtr2	12
1886	1	Rtr2	9
1887	1	Rtr2	9
1888	1	Rtr2	13
1889	1	Rtr2	10
1890	1	Rtr2	11
1891	1	Rtr2	112
1892	1	Rtr2	68
1893	1	Rtr2	73
1894	1	Rtr2	72
1895	1	Rtr2	12
1896	1	Rtr2	7
1897	1	Rtr2	779
1898	1	Rtr2	1552
1899	1	Rtr2	1560
1900	1	Rtr2	1566
1901	1	Rtr2	796
1902	1	Rtr2	17
1903	1	Rtr2	783
1904	1	Rtr2	1560
1905	1	Rtr2	1569
1906	1	Rtr2	1571
1907	1	Rtr2	797
1908	1	Rtr2	18
1909	1	Rtr2	7
1910	1	Rtr2	9
1911	1	Rtr2	13
1912	1	Rtr2	10
1913	1	Rtr2	12
1914	1	Rtr2	10
1915	1	Rtr2	9
1916	1	Rtr2	8
1917	1	Rtr2	9
1918	1	Rtr2	12
1919	1	Rtr2	9
1920	1	Rtr2	9
1921	1	Rtr2	9
1922	1	Rtr2	8
1923	1	Rtr2	9
1924	1	Rtr2	787
1925	1	Rtr2	1568
1926	1	Rtr2	1577
1927	1	Rtr2	1573
1928	1	Rtr2	802
1929	1	Rtr2	15
1930	1	Rtr2	9
1931	1	Rtr2	11
1932	1	Rtr2	8
1933	1	Rtr2	14
1934	1	Rtr2	9
1935	1	Rtr2	6
1936	1	Rtr2	8
1937	1	Rtr2	108
1938	1	Rtr2	69
1939	1	Rtr2	67
1940	1	Rtr2	68
1941	1	Rtr2	8
1942	1	Rtr2	7
1943	1	Rtr2	7
1944	1	Rtr2	7
1945	1	Rtr2	790
1946	1	Rtr2	1576
1947	1	Rtr2	1587
1948	1	Rtr2	1586
1949	1	Rtr2	806
1950	1	Rtr2	21
1951	1	Rtr2	12
1952	1	Rtr2	10
1953	1	Rtr2	10
1954	1	Rtr2	6
1955	1	Rtr2	10
1956	1	Rtr2	8
1957	1	Rtr2	9
1958	1	Rtr2	6
1959	1	Rtr2	10
1960	1	Rtr2	10
1961	1	Rtr2	6
1962	1	Rtr2	7
1963	1	Rtr2	9
1964	1	Rtr2	7
1965	1	Rtr2	6
1966	1	Rtr2	793
1967	1	Rtr2	1584
1968	1	Rtr2	1592
1969	1	Rtr2	1591
1970	1	Rtr2	809
1971	1	Rtr2	17
1972	1	Rtr2	7
1973	1	Rtr2	11
1974	1	Rtr2	8
1975	1	Rtr2	10
1976	1	Rtr2	8
1977	1	Rtr2	6
1978	1	Rtr2	7
1979	1	Rtr2	10
1980	1	Rtr2	11
1981	1	Rtr2	8
1982	1	Rtr2	8
1983	1	Rtr2	6
1984	1	Rtr2	10
1985	1	Rtr2	10
1986	1	Rtr2	6
1987	1	Rtr2	792
1988	1	Rtr2	1590
1989	1	Rtr2	1602
1990	1	Rtr2	1599
1991	1	Rtr2	814
1992	1	Rtr2	15
1993	1	Rtr2	99
1994	1	Rtr2	60
1995	1	Rtr2	63
1996	1	Rtr2	61
1997	1	Rtr2	6
1998	1	Rtr2	11
1999	1	Rtr2	8
